LigP_ID	query_ID	subject_ID	length	perc_id	q_start	q_end	s_start	s_end	evalue	q_seq	s_seq	start_harbor	end_harbor	end_LG1	start_homolog1	end_homolog1	LG1_distance	start_harbor2	end_harbor2	end_LG2	start_homolog2	end_homolog2	LG2_distance	Ligshift
LigP_97499008_132710987	upstream_LG	downstream_LG	29	89.655	195	223	106	134	4.34e-06	CCGCGGCGGCGCCCGCCCCCCCCCCCCGC	CCGCGGCGCCGCCCCCCCGCCCCCCCCGC	97498709	97499008	97499009	97498904	97498932	76	132710987	132711286	132710988	132711093	132711121	165	89
LigP_102240007_102241276	upstream_LG	downstream_LG	35	85.714	264	298	99	133	6.78e-05	CCCCCCGCCCCCGCCCGGCCGCCGGGGCGGCGCCG	CCCCCGGCCCCCGCCCGCCCCCCGGGCCGCCGCCG	102239708	102240007	102240008	102239972	102240006	1	102241276	102241575	102241277	102241375	102241409	166	165
LigP_131410776_131411671	upstream_LG	downstream_LG	31	87.097	169	199	194	224	6.78e-05	GGCCGCGGCGCGCGCCGGCGCCGGCGGGGGC	GGCCCCGGCGGGCGGCGGCGCGGGCGGGGGC	131410477	131410776	131410777	131410646	131410676	100	131411671	131411970	131411672	131411865	131411895	75	25
LigP_70541214_70561175	upstream_LG	downstream_LG	50	82.0	163	212	214	263	0.000268	CCCGGGCCCCGCCCCCCCCGCCCGGGGCCCCGGCCGGCCGCCGGGGGCCC	CCCGGGCCGCCCCCGCCCCCCCCCGGGCCCCGCCCGGGGGCCCGGGGCCC	70540915	70541214	70541215	70541078	70541127	87	70561175	70561474	70561176	70561389	70561438	36	51
LigP_78965728_78966720	upstream_LG	downstream_LG	31	83.871	9	39	218	248	0.017	GGCCCCGGGCCCCCGCGCGGGGCCCCGCCCG	GGCCCGGGCCCCCGGCGCCGGCCCCCGCCCG	78965429	78965728	78965729	78965438	78965468	260	78966720	78967019	78966721	78966938	78966968	51	209
LigP_660139_680743	upstream_LG	downstream_LG	33	84.848	2	34	24	56	0.001	CGCGGGGCGGCCCCCCCCCCCCCCGCCCCCCCC	CGCGGGGCGGCGGCCCCCGGCCCCGCCGCCCCC	659840	660139	660140	659842	659874	265	680743	681042	680744	680767	680799	243	22
LigP_97498812_127553642	upstream_LG	downstream_LG	29	89.655	160	188	217	245	4.34e-06	GGCGGGGGGGGGGGCGGCGCGCGCCGCGG	GGCGGGGGCGGGGCGGGCGCGCGCCGCGG	97498513	97498812	97498813	97498673	97498701	111	127553642	127553941	127553643	127553859	127553887	54	57
LigP_14878676_14953891	upstream_LG	downstream_LG	37	89.189	264	300	21	57	1.78e-08	GGGGGCCCGGGGGCGCGCGCGCCCGCCCCGCCCCGCC	GGGGGCCCGGGGGCCCGCGCCCGCCCCCCGCCCCGCC	14878377	14878676	14878677	14878641	14878677	-1	14953891	14954190	14953892	14953912	14953948	242	243
LigP_49611877_75534811	upstream_LG	downstream_LG	31	83.871	91	121	128	158	0.017	CCCGCCGCCGCCGCGCGGGCGGGGCGCGCGG	CCCGCCCCCGCCCCCCCGGCGGGGCCCGCGG	49611578	49611877	49611878	49611669	49611699	178	75534811	75535110	75534812	75534939	75534969	141	37
LigP_102241806_102677628	upstream_LG	downstream_LG	32	84.375	39	70	206	237	0.004	GGCCGGGGCGCCCCCGGCCCGCCGCGGCGGGC	GGCCGGGGCCCCCGCGGGCCCCCGCCGCGGGC	102241507	102241806	102241807	102241546	102241577	229	102677628	102677927	102677629	102677834	102677865	62	167
LigP_7666932_8129714	upstream_LG	downstream_LG	34	97.059	9	42	166	199	7.58e-14	CGCGGGGGCGGCGCGCGGGCGGCCCGCGGGGGGG	CGCGGGGGCGGCCCGCGGGCGGCCCGCGGGGGGG	7666633	7666932	7666933	7666642	7666675	257	8129714	8130013	8129715	8129880	8129913	100	157
LigP_8058605_8059982	upstream_LG	downstream_LG	37	83.784	31	67	259	295	0.001	CGGGCCCCCGCCCCGGCCGGGCGGCGGCGGGGCCCCG	CGGGCCCCCCCGCCGGCCCGGCCGCGCCCGGGCCCCG	8058306	8058605	8058606	8058337	8058373	232	8059982	8060281	8059983	8060241	8060277	4	228
LigP_69558831_69880570	upstream_LG	downstream_LG	38	84.211	175	212	39	76	0.000268	GCCCCCCCCCCCCCGCCGGCGCCGGGCCGGGGGCCCCC	GCCCCCGCCGCCCCCCCGCCCCCGGCCCGGGGGCCCCC	69558532	69558831	69558832	69558707	69558744	87	69880570	69880869	69880571	69880609	69880646	223	136
LigP_38011040_38094006	upstream_LG	downstream_LG	29	82.759	152	180	104	132	0.26	CGGGGGGGGGCGGGGGCGGCGGGGCCGCG	CGGGGCGGGCCGCGGGCGCCCGGGCCGCG	38010741	38011040	38011041	38010893	38010921	119	38094006	38094305	38094007	38094110	38094138	167	48
LigP_6542673_14878380	upstream_LG	downstream_LG	31	83.871	84	114	86	116	0.017	CGGGGGGGCGCGGGCCCCGCCCCCGGGGCGC	CGGGGGGCCGGGGGCGCCGCCCGCCGGGCGC	6542374	6542673	6542674	6542458	6542488	185	14878380	14878679	14878381	14878466	14878496	183	2
LigP_13809745_122568010	upstream_LG	downstream_LG	44	88.636	91	134	36	79	2.89e-10	CGGGCCCCCCCCCGCGCGGCCCCGGGCCCCCCCCGGCCGGGCCC	CGGGCCCCCGCCCCCCCGGGCCCGGCCCCCCCCCGGCCGGGCCC	13809446	13809745	13809746	13809537	13809580	165	122568010	122568309	122568011	122568046	122568089	220	55
LigP_92288890_92290867	upstream_LG	downstream_LG	32	84.375	143	174	117	148	0.004	CGCCCCCCGGCCCCGGCCGGGGCGGGCGCCCC	CGCCCCCCCCCCCCGGGGGGGGGGGGCGCCCC	92288591	92288890	92288891	92288734	92288765	125	92290867	92291166	92290868	92290984	92291015	151	26
LigP_133203371_133224748	upstream_LG	downstream_LG	29	82.759	109	137	199	227	0.26	GGGCCCGGCGGGGGGCGCCCGGCCCCCGG	GGGCCCGGGGCGCGGCCCCCGCCCCCCGG	133203072	133203371	133203372	133203181	133203209	162	133224748	133225047	133224749	133224947	133224975	72	90
LigP_100997232_101012741	upstream_LG	downstream_LG	41	85.366	119	159	120	160	4.34e-06	GCCCCGCCCCGCCCCGCCCCGCCGGGCCGGGCCGGGCGGGC	GCCCCGCCCCGCCCCCCCCCGGGGGGGCCGGCCGGGGGGGC	100996933	100997232	100997233	100997052	100997092	140	101012741	101013040	101012742	101012861	101012901	139	1
LigP_100186017_123158495	upstream_LG	downstream_LG	34	85.294	223	256	123	156	0.000268	CGGCCCCCCGGCCGCGCCCCGCCGGCCGGCGGCG	CGGCCCCCCGGGCGCGCCGCCGCGGGCGGCGGCG	100185718	100186017	100186018	100185941	100185974	43	123158495	123158794	123158496	123158618	123158651	143	100
LigP_97498946_97502045	upstream_LG	downstream_LG	36	86.111	50	85	101	136	1.72e-05	CGCGGGGGGGGCCGGCGGGGGGGCCGGGCCCGGCCC	CGCGGGGGGCGCGGGCGGCGGGGCGGGGCCGGGCCC	97498647	97498946	97498947	97498697	97498732	214	97502045	97502344	97502046	97502146	97502181	163	51
LigP_113769308_116271116	upstream_LG	downstream_LG	29	89.655	73	101	36	64	4.34e-06	CCGGGGCGCGGGCGCCCCGGGCCCCCGCC	CCGGGGCGGGGGCGGCCGGGGCCCCCGCC	113769009	113769308	113769309	113769082	113769110	198	116271116	116271415	116271117	116271152	116271180	235	37
LigP_75211056_75213922	upstream_LG	downstream_LG	33	84.848	136	168	59	91	0.001	GGCGGCCGGCGGGGCGGCGGCGGCGGCCCCCCC	GGCGGGCGGCGGGGGGGGCGGGGCGGCCCCCCC	75210757	75211056	75211057	75210893	75210925	131	75213922	75214221	75213923	75213981	75214013	208	77
LigP_14878709_23191121	upstream_LG	downstream_LG	29	86.207	165	193	241	269	0.001	CCGGCGCCCCCCCGGGCGGGGGCGCCGGG	CCGGCGCGGCCCGGGGGGGGGGCGCCGGG	14878410	14878709	14878710	14878575	14878603	106	23191121	23191420	23191122	23191362	23191390	30	76
LigP_132332439_132334742	upstream_LG	downstream_LG	38	84.211	163	200	196	233	0.000268	GCGGCGGCGGGGGGGCGGCGCCCCGGCCCGCCGCGCCC	GCGGCGGCGGGGGGCCCGCCGCCCCGGCCGCCGCGCCC	132332140	132332439	132332440	132332303	132332340	99	132334742	132335041	132334743	132334938	132334975	66	33
LigP_132911275_133133490	upstream_LG	downstream_LG	42	85.714	176	217	204	245	1.1e-06	GGCCCGGCCCCCGCGGGCCCCCGGGGCCGGCCCCCCGCCCCC	GGCCCGGCCCCGGGGGCCCCCCGGGCCGGCCCCCCCGCCCCC	132910976	132911275	132911276	132911152	132911193	82	133133490	133133789	133133491	133133694	133133735	54	28
LigP_14773057_14878343	upstream_LG	downstream_LG	40	80.0	172	211	190	229	1.0	GGGGCCCCCCGGCCCGCCGGGGCCGCGCGCCGCCGGCGCC	GGGGCCCCGCGCCCCGGGGGCGCCCCGCCCCGGCGGCGCC	14772758	14773057	14773058	14772930	14772969	88	14878343	14878642	14878344	14878533	14878572	70	18
LigP_102241694_102245089	upstream_LG	downstream_LG	32	84.375	196	227	27	58	0.004	CCCCGCCCCCCCCCGGCCGCCCCGCCGGGGCC	CCCCGCCCCCCCGCCCGCGCGCCGCCGGGGCC	102241395	102241694	102241695	102241591	102241622	72	102245089	102245388	102245090	102245116	102245147	241	169
LigP_102240694_102241300	upstream_LG	downstream_LG	31	87.097	267	297	233	263	6.78e-05	GCCGCGGGCGCCCCGCCCGGCCCCGGGGCGG	GCCGGGGGCGCCCCGGCCCGCCGCGGGGCGG	102240395	102240694	102240695	102240662	102240692	2	102241300	102241599	102241301	102241533	102241563	36	34
LigP_14878690_45380123	upstream_LG	downstream_LG	29	86.207	198	226	160	188	0.001	GGCGGGGGCGCCGGGCGGGCCCGGCGGGG	GGCGGGGGGGCCGGGCCCGCGCGGCGGGG	14878391	14878690	14878691	14878589	14878617	73	45380123	45380422	45380124	45380283	45380311	111	38
LigP_100711261_102241302	upstream_LG	downstream_LG	36	86.111	21	56	127	162	1.72e-05	GCGGGGGGGGGGCCCGCGCGCGCGCGGGCGGCCCCC	GCGGGGGGGCGGCCCGGGGGCGGGGGGGCGGCCCCC	100710962	100711261	100711262	100710983	100711018	243	102241302	102241601	102241303	102241429	102241464	137	106
LigP_6120234_14878377	upstream_LG	downstream_LG	41	87.805	179	219	207	247	1.78e-08	CCCCCGCCCCCGCCGGGCCCCCCCGGCGGCCCGGCCGGGGG	CCCCCCCCCCCGCCGGGCCCGCCCGGCGCCCCCGCCCGGGG	6119935	6120234	6120235	6120114	6120154	80	14878377	14878676	14878378	14878584	14878624	52	28
LigP_14878676_17923844	upstream_LG	downstream_LG	31	87.097	155	185	144	174	6.78e-05	GGGCGCCGCCGGGGCGGGGCGCCCCCGGGGC	GGGCGCCGGCCGGCCGGGGCGCCCCGGGGGC	14878377	14878676	14878677	14878532	14878562	114	17923844	17924143	17923845	17923988	17924018	125	11
LigP_3172742_3172749	upstream_LG	downstream_LG	29	86.207	204	232	257	285	0.001	CCCCCGGCCCGCCCCGGGCCCCCCCCCCC	CCCCCCGCCCGCGCCGCGCCCCCCGCCCC	3172443	3172742	3172743	3172647	3172675	67	3172749	3173048	3172750	3173006	3173034	14	53
LigP_102241681_102309951	upstream_LG	downstream_LG	40	85.0	224	263	143	182	1.72e-05	GCCGCCCCGCCGGGGCCCCGCCCCCCCCGGCCGCGGGCCC	GCCGCCCCCCCGGCCCGCCGCCCCCGCCGGCGGCGGGCCC	102241382	102241681	102241682	102241606	102241645	36	102309951	102310250	102309952	102310094	102310133	117	81
LigP_79314908_79315466	upstream_LG	downstream_LG	40	82.5	62	101	32	71	0.004	GCCGGGCCCCCCCCCCCCCCGGGCGGGGGCGGGGGGGGCG	GCCGGCCCCCCGCCCGCCCCGCGGGGCGGCGGCGGGGGCG	79314609	79314908	79314909	79314671	79314710	198	79315466	79315765	79315467	79315498	79315537	228	30
LigP_8051417_10232884	upstream_LG	downstream_LG	44	81.818	39	82	38	81	0.004	GGGCGGGGGGGGCCCGCGCGCGGGCGCGCGCCCGGGGGCGCGCG	GGGCGCGGGGGGCGGGCGCGCCGGCGCGGGGCCGGCCGCGCGCG	8051118	8051417	8051418	8051157	8051200	217	10232884	10233183	10232885	10232922	10232965	218	1
LigP_114821979_117292469	upstream_LG	downstream_LG	53	83.019	75	127	187	239	4.34e-06	GCGGGCGGGGCGGGGGGGGGGGGCCCGGGCCGGGCCGCCGCCGCGCCCCGGCC	GCGGGCGGGGGGCGGGCCGGGGGGCCGGGCCGCGCCGGCGCCCCGCGCCGGCC	114821680	114821979	114821980	114821755	114821807	172	117292469	117292768	117292470	117292656	117292708	60	112
LigP_62804866_62805615	upstream_LG	downstream_LG	29	82.759	119	147	158	186	0.26	GGGCCGCGGGCCCCGGCGCGCCCCGCGGG	GGGCCGCGCCCCCCGGGGCGGGCCGCGGG	62804567	62804866	62804867	62804686	62804714	152	62805615	62805914	62805616	62805773	62805801	113	39
LigP_132307803_132352500	upstream_LG	downstream_LG	31	83.871	28	58	2	32	0.017	GCGGCGCGCGGCCCCCGCGCCGCCCCCGCGC	GCGGGGCGCCGCGCCCGCGCCCGCCCCGCGC	132307504	132307803	132307804	132307532	132307562	241	132352500	132352799	132352501	132352502	132352532	267	26
LigP_133084293_133129058	upstream_LG	downstream_LG	31	87.097	109	139	132	162	6.78e-05	GCCGGCCCCCCCGGGGGGGGGGGGGGGCCGC	GCCGGGCCGCCCGGGGGGCCGGGGGGGCCGC	133083994	133084293	133084294	133084103	133084133	160	133129058	133129357	133129059	133129190	133129220	137	23
LigP_78446451_131010191	upstream_LG	downstream_LG	43	83.721	249	291	251	293	6.78e-05	GGGGCCCGGCGCCCGGCCCGGGGGGCGGGGGGCGCGGGGGGGG	GGGGCCGGGCGCGCCGCCCCGGGGGCCGGGGGGCCGGGGGGGG	78446152	78446451	78446452	78446401	78446443	8	131010191	131010490	131010192	131010442	131010484	6	2
LigP_3067275_3067957	upstream_LG	downstream_LG	45	84.444	99	143	18	62	4.34e-06	GCCCCCCCGGGGGGCGCCCCCGGCGCCCCGCCCCGCCCCGCCCCG	GCCCCCCGGGCGGGGGCCCCCGCCGCCGCGCCCCCCCCCCCCCCG	3066976	3067275	3067276	3067075	3067119	156	3067957	3068256	3067958	3067975	3068019	237	81
LigP_132332444_132347392	upstream_LG	downstream_LG	42	83.333	184	225	222	263	0.000268	CCCGCCGCGCCCCGCCGCCCGGCCCCGGCCGCGGCGCCGGCC	CCCGCCGGGCCCCGCCGGGCGCGCCCGGCCCCGGCGCGGGCC	132332145	132332444	132332445	132332329	132332370	74	132347392	132347691	132347393	132347614	132347655	36	38
LigP_96987351_97088508	upstream_LG	downstream_LG	37	86.486	13	49	259	295	4.34e-06	GCGGGCCCCCCCCCCCCCGGCGCCCCCGGCCCCGGCC	GCGGGCCCCCGCGGCCCCGCCGCCCGCGGCCCCGGCC	96987052	96987351	96987352	96987065	96987101	250	97088508	97088807	97088509	97088767	97088803	4	246
LigP_14878053_14878380	upstream_LG	downstream_LG	30	86.667	180	209	239	268	0.000268	GGGCCCCCGGGGCCGCCCCGCGGCCCCCCC	GGGCCCCCGGCGGCGCCCGGCGCCCCCCCC	14877754	14878053	14878054	14877934	14877963	90	14878380	14878679	14878381	14878619	14878648	31	59
LigP_131355628_131410376	upstream_LG	downstream_LG	34	82.353	251	284	114	147	0.065	GGCCGCCGCCCCCGCCCCCCGCCGCGCGGGGCCC	GGCCGCCCCCCCCCCCGCCCCGCGCGGGGGGCCC	131355329	131355628	131355629	131355580	131355613	15	131410376	131410675	131410377	131410490	131410523	152	137
LigP_89251733_89346629	upstream_LG	downstream_LG	33	87.879	260	292	160	192	4.34e-06	CGCCGCGCCCGCGCCCGGCGGCGCCGCGGCGCC	CGCCGCGCGCGCGGCCGGGGGCGCCGCGCCGCC	89251434	89251733	89251734	89251694	89251726	7	89346629	89346928	89346630	89346789	89346821	107	100
LigP_43200313_106173773	upstream_LG	downstream_LG	36	80.556	78	113	86	121	1.0	GCGCCGGGCGGGGCCCGCGCCCGCCCCGCGCGGGGC	GCGCCGGCCCGGCCCCGGGCGCGCCGCGCGCCGGGC	43200014	43200313	43200314	43200092	43200127	186	106173773	106174072	106173774	106173859	106173894	178	8
LigP_132307803_133158370	upstream_LG	downstream_LG	44	81.818	50	93	195	238	0.004	CCCCCGCGCCCGCGCCCGCCGCCCCCCCCGCCGCCGGGCGCCGG	CCCCCGCGCCCGGGCCGCCCGGCGCCGCCGCCGCCCGGGGCCGG	132307504	132307803	132307804	132307554	132307597	206	133158370	133158669	133158371	133158565	133158608	61	145
LigP_100997104_101012154	upstream_LG	downstream_LG	34	82.353	169	202	221	254	0.065	GGCCGGGCGCCGGGCCGGCCGCCGGCGGGGCGCG	GGCCGGGGGCGGGGCGGGCCCCCCCCGGGGCGCG	100996805	100997104	100997105	100996974	100997007	97	101012154	101012453	101012155	101012375	101012408	45	52
LigP_97074851_97075979	upstream_LG	downstream_LG	29	86.207	177	205	242	270	0.001	CCCCCGGGGGCGGGGGGGCCGCCGGGCCC	CCCCCGGCGGCGCCGGGGGCGCCGGGCCC	97074552	97074851	97074852	97074729	97074757	94	97075979	97076278	97075980	97076221	97076249	29	65
LigP_48399632_96090040	upstream_LG	downstream_LG	30	90.0	28	57	141	170	1.1e-06	CCCGCGGGCGGCGGCCGCGGCCCCCGCCGG	CCCGGGGGCGGCCGCCGCGGCCGCCGCCGG	48399333	48399632	48399633	48399361	48399390	242	96090040	96090339	96090041	96090181	96090210	129	113
LigP_14878028_14878380	upstream_LG	downstream_LG	30	86.667	205	234	239	268	0.000268	GGGCCCCCGGGGCCGCCCCGCGGCCCCCCC	GGGCCCCCGGCGGCGCCCGGCGCCCCCCCC	14877729	14878028	14878029	14877934	14877963	65	14878380	14878679	14878381	14878619	14878648	31	34
LigP_68231745_113337266	upstream_LG	downstream_LG	31	83.871	268	298	119	149	0.017	GCCCGCCCGCCCGGGGCCCGCGCGCGGGCCG	GCCCGGCCCCCCGGCGCCCGGGGGCGGGCCG	68231446	68231745	68231746	68231714	68231744	1	113337266	113337565	113337267	113337385	113337415	150	149
LigP_97498989_97517741	upstream_LG	downstream_LG	43	83.721	86	128	90	132	6.78e-05	GCGGCGGCGGCGCGGGCGCCGCGGGCCGGCGGGGGGGGGGGGG	GCGGCGCCGCCGGGGGCCCCGGGGGCCGGCGCGGGCGGGGGGG	97498690	97498989	97498990	97498776	97498818	171	97517741	97518040	97517742	97517831	97517873	167	4
LigP_97498874_97499106	upstream_LG	downstream_LG	39	82.051	63	101	200	238	0.017	CCCGGGGGGCGGGCCGCGGGGCGGGCGCCCGGCCGGGCG	CCCGGGGCCCGGGCGGGGGGGGGGGCGGCCGGCGGGGCG	97498575	97498874	97498875	97498638	97498676	198	97499106	97499405	97499107	97499306	97499344	61	137
LigP_22437592_22841750	upstream_LG	downstream_LG	34	85.294	93	126	238	271	0.000268	CCCCGCCGGGCGGGGCGCGGCGGCCCGGGGGCCG	CCCCGCCGCGCGGGCCGCGGCCCCCGGGGGGCCG	22437293	22437592	22437593	22437386	22437419	173	22841750	22842049	22841751	22841988	22842021	28	145
LigP_132332397_132333061	upstream_LG	downstream_LG	31	83.871	149	179	246	276	0.017	GGGCGCGGCGGGCGGGGCGGGGCGGGCGCGG	GGGCGCGCGGGGGGGGGGGGGGGGGGCGCGG	132332098	132332397	132332398	132332247	132332277	120	132333061	132333360	132333062	132333307	132333337	23	97
LigP_8051457_13441614	upstream_LG	downstream_LG	29	93.103	83	111	245	273	1.78e-08	GCCCCCCGCCCCCCCCCCGGGGGGGCGCG	GCCCCCCCCCCCCCCCCCGGGGGGCCGCG	8051158	8051457	8051458	8051241	8051269	188	13441614	13441913	13441615	13441859	13441887	26	162
LigP_72354309_72354718	upstream_LG	downstream_LG	38	89.474	176	213	99	136	4.51e-09	CCCCGGGGCGGCCCGGGGCGGCGGGCCGGGGCGGGCGC	CCCCGGGGCCGCCCGGGGCGGCCGGCCCGGCCGGGCGC	72354010	72354309	72354310	72354186	72354223	86	72354718	72355017	72354719	72354817	72354854	163	77
LigP_89251740_92452669	upstream_LG	downstream_LG	39	84.615	95	133	160	198	6.78e-05	CCGCCCCGGCCGGCCGGCGGGCGCCCCGGGCCGGCGCCC	CCGCCCCCGCCCGCCGGGGGGCGCGCGGGGCCGCCGCCC	89251441	89251740	89251741	89251536	89251574	166	92452669	92452968	92452670	92452829	92452867	101	65
LigP_133230640_133231302	upstream_LG	downstream_LG	37	83.784	43	79	91	127	0.001	CCCCGGGGGCCCCGCCCCGGGGGCCCGCCCCGCCCGG	CCCCGGGGGCCCCCCGCCCGGCGGCCGCGCCGCCCGG	133230341	133230640	133230641	133230384	133230420	220	133231302	133231601	133231303	133231393	133231429	172	48
LigP_96079827_97498521	upstream_LG	downstream_LG	33	81.818	67	99	113	145	0.26	GGCGCCCCGCCCGCCGCCCGGGCCCCGGCGGGC	GGCGCCCGCCCCGCGGCCCGCCCCCCGGGGGGC	96079528	96079827	96079828	96079595	96079627	200	97498521	97498820	97498522	97498634	97498666	154	46
LigP_46106426_46282587	upstream_LG	downstream_LG	34	82.353	101	134	8	41	0.065	GGGGGGGCGGGGGCCGGGGGGGCGGGGGCGGCGG	GGGGCGGCGGGGGGCCGGGGCGGGGGGGCCGCGG	46106127	46106426	46106427	46106228	46106261	165	46282587	46282886	46282588	46282595	46282628	258	93
LigP_43574485_43605167	upstream_LG	downstream_LG	32	87.5	58	89	151	182	1.72e-05	GCCCGGGCCGGGGCCCGGCCGGGGGGGGGGGG	GCCCGGGCCCCGGGCCGGCCGCGGGGGGGGGG	43574186	43574485	43574486	43574244	43574275	210	43605167	43605466	43605168	43605318	43605349	117	93
LigP_101132218_101136618	upstream_LG	downstream_LG	46	82.609	150	195	174	219	0.000268	GGGCGGGGGGCGGCCGCGGGCGCGCGGGGGGCGGGCCCGCGGGCGG	GGGCGGGGGGCGGCGGGCCGCGCGCGCGCGGGGGGCCGGCGGGCGG	101131919	101132218	101132219	101132069	101132114	104	101136618	101136917	101136619	101136792	101136837	80	24
LigP_131410772_132119970	upstream_LG	downstream_LG	30	83.333	83	112	138	167	0.065	GGGGGGGCCCCGGGCGCGCGCCCGCCGGGG	GGGGGGCCCCCGGCCGCCCCCGCGCCGGGG	131410473	131410772	131410773	131410556	131410585	187	132119970	132120269	132119971	132120108	132120137	132	55
LigP_75402349_75407836	upstream_LG	downstream_LG	29	82.759	184	212	94	122	0.26	GCCCCGCGCGGCGCGGCGCGGCCGCCGGG	GCCCCGGGGGGCGCGGGGCCGCCCCCGGG	75402050	75402349	75402350	75402234	75402262	87	75407836	75408135	75407837	75407930	75407958	177	90
LigP_86632109_86942354	upstream_LG	downstream_LG	29	86.207	62	90	16	44	0.001	GGGGGGGCGCGGGGGGCCGGGCGGGCGCG	GGGGGGGGGCGGGGCCCCCGGCGGGCGCG	86631810	86632109	86632110	86631872	86631900	209	86942354	86942653	86942355	86942370	86942398	255	46
LigP_46284878_47016442	upstream_LG	downstream_LG	43	83.721	70	112	101	143	6.78e-05	CCGCCGGGCCCCGCCCCCCCGGCCGCGCCCGCCCCCGGGGCGG	CCGCCGCGCCCGCCCCCCCCGCCGGCGCGCGCCCCCCGGGCGG	46284579	46284878	46284879	46284649	46284691	187	47016442	47016741	47016443	47016543	47016585	156	31
LigP_22319190_22437224	upstream_LG	downstream_LG	30	86.667	54	83	56	85	0.000268	CCCCCCCCGCCCCGGGGCGCCGGCCCCCCG	CCCCCCCCGCGCCGGGGGGCGGGGCCCCCG	22318891	22319190	22319191	22318945	22318974	216	22437224	22437523	22437225	22437280	22437309	214	2
LigP_132332417_132333678	upstream_LG	downstream_LG	42	85.714	53	94	223	264	1.1e-06	GCCGCGCCGGCCGGGCGGCCCCCGCCGCCGGGCCGCCGCCCC	GCCGCCCCCGCCGGCCGGCCCCCGCCGCGGGCCCCCCGCCCC	132332118	132332417	132332418	132332171	132332212	205	132333678	132333977	132333679	132333901	132333942	35	170
LigP_47339931_71342374	upstream_LG	downstream_LG	35	85.714	235	269	149	183	6.78e-05	CCCGGCGGCCCGGGCCCCCGGGGGGCGCCCGGGCC	CCCGGCGGCCCCGCCCCCCCGGGCGGGCCCGGGCC	47339632	47339931	47339932	47339867	47339901	30	71342374	71342673	71342375	71342523	71342557	116	86
LigP_4942407_5412191	upstream_LG	downstream_LG	29	89.655	3	31	181	209	4.34e-06	GGGGCCCCGCGCCCCCCCGGCGGCCCGCC	GGGGCCCGGCGCCCCCCCCGCCGCCCGCC	4942108	4942407	4942408	4942111	4942139	268	5412191	5412490	5412192	5412372	5412400	90	178
LigP_47339963_47340372	upstream_LG	downstream_LG	41	85.366	206	246	1	41	4.34e-06	GGCGGCCCGGGCCCCCGGGGGGCGCCCGGGCCGCCCCGCCC	GGCGGCCCGCGCCCGGGGGGGGCGCGCGGGCGGCGCCGCCC	47339664	47339963	47339964	47339870	47339910	53	47340372	47340671	47340373	47340373	47340413	258	205
LigP_131409415_131410408	upstream_LG	downstream_LG	29	86.207	114	142	272	300	0.001	GCCCGGGGCCGCCGGCGCCGCGCGGCGCC	GCCCGGGGGCGGCGCCGCCGCCCGGCGCC	131409116	131409415	131409416	131409230	131409258	157	131410408	131410707	131410409	131410680	131410708	-1	158
LigP_75211029_75211156	upstream_LG	downstream_LG	41	80.488	106	146	159	199	0.26	GCCCCGCCCCCCGGCCGCCGGGGCCGCGGCCCGGCCGCGGG	GCCCGGCCCCCCCCCCGCGGGGGGGGCGGCCGGGCGGCGGG	75210730	75211029	75211030	75210836	75210876	153	75211156	75211455	75211157	75211315	75211355	100	53
LigP_78965013_78966719	upstream_LG	downstream_LG	43	83.721	119	161	160	202	6.78e-05	GCCGGGCCCCCGGCGCCCGCGCGCGGGCGCGGGCGCGGGCGGG	GCCGGGCCCCCCGGGGCCCCCCGCGGGCGGGGGGGCGGGCGGG	78964714	78965013	78965014	78964833	78964875	138	78966719	78967018	78966720	78966879	78966921	97	41
LigP_14878673_17923844	upstream_LG	downstream_LG	31	87.097	158	188	144	174	6.78e-05	GGGCGCCGCCGGGGCGGGGCGCCCCCGGGGC	GGGCGCCGGCCGGCCGGGGCGCCCCGGGGGC	14878374	14878673	14878674	14878532	14878562	111	17923844	17924143	17923845	17923988	17924018	125	14
LigP_77403745_77406905	upstream_LG	downstream_LG	29	86.207	101	129	168	196	0.001	CCCCCCCCCCCCCCCCGGGGCGGCGGGGG	CCCCCCCGCCCGCCGCGGGGCGGCCGGGG	77403446	77403745	77403746	77403547	77403575	170	77406905	77407204	77406906	77407073	77407101	103	67
LigP_132332384_132458320	upstream_LG	downstream_LG	30	90.0	194	223	22	51	1.1e-06	CGGCCCGCCGGGCCCCCGGGGCGGGCGGCG	CGGCCGGCCGGGCCGCCCGGGCGGGCGGCG	132332085	132332384	132332385	132332279	132332308	76	132458320	132458619	132458321	132458342	132458371	248	172
LigP_62804944_62812858	upstream_LG	downstream_LG	30	83.333	35	64	263	292	0.065	GGGGCCGGGCCGCGGGCCCCGGCGCGCCCC	GGGGCCGCGCGGCGGGCGCCGCCGCCCCCC	62804645	62804944	62804945	62804680	62804709	235	62812858	62813157	62812859	62813121	62813150	7	228
LigP_75211035_75211232	upstream_LG	downstream_LG	41	80.488	100	140	83	123	0.26	GCCCCGCCCCCCGGCCGCCGGGGCCGCGGCCCGGCCGCGGG	GCCCGGCCCCCCCCCCGCGGGGGGGGCGGCCGGGCGGCGGG	75210736	75211035	75211036	75210836	75210876	159	75211232	75211531	75211233	75211315	75211355	176	17
LigP_133077794_133087705	upstream_LG	downstream_LG	36	88.889	142	177	51	86	7.04e-08	GCCGCCCCGCGGCGCGCGCGCGGGGGGCCGCCCCGC	GCCGCGCCGCGGGGCGCGCCCGGGGGGGCGCCCCGC	133077495	133077794	133077795	133077637	133077672	122	133087705	133088004	133087706	133087756	133087791	213	91
LigP_8051430_29448053	upstream_LG	downstream_LG	30	86.667	54	83	83	112	0.000268	CGCCCGGGGGCGCGCGCGGCGGCCCGGCCC	CGCCCCGGGGCGCGGCCGGCGGCGCGGCCC	8051131	8051430	8051431	8051185	8051214	216	29448053	29448352	29448054	29448136	29448165	187	29
LigP_14878679_14882530	upstream_LG	downstream_LG	37	83.784	203	239	162	198	0.001	CCCCCGGGCGGGGGCGCCGGGCGGGCCCGGCGGGGGG	CCCCCGGCGGGGGGCGGGGGGCGGGCGGGGCGGGGGG	14878380	14878679	14878680	14878583	14878619	60	14882530	14882829	14882531	14882692	14882728	101	41
LigP_97772148_97775046	upstream_LG	downstream_LG	36	83.333	173	208	14	49	0.004	GGGGCCCCGGCCCGGGCCCCGCCGCGCGCCCCGGCC	GGGGCCCCCGGCCGGCCCCCCCCGCCCGCCGCGGCC	97771849	97772148	97772149	97772022	97772057	91	97775046	97775345	97775047	97775060	97775095	250	159
LigP_135264_135633	upstream_LG	downstream_LG	29	86.207	190	218	117	145	0.001	CCGCCGCCCGCCCCGGCCCCGCGGGCCCG	CCGCCGCCCCCGCGGGCCCCGCCGGCCCG	134965	135264	135265	135155	135183	81	135633	135932	135634	135750	135778	154	73
LigP_128985274_129041781	upstream_LG	downstream_LG	30	83.333	255	284	101	130	0.065	GCGCCGGCCGGCCCCGGGGCCGCGGGGCCC	GCGCCCGCCGGCGCCCCGGCCGCGGCGCCC	128984975	128985274	128985275	128985230	128985259	15	129041781	129042080	129041782	129041882	129041911	169	154
LigP_102241612_102352032	upstream_LG	downstream_LG	37	81.081	146	182	26	62	0.26	CCCCGCCCGGGCGCCCCCGGGCCCCCGGGGGGGGCGG	CCCCCCCCGGGCCCCCGCGGCCGCGCGGGGCGGGCGG	102241313	102241612	102241613	102241459	102241495	117	102352032	102352331	102352033	102352058	102352094	237	120
LigP_132307901_132351170	upstream_LG	downstream_LG	49	81.633	232	280	54	102	0.001	CCGCCGGGCCCGGGCGCGCGCGGCGGCCGGGGCCCGGGGCGCGGCCGGC	CCGCCCGGCCCGGGCGGGGGCGCCCGCGGGGGCGGGGGGCCCGGCCGGC	132307602	132307901	132307902	132307834	132307882	19	132351170	132351469	132351171	132351224	132351272	197	178
LigP_97498874_97499105	upstream_LG	downstream_LG	39	82.051	63	101	201	239	0.017	CCCGGGGGGCGGGCCGCGGGGCGGGCGCCCGGCCGGGCG	CCCGGGGCCCGGGCGGGGGGGGGGGCGGCCGGCGGGGCG	97498575	97498874	97498875	97498638	97498676	198	97499105	97499404	97499106	97499306	97499344	60	138
LigP_79379346_79379622	upstream_LG	downstream_LG	29	86.207	105	133	1	29	0.001	CCCCCGCCCCCCCCGCCCGGGGCGCCCCC	CCCCCGGCCCCCCGGCCCCGCGCGCCCCC	79379047	79379346	79379347	79379152	79379180	166	79379622	79379921	79379623	79379623	79379651	270	104
LigP_43105592_51960014	upstream_LG	downstream_LG	45	82.222	93	137	88	132	0.001	GGCCCCGCCCCGGGGGGCGGGGGCCGGGGCGGGGCCCGGGGGCCC	GGCCCGGCCCGGGGGGGGGGGGGGGGGGCCGGGGCGGGGGGGCCC	43105293	43105592	43105593	43105386	43105430	162	51960014	51960313	51960015	51960102	51960146	167	5
LigP_110807740_110875319	upstream_LG	downstream_LG	37	83.784	26	62	5	41	0.001	GCCCCCCGCCGGGGGCGCCCCCGGGGGGGGGGGCCCG	GCCCCCCCCCGGCGGCGCCGCCCGCGCGGGGGGCCCG	110807441	110807740	110807741	110807467	110807503	237	110875319	110875618	110875320	110875324	110875360	258	21
LigP_89302971_89305447	upstream_LG	downstream_LG	49	81.633	207	255	30	78	0.001	CCCCGGGGCCCCGCGCCGCCGGCCCCCGCGCCCGCCCCCCGCGGGGCGC	CCCCGGCGCCCCGCCGCGGCGGCCCCGGCCCCCCGCCCCCCCGGGGCGC	89302672	89302971	89302972	89302879	89302927	44	89305447	89305746	89305448	89305477	89305525	221	177
LigP_46106338_46282517	upstream_LG	downstream_LG	34	82.353	189	222	78	111	0.065	GGGGGGGCGGGGGCCGGGGGGGCGGGGGCGGCGG	GGGGCGGCGGGGGGCCGGGGCGGGGGGGCCGCGG	46106039	46106338	46106339	46106228	46106261	77	46282517	46282816	46282518	46282595	46282628	188	111
LigP_3721790_14878391	upstream_LG	downstream_LG	32	84.375	107	138	29	60	0.004	CGCGGCCCCGGCGGCCGGGGCCGCCCGCCCCC	CGCGGCCCCGCGGGCCGCGGCCGGCCCCCCCC	3721491	3721790	3721791	3721598	3721629	161	14878391	14878690	14878392	14878420	14878451	239	78
LigP_8051464_8058890	upstream_LG	downstream_LG	35	88.571	59	93	196	230	2.78e-07	GGGGGGGGCCCGGCCCCGCCCCCCGCCCCCCCCCC	GGGGGGGGCGCGGCCCCGCCCCCGCCCGCCCCCCC	8051165	8051464	8051465	8051224	8051258	206	8058890	8059189	8058891	8059086	8059120	69	137
LigP_47339865_48194521	upstream_LG	downstream_LG	44	84.091	37	80	100	143	1.72e-05	CGCCCCCCGCCGCCCGGCCGCGCCCCGCGCCCCCCGCCCCCCGC	CGCCCCCCGGCGCCCCGCGGGCCCCCGGGCCCCCCCCCCCCCGC	47339566	47339865	47339866	47339603	47339646	219	48194521	48194820	48194522	48194621	48194664	156	63
LigP_62804874_67874332	upstream_LG	downstream_LG	37	86.486	109	145	247	283	4.34e-06	CCGGGCCGCGGGCCCCGGCGCGCCCCGCGGGGCCCCC	CCGGGCCGCCGGCCCCGCCGCGGCCCCCGGGCCCCCC	62804575	62804874	62804875	62804684	62804720	154	67874332	67874631	67874333	67874579	67874615	16	138
LigP_69572285_69572743	upstream_LG	downstream_LG	39	84.615	2	40	132	170	6.78e-05	GGGCCGCGCCGGGGGGGGGGCGGCGGGGGGCCGGGGGGC	GGGCCGCGCGGGGGCGGGGGGGGGGGGCCGCCGGGGGGC	69571986	69572285	69572286	69571988	69572026	259	69572743	69573042	69572744	69572875	69572913	129	130
LigP_47339912_47340393	upstream_LG	downstream_LG	30	83.333	79	108	212	241	0.065	CCGGGCGGGCGGGCCCGGCCCCGCCCCCCG	CCGGGCGGGGGGGCGGGGGCCCCCCCCCCG	47339613	47339912	47339913	47339692	47339721	191	47340393	47340692	47340394	47340605	47340634	58	133
