LigP_ID	query_ID	subject_ID	length	perc_id	q_start	q_end	s_start	s_end	evalue	q_seq	s_seq	start_harbor	end_harbor	end_LG1	start_homolog1	end_homolog1	LG1_distance	start_harbor2	end_harbor2	end_LG2	start_homolog2	end_homolog2	LG2_distance	Ligshift
LigP_6494941_6554274	upstream_LG	downstream_LG	29	86.207	223	251	120	148	0.001	GCCCCCGCCGGCCGGCGCCGGCGCCGGCC	GCCCCCGGCCGCCGGCCCCGCCGCCGGCC	6494642	6494941	6494942	6494865	6494893	48	6554274	6554573	6554275	6554394	6554422	151	103
LigP_6146639_16644449	upstream_LG	downstream_LG	38	84.211	260	297	168	205	0.000268	GGCCCGGGGGGGCCCGGGGCCCGCCGGGCCCCGGGCCC	GGCCCGGGGCGGGCGGGGGGCGGCGGGGCCCCGGGCCC	6146340	6146639	6146640	6146600	6146637	2	16644449	16644748	16644450	16644617	16644654	94	92
LigP_16523037_16644480	upstream_LG	downstream_LG	32	90.625	144	175	3	34	7.04e-08	CGGGCGCCCCGGGGCCGGGGGCGGGGCGGGGG	CGGGCCCCCCGGGGCCCGGGGCCGGGCGGGGG	16522738	16523037	16523038	16522882	16522913	124	16644480	16644779	16644481	16644483	16644514	265	141
LigP_16643072_16644484	upstream_LG	downstream_LG	32	84.375	71	102	151	182	0.004	CGCGGCGCCCGGGCCGCGGGCCGGGGGGGGGG	CGCGGCGGCCGGGGCCCGGGGCGGGCGGGGGG	16642773	16643072	16643073	16642844	16642875	197	16644484	16644783	16644485	16644635	16644666	117	80
LigP_16643081_16644480	upstream_LG	downstream_LG	32	84.375	62	93	155	186	0.004	CGCGGCGCCCGGGCCGCGGGCCGGGGGGGGGG	CGCGGCGGCCGGGGCCCGGGGCGGGCGGGGGG	16642782	16643081	16643082	16642844	16642875	206	16644480	16644779	16644481	16644635	16644666	113	93
LigP_26500748_26531228	upstream_LG	downstream_LG	30	83.333	246	275	203	232	0.065	CCCGGCCCGGCCCGGGCCCGCGCCCGCCCC	CCCGGCCCCCCCCGGCCCCGCCCCCCCCCC	26500449	26500748	26500749	26500695	26500724	24	26531228	26531527	26531229	26531431	26531460	67	43
LigP_227541505_227743231	upstream_LG	downstream_LG	32	84.375	174	205	160	191	0.004	CGGGGGGCCCGGGGCGGGCCCCCCCCGCCCGG	CGGGGGGCCCCGCGGGGGCCCGCCCCGGCCGG	227541206	227541505	227541506	227541380	227541411	94	227743231	227743530	227743232	227743391	227743422	108	14
LigP_16607812_16644484	upstream_LG	downstream_LG	34	88.235	105	138	109	142	1.1e-06	CCCCGGGCCCGGCGCCGCCCGCCCGCCCCCCCCG	CCCCGGGCCCGGCGGGCCCCGGCCGCCCCCCCCG	16607513	16607812	16607813	16607618	16607651	161	16644484	16644783	16644485	16644593	16644626	157	4
LigP_109041870_150363862	upstream_LG	downstream_LG	41	85.366	203	243	155	195	4.34e-06	GCCGGGCGGCGGCGGGGGGCGGCGGGCGGCCGCGGCGGCCC	GCCGGCCGGGGGCGGGGGGCCGCGGGCGCGCGCGGGGGCCC	109041571	109041870	109041871	109041774	109041814	56	150363862	150364161	150363863	150364017	150364057	104	48
LigP_178538256_178542382	upstream_LG	downstream_LG	31	83.871	190	220	139	169	0.017	GGGGGGGGCGGGGCCGGGGCGGGGCGGGGGG	GGGGCGGGCCGGGCCCCGGCGGGGGGGGGGG	178537957	178538256	178538257	178538147	178538177	79	178542382	178542681	178542383	178542521	178542551	130	51
LigP_211133793_211134057	upstream_LG	downstream_LG	36	86.111	14	49	140	175	1.72e-05	GGCGGGCGGCGCCGGCGGGGCGCGCGCCGCCGCCCC	GGCGGGGGGCGCCGCCGGCCCGGGCGCCGCCGCCCC	211133494	211133793	211133794	211133508	211133543	250	211134057	211134356	211134058	211134197	211134232	124	126
LigP_16644871_16691305	upstream_LG	downstream_LG	30	90.0	48	77	227	256	1.1e-06	CCCGGGGCCCCGCCGCCCCCCGCCCGCCCC	CCCGGGCCCCGGCCGCCCCCCCCCCGCCCC	16644572	16644871	16644872	16644620	16644649	222	16691305	16691604	16691306	16691532	16691561	43	179
LigP_33256094_33422613	upstream_LG	downstream_LG	39	84.615	51	89	1	39	6.78e-05	GGGCGGCCGCCCCCGGGGGGGGCCCCCGGGGGCGGCCCG	GGGCCGCCCCCCCGGGGGCGGGGCGCCGGGGGCGGCCCG	33255795	33256094	33256095	33255846	33255884	210	33422613	33422912	33422614	33422614	33422652	260	50
LigP_817644_827206	upstream_LG	downstream_LG	39	84.615	66	104	83	121	6.78e-05	GGCCCGCCCCCGGCCCGCCGCGGCCGGGCCCGCGCCCGG	GGCCCGCCGCCCGGCCGCCGGGCCCGCGCCCGCGCCCGG	817345	817644	817645	817411	817449	195	827206	827505	827207	827289	827327	178	17
LigP_15761996_16644480	upstream_LG	downstream_LG	33	81.818	171	203	137	169	0.26	GGGGCGGGGCGGGGGGGGGGGCGCCCCCGGCCC	GGGGCGGGCGGGGGGCGGCGGGGCCCCGGGCCC	15761697	15761996	15761997	15761868	15761900	96	16644480	16644779	16644481	16644617	16644649	130	34
LigP_6394370_6448517	upstream_LG	downstream_LG	37	83.784	141	177	117	153	0.001	GGCCGGCCGGGGCCGCCGGGGGGGGCCCGCCGGGGGG	GGCCCGCCGCGGCCGCCGCGGGGGCCCGGCCGCGGGG	6394071	6394370	6394371	6394212	6394248	122	6448517	6448816	6448518	6448634	6448670	146	24
LigP_109283429_109335652	upstream_LG	downstream_LG	31	87.097	259	289	10	40	6.78e-05	GGCGGGGCGCGGCCGGCCGGGGGGGGGGGGG	GGCGGGCCCCGGCGGGCGGGGGGGGGGGGGG	109283130	109283429	109283430	109283389	109283419	10	109335652	109335951	109335653	109335662	109335692	259	249
LigP_16644913_87466402	upstream_LG	downstream_LG	47	80.851	201	247	25	71	0.017	CCGGGCCGCCCCGGGCCCCGGCCCCGCCGGGGGGCCCCGCCGCCCCC	CCGGGCCCCCCCCGGCCCCCGCGCCCCGGCGGGGCCCCCCCCCCCCC	16644614	16644913	16644914	16644815	16644861	52	87466402	87466701	87466403	87466427	87466473	228	176
LigP_47416940_230292843	upstream_LG	downstream_LG	30	86.667	144	173	34	63	0.000268	GGCGGCGGCCCCCCGCGGCGCCGCGGGCGC	GGCGGCGGCCCCCGGGGGGGCCGCCGGCGC	47416641	47416940	47416941	47416785	47416814	126	230292843	230293142	230292844	230292877	230292906	236	110
LigP_16604017_16644475	upstream_LG	downstream_LG	30	90.0	230	259	140	169	1.1e-06	GGGCGGGGGGCCGCGCGGCCCCGGGGCCGG	GGGCGGGGGGCGGCGGGGCCCCGGGCCCGG	16603718	16604017	16604018	16603948	16603977	40	16644475	16644774	16644476	16644615	16644644	130	90
LigP_16644772_156784912	upstream_LG	downstream_LG	35	91.429	135	169	184	218	1.14e-09	GGGCCCGCCGGGCCCGGGGCCCCGCCGCCCCCCGC	GGGCCCCCCCGGCCCGGGGCGCCGCCGCCCCCCGC	16644473	16644772	16644773	16644608	16644642	130	156784912	156785211	156784913	156785096	156785130	81	49
LigP_226579129_230642127	upstream_LG	downstream_LG	46	82.609	87	132	190	235	0.000268	CGGCCGGGGGCGGGGCCGCGCCCCGGGGGGGGGCCCCGGGGGGCCG	CGGCGGGGGGCGGCGCCGCGGCCCCGCGCGGGCCCCCGCGGGGCCG	226578830	226579129	226579130	226578917	226578962	167	230642127	230642426	230642128	230642317	230642362	64	103
LigP_211133704_224087402	upstream_LG	downstream_LG	36	86.111	75	110	9	44	1.72e-05	CCCGGGGGCCCCGGGGCCCCCGCGGGGGGGCGGGCG	CCCGGGGGGCCCGGGCCCCGCGGCGGGGGGCGGGCG	211133405	211133704	211133705	211133480	211133515	189	224087402	224087701	224087403	224087411	224087446	255	66
LigP_16613039_16644492	upstream_LG	downstream_LG	33	87.879	185	217	117	149	4.34e-06	CGGGGGCCGGCGGGGGCCCCGGCCCCGCGGGCC	CGGGGGGCGGCGGGGCCCCGGGCCCGGCGGGCC	16612740	16613039	16613040	16612925	16612957	82	16644492	16644791	16644493	16644609	16644641	150	68
LigP_16644792_16646156	upstream_LG	downstream_LG	33	84.848	192	224	50	82	0.001	GCCCGGCCCCCCGGCCGCGGCGCCCGCCCGGGG	GCCCGGCCCCCCCGCGCGGGCGCCCGCCGGGGG	16644493	16644792	16644793	16644685	16644717	75	16646156	16646455	16646157	16646206	16646238	217	142
LigP_13762911_16644441	upstream_LG	downstream_LG	57	82.456	28	84	43	99	4.34e-06	GGGGCCCCGGCCCGGGGGCGGCGCGGGGCGGCCCCCGGGGGCCGGCGCCGGGGGGGG	GGGGCCCCGGGCGGGGGCCGGCCCGGCGGGCCCCCCGGGGCCCGGGGCCGGGCGGGG	13762612	13762911	13762912	13762640	13762696	215	16644441	16644740	16644442	16644484	16644540	200	15
LigP_47416927_66303908	upstream_LG	downstream_LG	32	87.5	15	46	48	79	1.72e-05	CGGCGGCCCGCGCGGGCGGCGGGGCGGCGCCC	CGGCGGCGCGCCCCGGCGGCGCGGCGGCGCCC	47416628	47416927	47416928	47416643	47416674	253	66303908	66304207	66303909	66303956	66303987	220	33
LigP_3531313_36911634	upstream_LG	downstream_LG	32	84.375	214	245	49	80	0.004	GGCCCCGGGGCGCCCCCGCGGCCCGGCGGGCC	GGCCCCCGGCCGCCCCCCCGGCGCGGCCGGCC	3531014	3531313	3531314	3531228	3531259	54	36911634	36911933	36911635	36911683	36911714	219	165
LigP_16644706_16644872	upstream_LG	downstream_LG	31	87.097	154	184	89	119	6.78e-05	CGGGCGCCCCCGCGGCGGGCCGGGCCGGGCC	CGGGCGCCCCCGGGGCCGCCCGGGCGGGGCC	16644407	16644706	16644707	16644561	16644591	115	16644872	16645171	16644873	16644961	16644991	180	65
LigP_211133813_211133943	upstream_LG	downstream_LG	31	87.097	17	47	251	281	6.78e-05	GCGCCGCCGCCCCGGCCGCGGCCGGCCCCCC	GCGCCGCCGGCCCGGGCGCCGCCGCCCCCCC	211133514	211133813	211133814	211133531	211133561	252	211133943	211134242	211133944	211134194	211134224	18	234
LigP_16725206_19446013	upstream_LG	downstream_LG	30	83.333	243	272	260	289	0.065	GGGGCGGGGCCCGCGCCCCCGGGGGGGCGG	GGGGCGGCCCCCGGGCCCCCGCCGGGGCGG	16724907	16725206	16725207	16725150	16725179	27	19446013	19446312	19446014	19446273	19446302	10	17
LigP_6784325_6785116	upstream_LG	downstream_LG	55	83.636	183	237	213	267	2.78e-07	CCGCCCCCGGCGCCGCCCGCCCGGGGGCGGGGCCCCCCGCCCCCCCCGGGGGGGG	CCGCCCCCGCCGCCGGCCGCCCCGCGCCGGGGGCCCCGCCGCCCCCCGGGGGGGG	6784026	6784325	6784326	6784209	6784263	62	6785116	6785415	6785117	6785329	6785383	32	30
LigP_16725282_119301548	upstream_LG	downstream_LG	48	83.333	101	148	249	296	1.72e-05	CCCGCGGCCCCCGGGGGGGCGCGGGGGGCCGGGGGCCCCGGCGGCCGG	CCCGCGGGCCCCGGGCGGGGGGGCGCGGGCGGGGGCGCCGGCGGCCGG	16724983	16725282	16725283	16725084	16725131	151	119301548	119301847	119301549	119301797	119301844	3	148
LigP_16643133_16644485	upstream_LG	downstream_LG	32	84.375	10	41	150	181	0.004	CGCGGCGCCCGGGCCGCGGGCCGGGGGGGGGG	CGCGGCGGCCGGGGCCCGGGGCGGGCGGGGGG	16642834	16643133	16643134	16642844	16642875	258	16644485	16644784	16644486	16644635	16644666	118	140
LigP_17388485_17388960	upstream_LG	downstream_LG	42	83.333	31	72	23	64	0.000268	GGGCCCGGGCGCCGGGGGCGGGGGCGGCCGGGCCGCCCCGGC	GGGCCCGGGCGGCCCGGGCGGGGGGGCCCCGGCCCCCCCGGC	17388186	17388485	17388486	17388217	17388258	227	17388960	17389259	17388961	17388983	17389024	235	8
LigP_3346649_4735588	upstream_LG	downstream_LG	34	82.353	25	58	228	261	0.065	GGGGGGGCCGGGGCCCCGGGCGGGGCGCGGGGGC	GGGGGGGGCCGGCCCCGGGGCCGGGGGCGGGGGC	3346350	3346649	3346650	3346375	3346408	241	4735588	4735887	4735589	4735816	4735849	38	203
LigP_16617404_16644509	upstream_LG	downstream_LG	33	90.909	235	267	49	81	1.78e-08	GCCCGGCCCCGCCCGCCGCCGCGGCGCCCGCGG	GCCCGGCCCGGCCCGCCGCGGGGGCGCCCGCGG	16617105	16617404	16617405	16617340	16617372	32	16644509	16644808	16644510	16644558	16644590	218	186
LigP_16608263_16644486	upstream_LG	downstream_LG	32	84.375	254	285	179	210	0.004	GGGGGGCGGGGGGGGGGGCGCGGGCCCGGCCG	GGGGGGCCGGGCGGGCGCCGCGGGCCGGGCCG	16607964	16608263	16608264	16608218	16608249	14	16644486	16644785	16644487	16644665	16644696	89	75
LigP_16645029_16654840	upstream_LG	downstream_LG	29	82.759	187	215	245	273	0.26	CCGGCCGGGGCCCCCGGGCCGCCCGCCCC	CCGGCCGGCCCCCCCGCGCCCCCCCCCCC	16644730	16645029	16645030	16644917	16644945	84	16654840	16655139	16654841	16655085	16655113	26	58
LigP_21842069_21842921	upstream_LG	downstream_LG	37	86.486	223	259	25	61	4.34e-06	CCCGGCCCGCCCCCCGGCCCCCGGCCCCGGGCCCCCC	CCCGGCCCCCGCCCCGGCCCCCGGGGCCCGGCCCCCC	21841770	21842069	21842070	21841993	21842029	40	21842921	21843220	21842922	21842946	21842982	238	198
LigP_16593368_16859502	upstream_LG	downstream_LG	32	87.5	187	218	74	105	1.72e-05	GCCGGCCGGCGGCCCCCGGCGCCGCGGCGGGG	GCCGGCCCGCGGCCCCCCCCCCCGCGGCGGGG	16593069	16593368	16593369	16593256	16593287	81	16859502	16859801	16859503	16859576	16859607	194	113
LigP_2520323_2520358	upstream_LG	downstream_LG	32	90.625	231	262	197	228	7.04e-08	GGGCCCCCGGGGGGGGGGGGCGGGCGCCCCCG	GGGCCCCCGCGGGGGGGGCGCCGGCGCCCCCG	2520024	2520323	2520324	2520255	2520286	37	2520358	2520657	2520359	2520555	2520586	71	34
LigP_16644734_16644870	upstream_LG	downstream_LG	31	87.097	126	156	91	121	6.78e-05	CGGGCGCCCCCGCGGCGGGCCGGGCCGGGCC	CGGGCGCCCCCGGGGCCGCCCGGGCGGGGCC	16644435	16644734	16644735	16644561	16644591	143	16644870	16645169	16644871	16644961	16644991	178	35
LigP_16643006_16644487	upstream_LG	downstream_LG	36	80.556	24	59	176	211	1.0	CCGGCGGGGCGGGGGGGGGCCGCCCGCCCGGCCGCG	CCGGGGGGCCGGGCGGGCGCCGCGGGCCGGGCCGCG	16642707	16643006	16643007	16642731	16642766	240	16644487	16644786	16644488	16644663	16644698	88	152
LigP_2475339_5132852	upstream_LG	downstream_LG	31	83.871	165	195	50	80	0.017	CCCGCCGGGGCGCCCGGCCCCGGCGCCCCCC	CCCGCCCGGGCCCCGGGCGCCCGCGCCCCCC	2475040	2475339	2475340	2475205	2475235	104	5132852	5133151	5132853	5132902	5132932	219	115
LigP_205430407_205430477	upstream_LG	downstream_LG	30	90.0	167	196	63	92	1.1e-06	CGGCCCCCCCCCCCCCGGGGGGGGCCGCGC	CGGCCCCCCCCCGCCCCGCGGGGGCCGCGC	205430108	205430407	205430408	205430275	205430304	103	205430477	205430776	205430478	205430540	205430569	207	104
LigP_5995457_16644450	upstream_LG	downstream_LG	30	86.667	201	230	125	154	0.000268	CCGCCCCCCGCCCGCCCGGGCCCGGCCCGC	CCGCCCCCCCCGCGGCCCGGCCCGGCCCGC	5995158	5995457	5995458	5995359	5995388	69	16644450	16644749	16644451	16644575	16644604	145	76
LigP_2475350_2479474	upstream_LG	downstream_LG	34	88.235	267	300	242	275	1.1e-06	CGGGGCCGGCGGGGCCCGGGCGGCGGGCGGGGGG	CGGGGCCGGCGGGGGCCGCGGGGCGGGGGGGGGG	2475051	2475350	2475351	2475318	2475351	-1	2479474	2479773	2479475	2479716	2479749	24	25
LigP_28756_199686	upstream_LG	downstream_LG	32	84.375	164	195	24	55	0.004	CCCGGGCCCCCCCCGGGCGGCGGGGCCCGCGC	CCCGGGGCCGCCCCCGGCCGGGGGGCCCGCGC	28457	28756	28757	28621	28652	104	199686	199985	199687	199710	199741	244	140
LigP_39955347_39955516	upstream_LG	downstream_LG	29	82.759	176	204	218	246	0.26	GGGGGGCGGCGGCCCGCGGGGCGGGGGGG	GGGGGGCGGGGGGCGGGGGGCCGGGGGGG	39955048	39955347	39955348	39955224	39955252	95	39955516	39955815	39955517	39955734	39955762	53	42
LigP_2238119_2238116	upstream_LG	downstream_LG	30	83.333	1	30	64	93	0.065	CCGCCCCGCGGGGCGCGCGCGGGCGCCCCG	CCGCCCCCCGGGGGGGGCCCGGGCCCCCCG	2237820	2238119	2238120	2237821	2237850	269	2238116	2238415	2238117	2238180	2238209	206	63
LigP_15423290_16644489	upstream_LG	downstream_LG	33	87.879	115	147	144	176	4.34e-06	GCGGCGGGCGGGGGCCGGGGGCGGCGGGGGGCG	GCGGCGGCCGGGGCCCGGGGCGGGCGGGGGGCG	15422991	15423290	15423291	15423106	15423138	152	16644489	16644788	16644490	16644633	16644665	123	29
LigP_47334716_205913749	upstream_LG	downstream_LG	36	86.111	137	172	197	232	1.72e-05	CCCCCCCCCGCGCCCCCCCCCCGGCCCCCCGGGCCC	CCCCCCGCCGCCGCCCCCCCCGGGCCCCCCCGGCCC	47334417	47334716	47334717	47334554	47334589	127	205913749	205914048	205913750	205913946	205913981	67	60
LigP_855936_16644480	upstream_LG	downstream_LG	31	83.871	116	146	183	213	0.017	GGGCCGCGGGGGGGCCGGGGGCCGGGGCGCG	GGGCCGGGCGGGCGCCGCGGGCCGGGCCGCG	855637	855936	855937	855753	855783	153	16644480	16644779	16644481	16644663	16644693	86	67
LigP_16642883_16644480	upstream_LG	downstream_LG	36	80.556	147	182	183	218	1.0	CCGGCGGGGCGGGGGGGGGCCGCCCGCCCGGCCGCG	CCGGGGGGCCGGGCGGGCGCCGCGGGCCGGGCCGCG	16642584	16642883	16642884	16642731	16642766	117	16644480	16644779	16644481	16644663	16644698	81	36
LigP_29237917_232982591	upstream_LG	downstream_LG	31	87.097	107	137	142	172	6.78e-05	CGCGGCGCCGGCGGGCGGCCGGCCCGGGGCG	CGCGGCGCCCGGCGGCGGCCGGCCGGGGGCG	29237618	29237917	29237918	29237725	29237755	162	232982591	232982890	232982592	232982733	232982763	127	35
LigP_3092771_3098050	upstream_LG	downstream_LG	31	83.871	243	273	53	83	0.017	GGCCCGGGCCCCGGGCCGCGGGCCGGGGGCC	GGCCCGGCCCCCGGCGCGCCGGCGGGGGGCC	3092472	3092771	3092772	3092715	3092745	26	3098050	3098349	3098051	3098103	3098133	216	190
LigP_2238502_236946975	upstream_LG	downstream_LG	34	85.294	141	174	167	200	0.000268	CCCGGGCGCGCCGCCCCCCGCGCCCCCCCGGGGG	CCCGGGCGGGGCGCCCCCCCGGGCCCCCCGGGGG	2238203	2238502	2238503	2238344	2238377	125	236946975	236947274	236946976	236947142	236947175	99	26
LigP_119570500_119647614	upstream_LG	downstream_LG	33	87.879	92	124	99	131	4.34e-06	CGGGGGCCCCGGGCGGGGCCGGGGGCGGGGGGG	CGGGGGCCCCCGGGGGGGCCGGGCCCGGGGGGG	119570201	119570500	119570501	119570293	119570325	175	119647614	119647913	119647615	119647713	119647745	168	7
LigP_16644756_16644862	upstream_LG	downstream_LG	31	87.097	104	134	99	129	6.78e-05	CGGGCGCCCCCGCGGCGGGCCGGGCCGGGCC	CGGGCGCCCCCGGGGCCGCCCGGGCGGGGCC	16644457	16644756	16644757	16644561	16644591	165	16644862	16645161	16644863	16644961	16644991	170	5
LigP_28899071_28914183	upstream_LG	downstream_LG	41	85.366	150	190	50	90	4.34e-06	CCCCCCGGCGCCCCCGCGGGGGGCGCGGCGCCCGGCGCCCC	CCCCGCGGCGCCCGCGCGGGGCGCGGGGCGGCCGGGGCCCC	28898772	28899071	28899072	28898922	28898962	109	28914183	28914482	28914184	28914233	28914273	209	100
LigP_87325745_87328329	upstream_LG	downstream_LG	39	84.615	26	64	27	65	6.78e-05	CGGGGGGGCGGGGCGCCCCCCCCCGGGGGGGGGCCGGGG	CGGGGCGGCGGGGCCCGCCGGCCCGGGGGGGGGCGGGGG	87325446	87325745	87325746	87325472	87325510	235	87328329	87328628	87328330	87328356	87328394	234	1
LigP_211133765_216378174	upstream_LG	downstream_LG	47	82.979	72	118	27	73	6.78e-05	CGCCCCGGCCGCGGCCGGCCCCCCGCCGCCCCCCCCGGCGCCCCGCC	CGCCGCGGCCCCGGCCGCCCCCGCCCCCGCCCCCCGGGCGCCCCGCC	211133466	211133765	211133766	211133538	211133584	181	216378174	216378473	216378175	216378201	216378247	226	45
LigP_16638363_16644446	upstream_LG	downstream_LG	31	83.871	237	267	58	88	0.017	CCGGGGGGGGCCCGCCCGGGCGGCCCCCCCG	CCGGGCGGGGGCCGGCCCGGCGGGCCCCCCG	16638064	16638363	16638364	16638301	16638331	32	16644446	16644745	16644447	16644504	16644534	211	179
LigP_16644789_16644898	upstream_LG	downstream_LG	31	87.097	71	101	63	93	6.78e-05	CGGGCGCCCCCGCGGCGGGCCGGGCCGGGCC	CGGGCGCCCCCGGGGCCGCCCGGGCGGGGCC	16644490	16644789	16644790	16644561	16644591	198	16644898	16645197	16644899	16644961	16644991	206	8
LigP_11598162_11598558	upstream_LG	downstream_LG	33	81.818	8	40	40	72	0.26	GGGCCGGGGGCCCGGGGCGGGGGGGCGGCCGCG	GGGCCGGGCGGCCCGGGGGGGGGCGGGGCCGCG	11597863	11598162	11598163	11597871	11597903	259	11598558	11598857	11598559	11598598	11598630	227	32
LigP_155085126_155085229	upstream_LG	downstream_LG	35	85.714	202	236	103	137	6.78e-05	CCGGGCGGGGGGCGGCCCCGCCCCGGGGCCCCCCC	CCGGGGGGGGGGCGCCGCGGCGCCGGGGCCCCCCC	155084827	155085126	155085127	155085029	155085063	63	155085229	155085528	155085230	155085332	155085366	162	99
LigP_26500776_196446583	upstream_LG	downstream_LG	32	87.5	248	279	10	41	1.72e-05	GGGCCCGGGGGGGGCGCCCCGCCCGGCCCCCG	GGGCCCCGCGGGGGGGGCCCGCCCGGCCCCCG	26500477	26500776	26500777	26500725	26500756	20	196446583	196446882	196446584	196446593	196446624	258	238
LigP_16642852_16644480	upstream_LG	downstream_LG	36	80.556	178	213	183	218	1.0	CCGGCGGGGCGGGGGGGGGCCGCCCGCCCGGCCGCG	CCGGGGGGCCGGGCGGGCGCCGCGGGCCGGGCCGCG	16642553	16642852	16642853	16642731	16642766	86	16644480	16644779	16644481	16644663	16644698	81	5
LigP_51330779_176428446	upstream_LG	downstream_LG	38	84.211	152	189	230	267	0.000268	CCCCGGCCCCCCCGCCCGCGCCGCGGGGCCGCGGCCGC	CCCCCGCCCCCCCCCCCCCCCCGGGGCGCCGCGGCCGC	51330480	51330779	51330780	51330632	51330669	110	176428446	176428745	176428447	176428676	176428713	32	78
LigP_2520520_92960692	upstream_LG	downstream_LG	32	84.375	99	130	231	262	0.004	CGCCCCCGCCCCGGCGGGCGGGGCGCCGGGCC	CGCCCCCGGCCCGGCGCCCCGGGCCCCGGGCC	2520221	2520520	2520521	2520320	2520351	169	92960692	92960991	92960693	92960923	92960954	37	132
LigP_16644787_16644848	upstream_LG	downstream_LG	31	87.097	73	103	113	143	6.78e-05	CGGGCGCCCCCGCGGCGGGCCGGGCCGGGCC	CGGGCGCCCCCGGGGCCGCCCGGGCGGGGCC	16644488	16644787	16644788	16644561	16644591	196	16644848	16645147	16644849	16644961	16644991	156	40
LigP_2520835_2521797	upstream_LG	downstream_LG	44	84.091	194	237	214	257	1.72e-05	GGCGGGGGCCCCGGGGCCGGCGCCGGCGGGGGGGCGGGGGGGGG	GGCGGGGCCCCCCGGGCCCGGCCCGGCCGGGGGGCCGGGGGGGG	2520536	2520835	2520836	2520730	2520773	62	2521797	2522096	2521798	2522011	2522054	42	20
LigP_244705800_244708652	upstream_LG	downstream_LG	30	90.0	188	217	95	124	1.1e-06	GGGCCCCGGGGCGGGCCGGGGGGGGCGGGG	GGGCCCCGGGCCGCGCCGGGGGGGGGGGGG	244705501	244705800	244705801	244705689	244705718	82	244708652	244708951	244708653	244708747	244708776	175	93
LigP_6785400_6785865	upstream_LG	downstream_LG	32	96.875	151	182	5	36	1.18e-12	GGGGGGGGCGCCGGCCCCCGGCCGGCCCCCCC	GGGGGGGGCGCCGGCCCCCCGCCGGCCCCCCC	6785101	6785400	6785401	6785252	6785283	117	6785865	6786164	6785866	6785870	6785901	263	146
LigP_16644776_16750377	upstream_LG	downstream_LG	33	84.848	107	139	241	273	0.001	GCCGGGCCGCGGGGGGGGCGGCCGGGGCCCGCC	GCCGGGCCGGGCGGGCGGGGGGCGGGGCCCGCC	16644477	16644776	16644777	16644584	16644616	160	16750377	16750676	16750378	16750618	16750650	26	134
LigP_16643000_16644470	upstream_LG	downstream_LG	36	80.556	30	65	193	228	1.0	CCGGCGGGGCGGGGGGGGGCCGCCCGCCCGGCCGCG	CCGGGGGGCCGGGCGGGCGCCGCGGGCCGGGCCGCG	16642701	16643000	16643001	16642731	16642766	234	16644470	16644769	16644471	16644663	16644698	71	163
LigP_3531204_3532455	upstream_LG	downstream_LG	36	86.111	162	197	21	56	1.72e-05	CGCCCGGCGCCCGCCCGGCCCCCGGCCGCCGGCGCC	CGCCCGGCCCCCCCGCGGGCCCCCGCCGCCGGCGCC	3530905	3531204	3531205	3531067	3531102	102	3532455	3532754	3532456	3532476	3532511	243	141
LigP_16643060_16644501	upstream_LG	downstream_LG	32	84.375	83	114	134	165	0.004	CGCGGCGCCCGGGCCGCGGGCCGGGGGGGGGG	CGCGGCGGCCGGGGCCCGGGGCGGGCGGGGGG	16642761	16643060	16643061	16642844	16642875	185	16644501	16644800	16644502	16644635	16644666	134	51
LigP_39955399_39955582	upstream_LG	downstream_LG	32	84.375	118	149	259	290	0.004	GCCCGGGGGGGGCGGCGGCCCGCGGGGCGGGG	GCCCGGGGGGCGCGGCCCCCCCGGGGGCGGGG	39955100	39955399	39955400	39955218	39955249	150	39955582	39955881	39955583	39955841	39955872	9	141
LigP_226738243_227074475	upstream_LG	downstream_LG	30	86.667	48	77	110	139	0.000268	GCGCGCGGGGCGCGGCCGGCCCGGCCCCCC	GCGCGCCGGCCGCGGGCGGCCCGGGCCCCC	226737944	226738243	226738244	226737992	226738021	222	227074475	227074774	227074476	227074585	227074614	160	62
LigP_2520324_2520359	upstream_LG	downstream_LG	32	90.625	230	261	196	227	7.04e-08	GGGCCCCCGGGGGGGGGGGGCGGGCGCCCCCG	GGGCCCCCGCGGGGGGGGCGCCGGCGCCCCCG	2520025	2520324	2520325	2520255	2520286	38	2520359	2520658	2520360	2520555	2520586	72	34
LigP_16724841_16724922	upstream_LG	downstream_LG	38	86.842	87	124	220	257	1.1e-06	CCGCCCCCCCCGGGCCGGGGCCCGCGCCCCGGGGCCCC	CCGCCCCCCCGGGGGCGCGGGCCCCGCCCCGGGGCCCC	16724542	16724841	16724842	16724629	16724666	175	16724922	16725221	16724923	16725142	16725179	42	133
LigP_16725291_18275138	upstream_LG	downstream_LG	29	86.207	34	62	194	222	0.001	CGGGGGGGGGGCCCGCGGCCCGCGCCCCC	CGGGGGGCGGGCCCGGGGCCGGCCCCCCC	16724992	16725291	16725292	16725026	16725054	237	18275138	18275437	18275139	18275332	18275360	77	160
LigP_55039720_67593653	upstream_LG	downstream_LG	29	89.655	71	99	233	261	4.34e-06	GGCGGCGCGGCCCGCGCGCCCCGGGCGCC	GGCGGCGCCGCCCGCGCCCCGCGGGCGCC	55039421	55039720	55039721	55039492	55039520	200	67593653	67593952	67593654	67593886	67593914	38	162
LigP_15313188_16644485	upstream_LG	downstream_LG	45	82.222	243	287	37	81	0.001	CGCCCGGGGGGCCGGGGCGGGGGCGGGGGCCGCCGGCCGGGGGCC	CGCCCGCGGCGCCGGGGCCCGGGCGCGGGGCCCCGGGCGGGGGCC	15312889	15313188	15313189	15313132	15313176	12	16644485	16644784	16644486	16644522	16644566	218	206
LigP_10210199_10832504	upstream_LG	downstream_LG	30	90.0	258	287	6	35	1.1e-06	CCCCCGCGGGCGCCGGGGCCCCCGGGCCCC	CCCCCGGGCGCGCCGGGGCCCCCCGGCCCC	10209900	10210199	10210200	10210158	10210187	12	10832504	10832803	10832505	10832510	10832539	264	252
LigP_15313280_16644489	upstream_LG	downstream_LG	45	82.222	151	195	33	77	0.001	CGCCCGGGGGGCCGGGGCGGGGGCGGGGGCCGCCGGCCGGGGGCC	CGCCCGCGGCGCCGGGGCCCGGGCGCGGGGCCCCGGGCGGGGGCC	15312981	15313280	15313281	15313132	15313176	104	16644489	16644788	16644490	16644522	16644566	222	118
LigP_15743079_16644596	upstream_LG	downstream_LG	37	83.784	72	108	208	244	0.001	CGGGGCCCCGGCCCCGGGCGGCCCCCCGGGGGCCCGC	CGGGGCCGGGGCCCGGGGCGGCCCGGCGGGGGGCCGC	15742780	15743079	15743080	15742852	15742888	191	16644596	16644895	16644597	16644804	16644840	55	136
LigP_205429485_205430500	upstream_LG	downstream_LG	30	83.333	234	263	116	145	0.065	CCGCGCCGCGCCGGGCGGGCGCGGGGGCCG	CCGCGCCCGGCCGGGGGGCCGCGCGGGCCG	205429186	205429485	205429486	205429420	205429449	36	205430500	205430799	205430501	205430616	205430645	154	118
LigP_16643100_16644514	upstream_LG	downstream_LG	32	84.375	43	74	121	152	0.004	CGCGGCGCCCGGGCCGCGGGCCGGGGGGGGGG	CGCGGCGGCCGGGGCCCGGGGCGGGCGGGGGG	16642801	16643100	16643101	16642844	16642875	225	16644514	16644813	16644515	16644635	16644666	147	78
LigP_11840557_11840610	upstream_LG	downstream_LG	33	87.879	175	207	69	101	4.34e-06	CGGGGGCCCCCCCGCCCCCCGCCCCCCGCGCCC	CGGGGGCCCCCCCGGCGCCCGGCCCCCGGGCCC	11840258	11840557	11840558	11840433	11840465	92	11840610	11840909	11840611	11840679	11840711	198	106
LigP_16725345_16726568	upstream_LG	downstream_LG	36	83.333	144	179	123	158	0.004	CCCGCGGGGCGCGGGGCGCCCGGGGCCCGGGGGCCC	CCCGGGGGGGGCGCGGCGCGGGGGGGCCGGGGGCCC	16725046	16725345	16725346	16725190	16725225	120	16726568	16726867	16726569	16726691	16726726	141	21
LigP_154970696_155085222	upstream_LG	downstream_LG	29	89.655	117	145	133	161	4.34e-06	GGCGGGGGGCCCGCGGCCGGGGCGGGGGG	GGCGCGGGGCCCGCGGCCCGGGGGGGGGG	154970397	154970696	154970697	154970514	154970542	154	155085222	155085521	155085223	155085355	155085383	138	16
LigP_51330828_74704986	upstream_LG	downstream_LG	35	82.857	132	166	241	275	0.017	CGCGGCCGCCCGCGGCGGCCCGCGCCCCCGCGCCG	CGCGGCCGGCCGCCCCGGCCCGGCCCCCCCCGCCG	51330529	51330828	51330829	51330661	51330695	133	74704986	74705285	74704987	74705227	74705261	24	109
LigP_4324539_7329552	upstream_LG	downstream_LG	38	86.842	27	64	65	102	1.1e-06	GCCGGGGGCGCCCGCCCCCGCCCGGCCCGCGGCCGGCC	GCCGGGGGCCGCCCCCCCCGGGCGGCCCGCGGCCGGCC	4324240	4324539	4324540	4324267	4324304	235	7329552	7329851	7329553	7329617	7329654	197	38
LigP_2520669_2521904	upstream_LG	downstream_LG	32	90.625	228	259	33	64	7.04e-08	CCCCGCCGCCCCCCCCCCGCCCGCCGGGCCCC	CCCCGCCCCCCCCCCCGCGCCCGCGGGGCCCC	2520370	2520669	2520670	2520598	2520629	40	2521904	2522203	2521905	2521937	2521968	235	195
LigP_2475275_2475728	upstream_LG	downstream_LG	42	85.714	91	132	130	171	1.1e-06	GGCGGGGGCCCGGGCCGGCCCCGCGCCGGCCGCGCCCGGCCC	GGCGGGGGCGGGGGCCCGCCCCGCCCCCGCGGCGCCCGGCCC	2474976	2475275	2475276	2475067	2475108	167	2475728	2476027	2475729	2475858	2475899	128	39
LigP_1392628_31579607	upstream_LG	downstream_LG	33	87.879	139	171	194	226	4.34e-06	GGCCCCCGCGGCCCCCCGCGGCGCCCCCCCCCG	GGCCCCCGGGGCCCCCCGCCCGGCCCCCCCCCG	1392329	1392628	1392629	1392468	1392500	128	31579607	31579906	31579608	31579801	31579833	73	55
LigP_16644790_16644833	upstream_LG	downstream_LG	31	87.097	70	100	128	158	6.78e-05	CGGGCGCCCCCGCGGCGGGCCGGGCCGGGCC	CGGGCGCCCCCGGGGCCGCCCGGGCGGGGCC	16644491	16644790	16644791	16644561	16644591	199	16644833	16645132	16644834	16644961	16644991	141	58
LigP_43547540_43566896	upstream_LG	downstream_LG	32	84.375	121	152	67	98	0.004	GCCCCCCCCGGGCGGGGGGCCCGGGGGGCCCG	GCCCCCCGCGCGGGGGGGGCCCCCGGGGCCCG	43547241	43547540	43547541	43547362	43547393	147	43566896	43567195	43566897	43566963	43566994	201	54
LigP_826324_827227	upstream_LG	downstream_LG	39	84.615	219	257	103	141	6.78e-05	CCCGCCGGGGCGGGGCCCCGGGGCGGCCCGGGCCGCCCC	CCCGCCGGCGGGGGGCCCCGCGGCGCCCGGGGGCGCCCC	826025	826324	826325	826244	826282	42	827227	827526	827228	827330	827368	158	116
LigP_2475348_2475621	upstream_LG	downstream_LG	42	85.714	18	59	237	278	1.1e-06	GGCGGGGGCCCGGGCCGGCCCCGCGCCGGCCGCGCCCGGCCC	GGCGGGGGCGGGGGCCCGCCCCGCCCCCGCGGCGCCCGGCCC	2475049	2475348	2475349	2475067	2475108	240	2475621	2475920	2475622	2475858	2475899	21	219
LigP_226737968_226737947	upstream_LG	downstream_LG	40	82.5	63	102	72	111	0.004	GGGGCCCGGGGGGGGCCCCGGGGGCGCGGCCCGCCCGGGG	GGGGCCCGGGGGCGGCGGCCGGGGCGCCCCCGGCCCGGGG	226737669	226737968	226737969	226737732	226737771	197	226737947	226738246	226737948	226738019	226738058	188	9
LigP_86704778_110963744	upstream_LG	downstream_LG	43	86.047	74	116	95	137	2.78e-07	GGCCCCGCCCCGCGGCCCGCGCCCGCCCCCCCCCCGGGGCCCG	GGCCCCGCCCCGGGGCCCGGGGGCGCGCCCCCCCGGGGGCCCG	86704479	86704778	86704779	86704553	86704595	183	110963744	110964043	110963745	110963839	110963881	162	21
LigP_25618161_192071813	upstream_LG	downstream_LG	44	86.364	20	63	39	82	7.04e-08	CCCCCCGGGCCCGGCCGCCCCGCGCCCCGGGGCCCCCCCCCCGC	CCCCCGGGGCGCGCCCGCCGCGCCCCCCGGCGCCCCCCCCCCGC	25617862	25618161	25618162	25617882	25617925	236	192071813	192072112	192071814	192071852	192071895	217	19
LigP_156625455_156659842	upstream_LG	downstream_LG	29	86.207	58	86	10	38	0.001	CCCGGGGCCGGGCCGGCGCGGCGGCGGCC	CCCGGGGCCGGGGCGCCGGGGCGCCGGCC	156625156	156625455	156625456	156625214	156625242	213	156659842	156660141	156659843	156659852	156659880	261	48
LigP_53470478_61654930	upstream_LG	downstream_LG	37	86.486	229	265	217	253	4.34e-06	CCCCGCCCGCCGGGCCGGGGGGGCGGGCCCCCGCGGC	CCCCGCCCCCGGGGGCGGGGGCGCGGGCGCCCGCGGC	53470179	53470478	53470479	53470408	53470444	34	61654930	61655229	61654931	61655147	61655183	46	12
LigP_16725215_16938464	upstream_LG	downstream_LG	35	82.857	119	153	252	286	0.017	GGCCCGCGGCCCGCGCCCCCCGGCCCGCGGGGGGG	GGCCCGCCGCCGGGGCCCCCCGCCCGCCGGGGGGG	16724916	16725215	16725216	16725035	16725069	146	16938464	16938763	16938465	16938716	16938750	13	133
LigP_2475584_170617077	upstream_LG	downstream_LG	31	83.871	18	48	240	270	0.017	CCCGGCCCCCGCCGCCGGGGCCGGCGGGGCC	CCCGGCCGCCGGCGCCCCGGCCGGGGGGGCC	2475285	2475584	2475585	2475303	2475333	251	170617077	170617376	170617078	170617317	170617347	29	222
LigP_16725248_39004622	upstream_LG	downstream_LG	42	88.095	195	236	232	273	4.51e-09	GGCCCCGGGGCGGGGCCCGCGCCCCCGGGGGGGCGGCGCCCG	GGCCCCGGGGCGGGCCCCCCCCCCCCGGGGGCCCGGCGCCCG	16724949	16725248	16725249	16725144	16725185	63	39004622	39004921	39004623	39004854	39004895	26	37
LigP_16644923_211830232	upstream_LG	downstream_LG	39	82.051	42	80	100	138	0.017	GGCCCGGCCCGCGGCGCCCGCCCGGCCCCCCGGCCGCGG	GGCCCGGCCCCCGGGCCCCCGCCGCCCCCCCGCCCGCGG	16644624	16644923	16644924	16644666	16644704	219	211830232	211830531	211830233	211830332	211830370	161	58
LigP_2520758_2521830	upstream_LG	downstream_LG	32	90.625	139	170	107	138	7.04e-08	CCCCGCCGCCCCCCCCCCGCCCGCCGGGCCCC	CCCCGCCCCCCCCCCCGCGCCCGCGGGGCCCC	2520459	2520758	2520759	2520598	2520629	129	2521830	2522129	2521831	2521937	2521968	161	32
LigP_244689300_244705453	upstream_LG	downstream_LG	33	81.818	121	153	59	91	0.26	GGGGGCGCCCCGCGGGCCGGGGGGCGCCCGGGC	GGGGGCCCCGCGCCGGGCGGGGGGGGCCGGGGC	244689001	244689300	244689301	244689122	244689154	146	244705453	244705752	244705454	244705512	244705544	208	62
LigP_3241144_3242827	upstream_LG	downstream_LG	41	90.244	27	67	91	131	7.31e-11	GGCGGCCGGGCGCCGGGGGCCGGGCCCCGCCCCCCCCGGCC	GGCGGGCGGGCCCCGGGGGCCGGGCCCCCCCCCCCCGGGCC	3240845	3241144	3241145	3240872	3240912	232	3242827	3243126	3242828	3242918	3242958	168	64
LigP_16696777_16698201	upstream_LG	downstream_LG	38	86.842	33	70	155	192	1.1e-06	GGGCGGCCCCGCCCGCCGCGCGCGGGGGCGGGCGCCCC	GGGCGCCCCCGCCCGGCGCGGCCGGGGCCGGGCGCCCC	16696478	16696777	16696778	16696511	16696548	229	16698201	16698500	16698202	16698356	16698393	107	122
LigP_16644872_76647104	upstream_LG	downstream_LG	36	83.333	60	95	208	243	0.004	CGCCCCCCGCCCGCCCCGGGCCCCGGCCGCCGCGGC	CGCCCCCCGCCGCCCCCGCCCCCCCGCCGCCCCGGC	16644573	16644872	16644873	16644633	16644668	204	76647104	76647403	76647105	76647312	76647347	56	148
LigP_227540887_227541139	upstream_LG	downstream_LG	30	86.667	246	275	126	155	0.000268	CCGGGGGCCGCGGCCGCCGGGGGGCCCCGG	CCGGCGGCCCCGGCCCCCGGGGCGCCCCGG	227540588	227540887	227540888	227540834	227540863	24	227541139	227541438	227541140	227541265	227541294	144	120
LigP_16719577_16724922	upstream_LG	downstream_LG	29	82.759	266	294	250	278	0.26	CGCCCGGCCGGGGCCCGGGGGGCGCCCCC	CGCCCCGCGGGGGCGCGGGCGCCGCCCCC	16719278	16719577	16719578	16719544	16719572	5	16724922	16725221	16724923	16725172	16725200	21	16
LigP_16645038_16754882	upstream_LG	downstream_LG	34	85.294	43	76	170	203	0.000268	CCCCCGCCGGGGGGCCCCCCCCGCGGCCCCCCGC	CCCCGGCCGGGGGGGCCGCCCCCCGGCCGCCCGC	16644739	16645038	16645039	16644782	16644815	223	16754882	16755181	16754883	16755052	16755085	96	127
LigP_3779153_16644443	upstream_LG	downstream_LG	38	84.211	48	85	61	98	0.000268	CGGGGCCCCGGCGGGGCCCCGGCCCGGGGGGGCCCCCG	CGGGGCCCCGGGCGGGGGCCGGCCCGGCGGGCCCCCCG	3778854	3779153	3779154	3778902	3778939	214	16644443	16644742	16644444	16644504	16644541	201	13
LigP_16630544_16644538	upstream_LG	downstream_LG	29	86.207	32	60	147	175	0.001	GGGCGGGGGCCCGGGCCCGGGGGCCGGGC	GGGCGGGCGCCGCGGCCGGGGGGCCGGGC	16630245	16630544	16630545	16630277	16630305	239	16644538	16644837	16644539	16644685	16644713	124	115
LigP_226738244_226738720	upstream_LG	downstream_LG	30	86.667	166	195	102	131	0.000268	GGGCCCCGGGGCCCCCCCGCCCCGCCCCCC	GGGCCCCCGCGCCCCCCCCGCCCGCCCCCC	226737945	226738244	226738245	226738111	226738140	104	226738720	226739019	226738721	226738822	226738851	168	64
LigP_2236116_2238124	upstream_LG	downstream_LG	35	88.571	114	148	161	195	2.78e-07	CCGCCCGGGGGGGGGCGGGCGGGGGGGGCCCCGGG	CCGCCCGGGGGGCCGCGGGGGGGGGGGGCCGCGGG	2235817	2236116	2236117	2235931	2235965	151	2238124	2238423	2238125	2238285	2238319	104	47
LigP_155085665_155192652	upstream_LG	downstream_LG	31	93.548	204	234	27	57	1.14e-09	CGGGCGGGGCCGCGGGGCCGGGGGGGGGGCC	CGGGCGGCGCCGCGGGGCCGGGGCGGGGGCC	155085366	155085665	155085666	155085570	155085600	65	155192652	155192951	155192653	155192679	155192709	242	177
LigP_53946278_53947285	upstream_LG	downstream_LG	42	85.714	16	57	117	158	1.1e-06	CCCCGGCCCCCCCCGCCCCCGGCCCCCGGCGCCGCGCCCCCC	CCCCGGCCCCCCCCGCCGCCCCCCCCCCGCGGCGCGCGCCCC	53945979	53946278	53946279	53945995	53946036	242	53947285	53947584	53947286	53947402	53947443	141	101
LigP_53946337_53956138	upstream_LG	downstream_LG	47	82.979	82	128	38	84	6.78e-05	CCCCCCGGGCCGGCCCCGGGGCGCGCGCCGCCCGCCCCCCCCCGGCC	CCCCGCGGCCCGGCCCCGGGGCGGCGGGCGCCCGCGCCCGCCCGGCC	53946038	53946337	53946338	53946120	53946166	171	53956138	53956437	53956139	53956176	53956222	215	44
LigP_154500576_154970087	upstream_LG	downstream_LG	44	81.818	123	166	170	213	0.004	GCGCCCGCGGCGCGGGGGGGCGGGCGGGGGGGCGGGCGGGGGCG	GCGCCCGGGGCCCGGGGGGGGGCCGGGGGGGGCGGCCGGCGGCG	154500277	154500576	154500577	154500400	154500443	133	154970087	154970386	154970088	154970257	154970300	86	47
LigP_2238466_162755150	upstream_LG	downstream_LG	43	83.721	43	85	249	291	6.78e-05	CCCGCCCCCGCGCCCCCCCCCGGGGCCCCGCGGCCCGGGGGGC	CCCGCCCCCGCCCCCCCCGGGGGGGCGCCGCCGCCCCGGGGGC	2238167	2238466	2238467	2238210	2238252	214	162755150	162755449	162755151	162755399	162755441	8	206
LigP_16643013_16644491	upstream_LG	downstream_LG	36	80.556	17	52	172	207	1.0	CCGGCGGGGCGGGGGGGGGCCGCCCGCCCGGCCGCG	CCGGGGGGCCGGGCGGGCGCCGCGGGCCGGGCCGCG	16642714	16643013	16643014	16642731	16642766	247	16644491	16644790	16644492	16644663	16644698	92	155
LigP_2520773_2521754	upstream_LG	downstream_LG	44	84.091	256	299	257	300	1.72e-05	GGCGGGGGCCCCGGGGCCGGCGCCGGCGGGGGGGCGGGGGGGGG	GGCGGGGCCCCCCGGGCCCGGCCCGGCCGGGGGGCCGGGGGGGG	2520474	2520773	2520774	2520730	2520773	0	2521754	2522053	2521755	2522011	2522054	-1	1
LigP_204685379_204930570	upstream_LG	downstream_LG	40	82.5	35	74	87	126	0.004	CCCCGGCGGGGGGCGGCGGCCGGCCCCCCCCCGGCCCCCG	CCCCGCCGGGGGCGGGCGGCGGCCCCCCCCGCGCCCCCCG	204685080	204685379	204685380	204685115	204685154	225	204930570	204930869	204930571	204930657	204930696	173	52
LigP_1776050_183032030	upstream_LG	downstream_LG	30	83.333	259	288	247	276	0.065	CGCCCCCCCGCCGCGGCGCGGCCCCCCCCC	CGCCCCCCGGCCCCGCCGCGGGGCCCCCCC	1775751	1776050	1776051	1776010	1776039	11	183032030	183032329	183032031	183032277	183032306	23	12
LigP_16644931_16646118	upstream_LG	downstream_LG	33	84.848	53	85	88	120	0.001	GCCCGGCCCCCCGGCCGCGGCGCCCGCCCGGGG	GCCCGGCCCCCCCGCGCGGGCGCCCGCCGGGGG	16644632	16644931	16644932	16644685	16644717	214	16646118	16646417	16646119	16646206	16646238	179	35
LigP_244835087_244835353	upstream_LG	downstream_LG	29	89.655	233	261	85	113	4.34e-06	GGGGGGGGGGGGCGGGGCGGGCGCGGGGG	GGGGGGGCGGGGGGGGGCGGGCCCGGGGG	244834788	244835087	244835088	244835021	244835049	38	244835353	244835652	244835354	244835438	244835466	186	148
LigP_16725275_21491942	upstream_LG	downstream_LG	32	87.5	74	105	35	66	1.72e-05	CCCCCCGGCCCGCGGGGGGGGGGGCGGGGGGG	CCCCCCCGCCCCCGGGGGGCGCGGCGGGGGGG	16724976	16725275	16725276	16725050	16725081	194	21491942	21492241	21491943	21491977	21492008	233	39
LigP_59814669_59814918	upstream_LG	downstream_LG	38	81.579	251	288	110	147	0.065	GCCCCCCGCCCGGGGCCCGGGCCCGCCCCGCGCCGGCC	GCCCCCCCCCGGGGGCCGGCGCCCGCGGCCCGCCGGCC	59814370	59814669	59814670	59814621	59814658	11	59814918	59815217	59814919	59815028	59815065	152	141
LigP_211133791_211133930	upstream_LG	downstream_LG	34	85.294	18	51	267	300	0.000268	CGGGCGGCGCCGGCGGGGCGCGCGCCGCCGCCCC	CGGGGGGCGCCGCCGGCCCGGGCGCCGCCGCCCC	211133492	211133791	211133792	211133510	211133543	248	211133930	211134229	211133931	211134197	211134230	-1	249
LigP_9354541_244862757	upstream_LG	downstream_LG	43	88.372	191	233	169	211	1.14e-09	CCCCCCCCGGCCCCCCCGGCCCCCCCCGGGGGCCGGGGGGGCC	CCCCCCCCGGCCCCCCCGGGCCGCCGGGGGGGCCGGCGGGGCC	9354242	9354541	9354542	9354433	9354475	66	244862757	244863056	244862758	244862926	244862968	88	22
LigP_16644426_16644408	upstream_LG	downstream_LG	35	82.857	100	134	192	226	0.017	CGGCGGGCCCCCGCGGCCGGCGCCCCCCCGCCGCC	CGGCGGGGCCCCGGGCCCGGCGGGCCCCGGCCGCC	16644127	16644426	16644427	16644227	16644261	165	16644408	16644707	16644409	16644600	16644634	73	92
LigP_116372512_116372566	upstream_LG	downstream_LG	33	87.879	196	228	57	89	4.34e-06	GCGCCCCCCCGGGCCCCGGGCCCCCCCCCCCCG	GCGCCCCCCGCGGCCCGGGGCCCCCCCCGCCCG	116372213	116372512	116372513	116372409	116372441	71	116372566	116372865	116372567	116372623	116372655	210	139
LigP_227541505_227542184	upstream_LG	downstream_LG	34	85.294	60	93	45	78	0.000268	CGGGGCGCCCCGGGGGCCGGGGCCGCCGGCCCCC	CGGGGCCCCCCCGGGGCGGGGCCCGCGGGCCCCC	227541206	227541505	227541506	227541266	227541299	206	227542184	227542483	227542185	227542229	227542262	221	15
LigP_2520767_2522098	upstream_LG	downstream_LG	31	87.097	240	270	20	50	6.78e-05	CGGGGCCGGGCCCCGCCCCCGCGGCGGGGGC	CGGGGCCGGGCCCCCCCGGGGCGGCGGGGGC	2520468	2520767	2520768	2520708	2520738	29	2522098	2522397	2522099	2522118	2522148	249	220
LigP_25616680_25673988	upstream_LG	downstream_LG	31	93.548	88	118	236	266	1.14e-09	GGCGGCCGCGGCCCGGCGGGGGCCCCCCGGG	GGCGGCCCCGGCCCGGCGGGGGCCCGCCGGG	25616381	25616680	25616681	25616469	25616499	181	25673988	25674287	25673989	25674224	25674254	33	148
LigP_244705834_244730906	upstream_LG	downstream_LG	29	82.759	13	41	215	243	0.26	CCCCCGCGGGCCCCCCGCGGGGGGGGGGC	CCCCGGCGGCCCCGCCGCCGGCGGGGGGC	244705535	244705834	244705835	244705548	244705576	258	244730906	244731205	244730907	244731121	244731149	56	202
LigP_16645026_23167691	upstream_LG	downstream_LG	29	82.759	52	80	102	130	0.26	CGGCCCCCGCCGGGGGGCCCCCCCCGCGG	CGGCCCCCGGCCGCGGGGCCCGCCCGCGG	16644727	16645026	16645027	16644779	16644807	219	23167691	23167990	23167692	23167793	23167821	169	50
LigP_2238441_2271892	upstream_LG	downstream_LG	42	83.333	104	145	57	98	0.000268	GGGGGGCCCCCGCGCGGCGGCGGGCGGCGGCCCCGGCCGCCC	GGGGGGCGGCCGCGGGGGGGCGGCCGGCGGCCCGGGGCGCCC	2238142	2238441	2238442	2238246	2238287	154	2271892	2272191	2271893	2271949	2271990	201	47
LigP_16642902_16644492	upstream_LG	downstream_LG	36	80.556	128	163	171	206	1.0	CCGGCGGGGCGGGGGGGGGCCGCCCGCCCGGCCGCG	CCGGGGGGCCGGGCGGGCGCCGCGGGCCGGGCCGCG	16642603	16642902	16642903	16642731	16642766	136	16644492	16644791	16644493	16644663	16644698	93	43
LigP_6497827_6785137	upstream_LG	downstream_LG	38	84.211	168	205	248	285	0.000268	CCGCGCGGGGCCCCCGCCCCGGCCCGGGGCCGCCGCCC	CCGCGCGCGGCCCCCGCCGGGCCGCGCGGCCGCCGCCC	6497528	6497827	6497828	6497696	6497733	94	6785137	6785436	6785138	6785385	6785422	14	80
LigP_244705399_244705465	upstream_LG	downstream_LG	34	82.353	23	56	2	35	0.065	CCGCGGGGGGGGGGGGCCCGCGGGCGGGGGGGCG	CCGCCGGGGGGCGGGGGGCGGGGGGGGGGGGGCG	244705100	244705399	244705400	244705123	244705156	243	244705465	244705764	244705466	244705467	244705500	264	21
LigP_16725336_148309965	upstream_LG	downstream_LG	34	85.294	140	173	199	232	0.000268	CGGCGCCCGCGCCCCCGCGGGGCGCGGGGCGCCC	CGGCGCCCCCGCCCCGGGGGGGGGCGGGGGGCCC	16725037	16725336	16725337	16725177	16725210	126	148309965	148310264	148309966	148310164	148310197	67	59
LigP_17119451_17119970	upstream_LG	downstream_LG	37	86.486	49	85	116	152	4.34e-06	CCCGCGCCCCCGGGCCCGGGCGCGCCCCGGGGCCCCC	CCCGCCCCCCCGGCCCCGGCCGCGGCCGGGGGCCCCC	17119152	17119451	17119452	17119201	17119237	214	17119970	17120269	17119971	17120086	17120122	147	67
LigP_16725339_148309965	upstream_LG	downstream_LG	36	94.444	258	293	265	300	1.18e-12	GGCGCCCGGCCCCGGGGCCGGGCGCCCGGGGGGGGG	GGCGCCCGGCCCCGGGGCCGGGCGCCCCGCGGGGGG	16725040	16725339	16725340	16725298	16725333	6	148309965	148310264	148309966	148310230	148310265	-1	7
LigP_156660254_156723088	upstream_LG	downstream_LG	30	86.667	152	181	169	198	0.000268	GGCCGGCGGGGGGCGCCGCGGGCCCGGCGC	GGCCGGCGGGCGGCCCCGCCGGCCCCGCGC	156659955	156660254	156660255	156660107	156660136	118	156723088	156723387	156723089	156723257	156723286	101	17
LigP_2519946_2520371	upstream_LG	downstream_LG	32	84.375	39	70	31	62	0.004	GCCCCGGCCCCCCGGGGGGCGGCCGCGGGGGG	GCCCCGGCCCCGCCGCGGGCGGGGGCGGGGGG	2519647	2519946	2519947	2519686	2519717	229	2520371	2520670	2520372	2520402	2520433	237	8
LigP_16644808_16702825	upstream_LG	downstream_LG	32	87.5	211	242	165	196	1.72e-05	GGGCCGCGCGCGCGCCCGCGCGCCGGGCCCCC	GGGCCGCCCGCGCGCCCCCGGGCCCGGCCCCC	16644509	16644808	16644809	16644720	16644751	57	16702825	16703124	16702826	16702990	16703021	103	46
LigP_30762343_31579595	upstream_LG	downstream_LG	32	96.875	7	38	185	216	1.18e-12	GCCCCCCCCCGCCCCCCGCCCCGGGCCCGGCG	GCCCCCCCCCGCCCCCCGCCCCGGGCCGGGCG	30762044	30762343	30762344	30762051	30762082	261	31579595	31579894	31579596	31579780	31579811	83	178
LigP_156659409_156659852	upstream_LG	downstream_LG	41	85.366	200	240	122	162	4.34e-06	CCCGGGCCCCCCCCCCCCGCCCCGGGCGCCGGGCCCCCCGC	CCCGCGCCCCCGCCCCCCCCGCCGGGCGCGGGCCCCCCCGC	156659110	156659409	156659410	156659310	156659350	59	156659852	156660151	156659853	156659974	156660014	137	78
LigP_2238105_2238121	upstream_LG	downstream_LG	30	83.333	15	44	59	88	0.065	CCGCCCCGCGGGGCGCGCGCGGGCGCCCCG	CCGCCCCCCGGGGGGGGCCCGGGCCCCCCG	2237806	2238105	2238106	2237821	2237850	255	2238121	2238420	2238122	2238180	2238209	211	44
LigP_16644730_16644843	upstream_LG	downstream_LG	31	87.097	130	160	118	148	6.78e-05	CGGGCGCCCCCGCGGCGGGCCGGGCCGGGCC	CGGGCGCCCCCGGGGCCGCCCGGGCGGGGCC	16644431	16644730	16644731	16644561	16644591	139	16644843	16645142	16644844	16644961	16644991	151	12
LigP_16644988_86868248	upstream_LG	downstream_LG	32	84.375	238	269	224	255	0.004	CCCCCGGGCCGCCCGCCCCCCGCCCGCGCCCG	CCCCCCGGCCCCCCGCCCCGCCCCCCCGCCCG	16644689	16644988	16644989	16644927	16644958	30	86868248	86868547	86868249	86868472	86868503	44	14
LigP_51519170_167721219	upstream_LG	downstream_LG	33	81.818	186	218	47	79	0.26	CCCCCCCCGCGCGCGCCGGCCGCCCGGCCCGCG	CCCCGCCCCCGCGCGCCCGCGCCCCCGCCCGCG	51518871	51519170	51519171	51519057	51519089	81	167721219	167721518	167721220	167721266	167721298	220	139
LigP_28914566_28926821	upstream_LG	downstream_LG	38	84.211	75	112	248	285	0.000268	CCCCCCCCCCCCCCCCCGCCCCCCCCCCCCCCCCCCGC	CCCCCCCCCGCCCCCCGGCCCCGCGCGCCCGCCCCCGC	28914267	28914566	28914567	28914342	28914379	187	28926821	28927120	28926822	28927069	28927106	14	173
LigP_2238448_2319021	upstream_LG	downstream_LG	34	91.176	81	114	19	52	4.51e-09	CGGGGCCCCGCGGCCCGGGGGGCCCCCGCGCGGC	CGGGGGCCCGCGCCCCGGGGGGCCCCCCCGCGGC	2238149	2238448	2238449	2238230	2238263	185	2319021	2319320	2319022	2319040	2319073	247	62
LigP_110212131_110212848	upstream_LG	downstream_LG	29	86.207	238	266	127	155	0.001	CCCCCGCGGGGGGGGCGCGGGCCGCGGCG	CCCCCGGGGGGGCGGCCCGCGCCGCGGCG	110211832	110212131	110212132	110212070	110212098	33	110212848	110213147	110212849	110212975	110213003	144	111
LigP_16644917_16646159	upstream_LG	downstream_LG	33	84.848	67	99	47	79	0.001	GCCCGGCCCCCCGGCCGCGGCGCCCGCCCGGGG	GCCCGGCCCCCCCGCGCGGGCGCCCGCCGGGGG	16644618	16644917	16644918	16644685	16644717	200	16646159	16646458	16646160	16646206	16646238	220	20
LigP_2520748_2520785	upstream_LG	downstream_LG	31	87.097	129	159	233	263	6.78e-05	CGGGGGCCCCGGGCCCGCGGCCCCGCCGCCC	CGGGCGCCCCGGGGCCGCGCCCCCGGCGCCC	2520449	2520748	2520749	2520578	2520608	140	2520785	2521084	2520786	2521018	2521048	36	104
LigP_179814839_180165230	upstream_LG	downstream_LG	34	85.294	57	90	159	192	0.000268	CGGGGGGGGGGGGCGGGGGGCGGGGGGGGGGGCG	CGGGGGGGGGCGGGGGGGGGCCGGGCCGGGGGCG	179814540	179814839	179814840	179814597	179814630	209	180165230	180165529	180165231	180165389	180165422	107	102
LigP_23369370_23370886	upstream_LG	downstream_LG	29	82.759	263	291	225	253	0.26	CCGGGGGCCCGGGCGGGGGGCGGGCGGGC	CCGGGGGGCGGGGGGGGCGGCGGGGGGGC	23369071	23369370	23369371	23369334	23369362	8	23370886	23371185	23370887	23371111	23371139	46	38
LigP_31180006_89717769	upstream_LG	downstream_LG	41	85.366	79	119	155	195	4.34e-06	GGGGCCGGGGGGGCGCCCCCCCCCCCGCGGGGCCCCGGCGG	GGGGCCGGCGGGGGGGCCCCCCCGCCGCGGGCCCCGGGCGG	31179707	31180006	31180007	31179786	31179826	180	89717769	89718068	89717770	89717924	89717964	104	76
LigP_826410_827240	upstream_LG	downstream_LG	39	84.615	133	171	90	128	6.78e-05	CCCGCCGGGGCGGGGCCCCGGGGCGGCCCGGGCCGCCCC	CCCGCCGGCGGGGGGCCCCGCGGCGCCCGGGGGCGCCCC	826111	826410	826411	826244	826282	128	827240	827539	827241	827330	827368	171	43
LigP_7771216_7771753	upstream_LG	downstream_LG	37	86.486	228	264	54	90	4.34e-06	CGGGCGGCCCCGCCCGGGGGGGGGGCGCCCCGCCCCG	CGGGCGCCCCCGGCCGGGCGGGGGGCCCCCCGGCCCG	7770917	7771216	7771217	7771145	7771181	35	7771753	7772052	7771754	7771807	7771843	209	174
LigP_2238450_2239415	upstream_LG	downstream_LG	40	82.5	206	245	33	72	0.004	CCCCCCGCGCCCCCCCGGGGGGCCGGCGGCCCCGCGCGGG	CCCCCCGCCCCCCCGGCGGGGGCCCGGGGCCGCGCGCGGG	2238151	2238450	2238451	2238357	2238396	54	2239415	2239714	2239416	2239448	2239487	227	173
LigP_24995886_214280853	upstream_LG	downstream_LG	35	88.571	78	112	175	209	2.78e-07	CCCGGGGGGCCCGCCCCGCGCCCCGGCCCCCGGCG	CCCGGCGGCCCCGCCCGGCGCCGCGGCCCCCGGCG	24995587	24995886	24995887	24995665	24995699	187	214280853	214281152	214280854	214281028	214281062	90	97
LigP_32206046_32332585	upstream_LG	downstream_LG	35	82.857	140	174	153	187	0.017	CCGCGGGCCCCCCGCCCCGCGCGCCCCCGCCCCCG	CCGCGGGCGGCCCCCCCCCCGCCCCCCGGCCCCCG	32205747	32206046	32206047	32205887	32205921	125	32332585	32332884	32332586	32332738	32332772	112	13
LigP_51329910_51330617	upstream_LG	downstream_LG	42	85.714	213	254	169	210	1.1e-06	GGGGGCCCCCCGGCGGGGCGCGGGCGGGGCCGGGCGGGGGGG	GGGGGGCCCCCGGCGCCGGGCGGGCGGGGGCGCGCGGGGGGG	51329611	51329910	51329911	51329824	51329865	45	51330617	51330916	51330618	51330786	51330827	89	44
LigP_244705781_244709372	upstream_LG	downstream_LG	29	89.655	205	233	165	193	4.34e-06	GGGGGCCCCGGGGCGGGCCGGGGGGGGCG	GGGGGCCCCCGGGCCGGCGGGGGGGGGCG	244705482	244705781	244705782	244705687	244705715	66	244709372	244709671	244709373	244709537	244709565	106	40
LigP_20148546_20152277	upstream_LG	downstream_LG	36	86.111	5	40	173	208	1.72e-05	GCGCCCCGCGGGCCGGGCGCGCCGGGGGGGGCGCCG	GCGCCCCGCGGGCCCGGGGGGCCCGGGGGGGGGCCG	20148247	20148546	20148547	20148252	20148287	259	20152277	20152576	20152278	20152450	20152485	91	168
LigP_16644879_16760627	upstream_LG	downstream_LG	36	86.111	184	219	240	275	1.72e-05	GCGCCGGCCCGCGCCCGGCCCCCGCCGGGGGGCCCC	GCGCCGCCCCGCGCCCCCCCCCCCCCGGGGCGCCCC	16644580	16644879	16644880	16644764	16644799	80	16760627	16760926	16760628	16760867	16760902	24	56
LigP_16644894_223704566	upstream_LG	downstream_LG	37	86.486	109	145	254	290	4.34e-06	GCGCCCGCCCGGGGCCGGGCCGCGCGCGCGCCCGCGC	GCGCCCGCCCGGCGGCGGCCCGGGCGCGCCCCCGCGC	16644595	16644894	16644895	16644704	16644740	154	223704566	223704865	223704567	223704820	223704856	9	145
LigP_16725335_148309965	upstream_LG	downstream_LG	36	94.444	262	297	265	300	1.18e-12	GGCGCCCGGCCCCGGGGCCGGGCGCCCGGGGGGGGG	GGCGCCCGGCCCCGGGGCCGGGCGCCCCGCGGGGGG	16725036	16725335	16725336	16725298	16725333	2	148309965	148310264	148309966	148310230	148310265	-1	3
LigP_16725258_16726516	upstream_LG	downstream_LG	36	83.333	231	266	175	210	0.004	CCCGCGGGGCGCGGGGCGCCCGGGGCCCGGGGGCCC	CCCGGGGGGGGCGCGGCGCGGGGGGGCCGGGGGCCC	16724959	16725258	16725259	16725190	16725225	33	16726516	16726815	16726517	16726691	16726726	89	56
LigP_3531276_3549604	upstream_LG	downstream_LG	39	87.179	190	228	71	109	2.78e-07	GCGCCCGCGGCGCGCGCCGGGCCCCCCGGGGGCCCGGGG	GCGCCCGCGGCCCGGGCCGGGGCCCCCGCGGGGCCGGGG	3530977	3531276	3531277	3531167	3531205	71	3549604	3549903	3549605	3549675	3549713	190	119
LigP_2520674_2525750	upstream_LG	downstream_LG	29	86.207	28	56	267	295	0.001	CCCCCGCCCCCGCCCGCGGCGGGGCCGGG	CCCCCGGCCCCGGCCGGGGCGGGGGCGGG	2520375	2520674	2520675	2520403	2520431	243	2525750	2526049	2525751	2526017	2526045	4	239
LigP_22601598_22602399	upstream_LG	downstream_LG	35	82.857	33	67	207	241	0.017	CCCGGCCCCCGGGGGGGCGGCGGCGGCGGCGGGGG	CCCGGGCCGCGGGGGGGGGGCGCCGGGGGCCGGGG	22601299	22601598	22601599	22601332	22601366	232	22602399	22602698	22602400	22602606	22602640	58	174
LigP_3945227_3945245	upstream_LG	downstream_LG	39	84.615	195	233	146	184	6.78e-05	GGGGCCGGGCGGGCGGGGGGCCGCGGGGGGGGGGGGCGG	GGGGCGGGGGGGGCGGGGGGCGCCGCGCGGGGGGGGCGG	3944928	3945227	3945228	3945123	3945161	66	3945245	3945544	3945246	3945391	3945429	115	49
LigP_2238560_2239346	upstream_LG	downstream_LG	40	82.5	96	135	102	141	0.004	CCCCCCGCGCCCCCCCGGGGGGCCGGCGGCCCCGCGCGGG	CCCCCCGCCCCCCCGGCGGGGGCCCGGGGCCGCGCGCGGG	2238261	2238560	2238561	2238357	2238396	164	2239346	2239645	2239347	2239448	2239487	158	6
LigP_16644751_16685721	upstream_LG	downstream_LG	38	84.211	125	162	251	288	0.000268	GGGCCGGGCCGGGCCGCGGGGGGGGCGGCCGGGGCCCG	GGGCGGGGGCGGGCCCGGGGGGGGGGGGCCGGCGCCCG	16644452	16644751	16644752	16644577	16644614	137	16685721	16686020	16685722	16685972	16686009	11	126
LigP_1304940_1347518	upstream_LG	downstream_LG	36	88.889	161	196	8	43	7.04e-08	GCGCCGCCGGGGGGGCCCCGGCGGGGGGGCCCCCGG	GCGCCGCCGGGGGGCGCGCGGCGGGGGGGCGCCCGG	1304641	1304940	1304941	1304802	1304837	103	1347518	1347817	1347519	1347526	1347561	256	153
LigP_228083971_228173780	upstream_LG	downstream_LG	40	85.0	148	187	104	143	1.72e-05	CCCCGGCCCGGGCGGCCGGCCGCCGCCCCGCGGGGGCCGG	CCCCCGCCCGGGCGGGCGGGGGCGGGCCCGCGGGGGCCGG	228083672	228083971	228083972	228083820	228083859	112	228173780	228174079	228173781	228173884	228173923	156	44
LigP_194472729_244705441	upstream_LG	downstream_LG	40	85.0	181	220	93	132	1.72e-05	CCCCCCCCGCGGGGGGGCGGCCCGGGCGGGGGGGCGCCGC	CCCCCCCCGCGGGGGGCCCGCGGGGGGGGGGGGGCCCCGC	194472430	194472729	194472730	194472611	194472650	79	244705441	244705740	244705442	244705534	244705573	167	88
LigP_2520703_2520738	upstream_LG	downstream_LG	33	87.879	178	210	27	59	4.34e-06	GGCCCCGGGCCCGCGGCCCCGCCGCCCCCCCCC	GGCCCCGGGCCGGCCGCCCCCGCGCCCCCCCCC	2520404	2520703	2520704	2520582	2520614	89	2520738	2521037	2520739	2520765	2520797	240	151
LigP_2520475_19644002	upstream_LG	downstream_LG	29	86.207	150	178	128	156	0.001	CGCCCCGGCGGGCGGGGCGCCGGGCCCCC	CGCCGCGGCGGCGGGGGCCCCGGGCCCCC	2520176	2520475	2520476	2520326	2520354	121	19644002	19644301	19644003	19644130	19644158	143	22
LigP_230125254_230128331	upstream_LG	downstream_LG	32	84.375	30	61	235	266	0.004	CCCCCCCCGCCGGGCGGCCCGCGCCCGGCCCC	CCCCCCCCCCGGGGCCGCCCCCGCCCCGCCCC	230124955	230125254	230125255	230124985	230125016	238	230128331	230128630	230128332	230128566	230128597	33	205
LigP_28914558_28915241	upstream_LG	downstream_LG	47	85.106	235	281	137	183	2.78e-07	CGCGGCGCCGCGGCGGGCCGGGGGGGGGGGGCGCGGGCCGGCGGGCG	CGCGGCGGCCCGGCGGGCGCGGGGGGGGGCCCCCGGGCCGGCGGGCG	28914259	28914558	28914559	28914494	28914540	18	28915241	28915540	28915242	28915378	28915424	116	98
LigP_2520583_2522674	upstream_LG	downstream_LG	31	83.871	82	112	141	171	0.017	CCCCCGGCGGGGCCGCCGCCGGCCCGCCCGG	CCCCCCGCCGGGCCGCCGCGGCGCCGCCCGG	2520284	2520583	2520584	2520366	2520396	187	2522674	2522973	2522675	2522815	2522845	128	59
LigP_47416980_47418010	upstream_LG	downstream_LG	29	93.103	143	171	237	265	1.78e-08	GCCGGGCCGCCCGCGCGCGCGGCCGCGGC	GCCGGGCCCGCCGCGCGCGCGGCCGCGGC	47416681	47416980	47416981	47416824	47416852	128	47418010	47418309	47418011	47418247	47418275	34	94
LigP_165631487_165827609	upstream_LG	downstream_LG	67	80.597	227	293	143	209	6.78e-05	CCCCCCCCCGCCCCCGCCGGCGGGCCGGCGGCCCGGGCCCCCGCCCCCCCCGCCCCCCCCCCGCCCC	CCCCCCGCCGCCCGCGCGGGCGGGCGCGCGCCCCCCGCCCGCGCCCGCGCCGGGCCCCCCCCGCCCC	165631188	165631487	165631488	165631415	165631481	6	165827609	165827908	165827610	165827752	165827818	90	84
LigP_44802950_44803325	upstream_LG	downstream_LG	41	85.366	91	131	28	68	4.34e-06	CCCCCCCGCCCCCCCCCGGGGCCGCCCGCGGCGCCCCCGGC	CCCCCCCCCCCCCCGCCGGGGGGGCCCCCGGCGGCCCCGGC	44802651	44802950	44802951	44802742	44802782	168	44803325	44803624	44803326	44803353	44803393	231	63
LigP_222787997_241389301	upstream_LG	downstream_LG	37	86.486	86	122	221	257	4.34e-06	CCGCGCCGGCCGGCCGGGCGGGCCCCGGCGGGCGCGG	CCGCGCCGGCCGCCCGGGGGGGGCCGGGGGGGCGCGG	222787698	222787997	222787998	222787784	222787820	177	241389301	241389600	241389302	241389522	241389558	42	135
LigP_16725313_16726541	upstream_LG	downstream_LG	36	83.333	176	211	150	185	0.004	CCCGCGGGGCGCGGGGCGCCCGGGGCCCGGGGGCCC	CCCGGGGGGGGCGCGGCGCGGGGGGGCCGGGGGCCC	16725014	16725313	16725314	16725190	16725225	88	16726541	16726840	16726542	16726691	16726726	114	26
LigP_3155727_3324684	upstream_LG	downstream_LG	34	85.294	67	100	124	157	0.000268	CGCCGCCCCCGGGGCGCCCGCCCCCGCGGCCGGC	CGCCGCCCGCGGCCCGCCGGGCCCCGCGGCCGGC	3155428	3155727	3155728	3155495	3155528	199	3324684	3324983	3324685	3324808	3324841	142	57
LigP_11840581_11841031	upstream_LG	downstream_LG	30	90.0	46	75	2	31	1.1e-06	CCGCCCGCCCGCCCGGGGGGCCGGGGGCCG	CCGCCCGCCCCGCCGGGGGGGCGGGGGCCG	11840282	11840581	11840582	11840328	11840357	224	11841031	11841330	11841032	11841033	11841062	268	44
LigP_203128331_203128941	upstream_LG	downstream_LG	39	92.308	53	91	131	169	4.68e-12	GGGCGGGCCCCGGGCGGGCGGGCGCGGGGCGGGCGCGGG	GGGCGGGGGCCGGGCGGGCGGCCGCGGGGCGGGCGCGGG	203128032	203128331	203128332	203128085	203128123	208	203128941	203129240	203128942	203129072	203129110	130	78
LigP_16623547_16644450	upstream_LG	downstream_LG	33	87.879	221	253	5	37	4.34e-06	GGGGGCGGCGCGGGGGGGCGGGGCCCGGGCCCC	GGGGGCGGCCCGGGGGGGCCGCCCCCGGGCCCC	16623248	16623547	16623548	16623469	16623501	46	16644450	16644749	16644451	16644455	16644487	262	216
LigP_153535310_212432514	upstream_LG	downstream_LG	30	86.667	35	64	90	119	0.000268	CCGGGGGGGCGGGCCCGCGGCCCGGGGCCC	CCGGGGGGGCGCGCCCCCGGGGCGGGGCCC	153535011	153535310	153535311	153535046	153535075	235	212432514	212432813	212432515	212432604	212432633	180	55
LigP_16645038_32207759	upstream_LG	downstream_LG	35	85.714	45	79	149	183	6.78e-05	CCCGCCGGGGGGCCCCCCCCGCGGCCCCCCGCCGG	CCCGCCGGGGGCCCCGCCCCCGGGGCCCCCGCCGG	16644739	16645038	16645039	16644784	16644818	220	32207759	32208058	32207760	32207908	32207942	116	104
LigP_15715211_16644431	upstream_LG	downstream_LG	32	84.375	199	230	96	127	0.004	GCGCCCGGGCCCGCGCCCGGCGCCGCGGGCGG	GCGCCGGGGCCCGGGCGCGGGGCCCCGGGCGG	15714912	15715211	15715212	15715111	15715142	69	16644431	16644730	16644432	16644527	16644558	172	103
LigP_53287530_53684611	upstream_LG	downstream_LG	43	86.047	217	259	131	173	2.78e-07	GGGGCCCCGGGGCGCCGCCGGCCGGGGCCCGGGGGGGGGCGGG	GGGGCGCCGGGGGCCCGCCGGCCGGGGGGGGGGGGGGGGCGGG	53287231	53287530	53287531	53287448	53287490	40	53684611	53684910	53684612	53684742	53684784	126	86
LigP_207919138_230843098	upstream_LG	downstream_LG	32	84.375	237	268	255	286	0.004	GCCCCGCCCCCCGGGGCCCGGGCCCCGCGGGC	GCCCCGCCCCCGGGGCCCGGGCCCGCGCGGGC	207918839	207919138	207919139	207919076	207919107	31	230843098	230843397	230843099	230843353	230843384	13	18
LigP_2475369_2520796	upstream_LG	downstream_LG	34	85.294	204	237	250	283	0.000268	GGGGGGGGGCGGGCGGCCGCCCGGGGCCCCCCGG	GGGGGGGGGCGCGCGCCCGCCCCCGGGCCCCCGG	2475070	2475369	2475370	2475274	2475307	62	2520796	2521095	2520797	2521046	2521079	16	46
LigP_89821427_89821515	upstream_LG	downstream_LG	42	85.714	188	229	80	121	1.1e-06	GGGGCCGGGGGCCGCGGGGGGGGGCGGCGCGCGGGCGGGGCC	GGGGCGGGGGGGGGCGGGGGGGGGGGGCGCGCGCGGGGGGCC	89821128	89821427	89821428	89821316	89821357	70	89821515	89821814	89821516	89821595	89821636	178	108
LigP_9689511_116493451	upstream_LG	downstream_LG	58	84.483	238	295	42	99	4.51e-09	CCGGCCCCGGCCCCGCCCCGGCCCCGGGGGCGCCCCGCCCCCGGCCGGCGCCCCGCCC	CCGGCCCCGGCGCCGGCCCCGCGCCGGGGGCGCCCCGGCCCCCGCCCCCCCCCCGCCC	9689212	9689511	9689512	9689450	9689507	4	116493451	116493750	116493452	116493493	116493550	200	196
LigP_220787421_220788089	upstream_LG	downstream_LG	41	85.366	233	273	163	203	4.34e-06	CGGGGCGGGGCCGGGGGGGGGGGGGGGCCCCCGCCCCCCGG	CGGGGCCGGGCCCCGGGGGGGGCGGGGCCGCCGGCCCCCGG	220787122	220787421	220787422	220787355	220787395	26	220788089	220788388	220788090	220788252	220788292	96	70
LigP_3772870_80069775	upstream_LG	downstream_LG	36	83.333	133	168	19	54	0.004	CCGGCCCCCCCCCGCGCGGCCCCGCCCCCGCCCCCG	CCGGCCCGCCGCCGCGCGGGCCCGGCGCGGCCCCCG	3772571	3772870	3772871	3772704	3772739	131	80069775	80070074	80069776	80069794	80069829	245	114
LigP_204979063_235747333	upstream_LG	downstream_LG	30	83.333	111	140	83	112	0.065	GGGCGGCCCGCCGGGGGGCCGCCCGGGGCC	GGGCGCCCCGCGGGGCGGGCCCCCGGGGCC	204978764	204979063	204979064	204978875	204978904	159	235747333	235747632	235747334	235747416	235747445	187	28
LigP_16725247_101004002	upstream_LG	downstream_LG	34	88.235	8	41	119	152	1.1e-06	CCGGGGGGCGGCGGCGGCGGGGGGCGCCCCCCGG	CCGGGGGGCGGCGCCCGCGCGGGGCCCCCCCCGG	16724948	16725247	16725248	16724956	16724989	258	101004002	101004301	101004003	101004121	101004154	147	111
LigP_6625771_6701652	upstream_LG	downstream_LG	29	86.207	69	97	152	180	0.001	CGCCCGCCGGGCGGGCCGGCGGGCCGCGG	CGCCGGCCCGGCGGGGCGGGGGGCCGCGG	6625472	6625771	6625772	6625541	6625569	202	6701652	6701951	6701653	6701804	6701832	119	83
LigP_23977840_23979983	upstream_LG	downstream_LG	35	85.714	43	77	59	93	6.78e-05	CGCGCCCGCCCCCCCCCCGGGCGGGGCCCCGCGGC	CGCGCCCGCCCCGGCGCCGGGCCGGGCCGCGCGGC	23977541	23977840	23977841	23977584	23977618	222	23979983	23980282	23979984	23980042	23980076	206	16
LigP_2520670_2521354	upstream_LG	downstream_LG	35	85.714	99	133	75	109	6.78e-05	CCCCCGCCCCCCGCCCCGCGCGCCGCGCCGGGGCG	CCCCCCCCCCCCGCCCGGGGCCCCGCCCCGGGGCG	2520371	2520670	2520671	2520470	2520504	166	2521354	2521653	2521355	2521429	2521463	190	24
LigP_53946291_237593563	upstream_LG	downstream_LG	35	85.714	66	100	21	55	6.78e-05	CCCCGCCCCCCCCGGCCCCCGCCGCCCCGCGGGCC	CCCCGCCCCCCGGGGCGGCCGCCGCCGCGCGGGCC	53945992	53946291	53946292	53946058	53946092	199	237593563	237593862	237593564	237593584	237593618	244	45
LigP_2475290_2480148	upstream_LG	downstream_LG	31	83.871	109	139	227	257	0.017	GCCCGGCCCGGCCGGGCGCGGCCCCGGCCGC	GCCCGGCCGGGGCCGGCGGGCCCCCGGCCGC	2474991	2475290	2475291	2475100	2475130	160	2480148	2480447	2480149	2480375	2480405	42	118
LigP_3155709_5993842	upstream_LG	downstream_LG	44	84.091	179	222	95	138	1.72e-05	CGGGGGGGGGGGGGCCGCGGGCCCCCGGCGCGGCCGCCGGCCCC	CGGGGGGGGGGGGGGGGCGGCCCCCGGCGGCGGCCCCCGGCCCC	3155410	3155709	3155710	3155589	3155632	77	5993842	5994141	5993843	5993937	5993980	161	84
LigP_208024796_208031834	upstream_LG	downstream_LG	32	84.375	89	120	78	109	0.004	CCCGGCCCCCCGCCCCCCGCCCCCCGGCCGGC	CCCGGCCCCCCCCGCCCCCCCGGCCGGCCGGC	208024497	208024796	208024797	208024586	208024617	179	208031834	208032133	208031835	208031912	208031943	190	11
LigP_7704695_7752726	upstream_LG	downstream_LG	34	82.353	251	284	116	149	0.065	CGGGGGGCGGGGCCCGGCCCGGCGGGCCCGCCGC	CGGGGGGCGCGCCGCGGCGCGGCGCGCCGGCCGC	7704396	7704695	7704696	7704647	7704680	15	7752726	7753025	7752727	7752842	7752875	150	135
LigP_1347300_1347525	upstream_LG	downstream_LG	41	82.927	235	275	11	51	0.001	GCCCCCCGCGGGCCCGCGGCCCCCGGGGCCGCGCGCCGGGG	GCCCGCCGCGGGCGCGCGCCGCCGGGGGGCGCGCGGCGGGG	1347001	1347300	1347301	1347236	1347276	24	1347525	1347824	1347526	1347536	1347576	248	224
LigP_53470408_101900929	upstream_LG	downstream_LG	31	83.871	139	169	90	120	0.017	GGGCGGCGCCCCGGGGGGCGGCCGGCCGCCG	GGGCCGCGCCGCCGGGGCCGGCCCGCCGCCG	53470109	53470408	53470409	53470248	53470278	130	101900929	101901228	101900930	101901019	101901049	179	49
LigP_19665206_19667651	upstream_LG	downstream_LG	32	87.5	82	113	39	70	1.72e-05	GGCGCCCGCCGCGGCCGCGGGCGGCGGGGCGG	GGCGCCCGCCCCGCCCCCGGGCGCCGGGGCGG	19664907	19665206	19665207	19664989	19665020	186	19667651	19667950	19667652	19667690	19667721	229	43
LigP_43547552_211105171	upstream_LG	downstream_LG	34	88.235	92	125	56	89	1.1e-06	GGGGGGGCCGGGGCCCCGCCCCCCCCGGGCGGGG	GGGGGGGGGGGGGCCCCCCCGCCCCCGGGCGGGG	43547253	43547552	43547553	43547345	43547378	174	211105171	211105470	211105172	211105227	211105260	210	36
LigP_2238429_2310805	upstream_LG	downstream_LG	35	82.857	21	55	241	275	0.017	GGGGGGGGCCGGGCCCCGCCGCCCGCGCCCGGGGG	GGGGGGGGCGGGGGCCCGGGGGCCGCGCCGGGGGG	2238130	2238429	2238430	2238151	2238185	244	2310805	2311104	2310806	2311046	2311080	24	220
LigP_53946309_54763487	upstream_LG	downstream_LG	33	84.848	81	113	137	169	0.001	CCGGGGCGCGGGGCCGCCCCCGCGCGCCCCCCC	CCGGGGGGCCGGGGCGGCCCCGCCCGCCCCCCC	53946010	53946309	53946310	53946091	53946123	186	54763487	54763786	54763488	54763624	54763656	130	56
LigP_25873549_26695556	upstream_LG	downstream_LG	34	82.353	124	157	183	216	0.065	CCCCGCCCCCGGCCGGCCCCCCGGCCCCCCGGCG	CCCCGCCCCCCCCCGGGCCCCCCCCGCCCCGGCG	25873250	25873549	25873550	25873374	25873407	142	26695556	26695855	26695557	26695739	26695772	83	59
LigP_6260374_70302025	upstream_LG	downstream_LG	35	82.857	252	286	137	171	0.017	GCGCCCCCCCCGGCCCCCGCCCCCGCGGCCCCGGC	GCGCCGCCCCCGCCCCCGGGCCCGCCGGCCCCGGC	6260075	6260374	6260375	6260327	6260361	13	70302025	70302324	70302026	70302162	70302196	128	115
LigP_16644749_16644846	upstream_LG	downstream_LG	31	87.097	111	141	115	145	6.78e-05	CGGGCGCCCCCGCGGCGGGCCGGGCCGGGCC	CGGGCGCCCCCGGGGCCGCCCGGGCGGGGCC	16644450	16644749	16644750	16644561	16644591	158	16644846	16645145	16644847	16644961	16644991	154	4
LigP_2475267_2494136	upstream_LG	downstream_LG	33	93.939	55	87	61	93	7.31e-11	GGCCCGCCCCCGCCGGGGGCGGCGGGGCCCGCG	GGCCCGCCCCCGGCGGGGCCGGCGGGGCCCGCG	2474968	2475267	2475268	2475023	2475055	212	2494136	2494435	2494137	2494197	2494229	206	6
LigP_245703514_246313633	upstream_LG	downstream_LG	31	90.323	149	179	50	80	2.78e-07	GGCGGCGCGGCCGGGCGGGCCCGGGGGGCCG	GGCGGCGCGGGCGGGCGGCCCCGGGGCGCCG	245703215	245703514	245703515	245703364	245703394	120	246313633	246313932	246313634	246313683	246313713	219	99
LigP_3783861_6785169	upstream_LG	downstream_LG	46	84.783	148	193	53	98	1.1e-06	GGCCCGCGCCCCGCCCCGCCCCGCCCCGGGGGCCGCCCGCCCCCCG	GGCCGGCGCCCCCCCCCCGCCCGCCCCCGGGGGGGCCCGCCCCCCG	3783562	3783861	3783862	3783710	3783755	106	6785169	6785468	6785170	6785222	6785267	201	95
LigP_26500757_26541786	upstream_LG	downstream_LG	39	82.051	231	269	238	276	0.017	CCCGGGCCCGGCCCGGCCCGGGCCCGCGCCCGCCCCGGG	CCCGGGGCCGCCCCCGCCGGGGGCCGCGCGGGCCCCGGG	26500458	26500757	26500758	26500689	26500727	30	26541786	26542085	26541787	26542024	26542062	23	7
LigP_13763031_16644477	upstream_LG	downstream_LG	30	86.667	133	162	41	70	0.000268	CGGGGGCGCGGCCGCGGGCGGGGGGCGGCC	CGGGCGCGGGGCCCCGGGCGGGGGCCGGCC	13762732	13763031	13763032	13762865	13762894	137	16644477	16644776	16644478	16644518	16644547	229	92
LigP_40861840_165594791	upstream_LG	downstream_LG	31	83.871	110	140	248	278	0.017	GCCCGGGCGGCCCGCGCGCGCGGCGCGGCCC	GCCCGGGGGCCCCGCCCGCGGGGCCCGGCCC	40861541	40861840	40861841	40861651	40861681	159	165594791	165595090	165594792	165595039	165595069	21	138
LigP_230859102_231040105	upstream_LG	downstream_LG	33	84.848	106	138	196	228	0.001	CGGGGCCCCGGGGGGGCCGCGGGGGGGGGGGGG	CGGGGCCGGGGGGGCGCGGCGCGGGGGGGGGGG	230858803	230859102	230859103	230858909	230858941	161	231040105	231040404	231040106	231040301	231040333	71	90
LigP_16725223_42748644	upstream_LG	downstream_LG	37	86.486	22	58	219	255	4.34e-06	GCGGGGCGGGCCGGGGGGCGGCGGCGGCGGGGGGCGC	GCGGGGCGCGCCGGGGGCCCGCGCCGGGGGGGGGCGC	16724924	16725223	16725224	16724946	16724982	241	42748644	42748943	42748645	42748863	42748899	44	197
LigP_24295408_156213012	upstream_LG	downstream_LG	39	82.051	56	94	156	194	0.017	CGCCCCGGCCGCCGCCGCCCGCCCCCCGCCGGCGGGCGG	CGCCCCCGCCGCGGCCGCGCCCGCCCCGCCCGCCGGCGG	24295109	24295408	24295409	24295165	24295203	205	156213012	156213311	156213013	156213168	156213206	105	100
LigP_16644827_169122061	upstream_LG	downstream_LG	30	90.0	52	81	261	290	1.1e-06	CCGGGCCGGGCCGCGGGGGGGGCGGCCGGG	CCGGCCCGGGCCGCGGGCGGGGCGCCCGGG	16644528	16644827	16644828	16644580	16644609	218	169122061	169122360	169122062	169122322	169122351	9	209
LigP_13762917_16644435	upstream_LG	downstream_LG	57	82.456	22	78	49	105	4.34e-06	GGGGCCCCGGCCCGGGGGCGGCGCGGGGCGGCCCCCGGGGGCCGGCGCCGGGGGGGG	GGGGCCCCGGGCGGGGGCCGGCCCGGCGGGCCCCCCGGGGCCCGGGGCCGGGCGGGG	13762618	13762917	13762918	13762640	13762696	221	16644435	16644734	16644436	16644484	16644540	194	27
LigP_2237892_2238089	upstream_LG	downstream_LG	30	83.333	228	257	91	120	0.065	CCGCCCCGCGGGGCGCGCGCGGGCGCCCCG	CCGCCCCCCGGGGGGGGCCCGGGCCCCCCG	2237593	2237892	2237893	2237821	2237850	42	2238089	2238388	2238090	2238180	2238209	179	137
LigP_16644914_17163576	upstream_LG	downstream_LG	37	86.486	207	243	70	106	4.34e-06	GCCCCGGGCCCCGGCCCCGCCGGGGGGCCCCGCCGCC	GCCCCGGGGGCCGCCCCCGCGGGGGGGCCCCCCCGCC	16644615	16644914	16644915	16644822	16644858	56	17163576	17163875	17163577	17163646	17163682	193	137
LigP_32072869_32073032	upstream_LG	downstream_LG	31	90.323	139	169	157	187	2.78e-07	GCCCCGGCCCGGGGGGCGCCGGGGGGGGGCG	GCCCCGCCCCGCGGGGCGGCGGGGGGGGGCG	32072570	32072869	32072870	32072709	32072739	130	32073032	32073331	32073033	32073189	32073219	112	18
LigP_16725199_22474303	upstream_LG	downstream_LG	43	83.721	128	170	173	215	6.78e-05	GGGGGGGGGCCCGCGGCCCGCGCCCCCCGGCCCGCGGGGGGGG	GGGGGGGGGCCCCCGGCGGCCGCCCCCGGGGGCGCGGGGGGGG	16724900	16725199	16725200	16725028	16725070	129	22474303	22474602	22474304	22474476	22474518	84	45
LigP_16644720_16644704	upstream_LG	downstream_LG	31	87.097	140	170	257	287	6.78e-05	CGGGCGCCCCCGCGGCGGGCCGGGCCGGGCC	CGGGCGCCCCCGGGGCCGCCCGGGCGGGGCC	16644421	16644720	16644721	16644561	16644591	129	16644704	16645003	16644705	16644961	16644991	12	117
LigP_205429483_205430500	upstream_LG	downstream_LG	30	83.333	236	265	116	145	0.065	CCGCGCCGCGCCGGGCGGGCGCGGGGGCCG	CCGCGCCCGGCCGGGGGGCCGCGCGGGCCG	205429184	205429483	205429484	205429420	205429449	34	205430500	205430799	205430501	205430616	205430645	154	120
LigP_2238448_2267281	upstream_LG	downstream_LG	31	87.097	148	178	79	109	6.78e-05	CCCCCCCGCGGCCCCCCGGGCGGCCGGGCCG	CCCCCCCCCCGCCCCCCGCGGGGCCGGGCCG	2238149	2238448	2238449	2238297	2238327	121	2267281	2267580	2267282	2267360	2267390	190	69
LigP_2475305_199737215	upstream_LG	downstream_LG	31	83.871	23	53	194	224	0.017	CCCCCGCCGGGGGCGGCGGGGCCCGCGGCGG	CCCCCGCGGGGGGGGGCGCCGCCCGGGGCGG	2475006	2475305	2475306	2475029	2475059	246	199737215	199737514	199737216	199737409	199737439	75	171
LigP_111813066_114716507	upstream_LG	downstream_LG	44	81.818	17	60	48	91	0.004	GGCGCGGGGGGCCGGGCGCGGGCCGGCGGGGGGGGCCGGGGGCC	GGCGCCGGGGGCGGGGCGGGGCCCGCCGGCCGGGGGCGGGGGCC	111812767	111813066	111813067	111812784	111812827	239	114716507	114716806	114716508	114716555	114716598	208	31
LigP_13772400_16644446	upstream_LG	downstream_LG	42	83.333	77	118	66	107	0.000268	GGGGCCGGGGCGCCGGCCCCCGGGGGGGCGGGGGCCCGGCGG	GGGGCCCGGGCGCGGGGCCCCGGGCGGGGGCCGGCCCGGCGG	13772101	13772400	13772401	13772178	13772219	181	16644446	16644745	16644447	16644512	16644553	192	11
LigP_2238475_2289003	upstream_LG	downstream_LG	47	85.106	111	157	37	83	2.78e-07	CGCGGCCCCCCCCCCCCGCGGCCCCCCGGGCGGCCGGGCCGGGCCGG	CGCGGCCCCCCCCCGGCCCCGCCCCCCGGGCGGGCGCGGCGGGCCGG	2238176	2238475	2238476	2238287	2238333	142	2289003	2289302	2289004	2289040	2289086	216	74
LigP_248692140_248698336	upstream_LG	downstream_LG	39	82.051	73	111	128	166	0.017	CCGCGGGCCCCCGGGCCGGGCGGCGCCCCCGGGCCCCGG	CCGCCGGCGCCCGGGGGGGGGGGCGCGCCCGCGCCCCGG	248691841	248692140	248692141	248691914	248691952	188	248698336	248698635	248698337	248698464	248698502	133	55
LigP_6785468_6786234	upstream_LG	downstream_LG	30	86.667	203	232	247	276	0.000268	CGGCGGGGGCGGCGGGCGGCGGCCGCGCGG	CGGCGGGGGGGGCCGGCGGGGGGCGCGCGG	6785169	6785468	6785469	6785372	6785401	67	6786234	6786533	6786235	6786481	6786510	23	44
LigP_41013009_41023981	upstream_LG	downstream_LG	30	83.333	145	174	60	89	0.065	GGGGGGGGGGGCGGGCGCGGCCCGGGGGGG	GGGGCGGGGGGCGCGGGGGGCCCCGGGGGG	41012710	41013009	41013010	41012855	41012884	125	41023981	41024280	41023982	41024041	41024070	210	85
LigP_244705832_244707948	upstream_LG	downstream_LG	37	86.486	20	56	48	84	4.34e-06	GCGGGCCCCCCGCGGGGGGGGGGCCCCCCGCCGGGCC	GCGGGGCCCCCCGGGGGGGGGCGCCCCCCGCCCGGCC	244705533	244705832	244705833	244705553	244705589	243	244707948	244708247	244707949	244707996	244708032	215	28
LigP_211133813_211133964	upstream_LG	downstream_LG	31	87.097	17	47	230	260	6.78e-05	GCGCCGCCGCCCCGGCCGCGGCCGGCCCCCC	GCGCCGCCGGCCCGGGCGCCGCCGCCCCCCC	211133514	211133813	211133814	211133531	211133561	252	211133964	211134263	211133965	211134194	211134224	39	213
LigP_13786836_16644484	upstream_LG	downstream_LG	32	93.75	41	72	208	239	2.89e-10	GCCCGGCCCGGGGCGGGCGCCGCGGCGGGGGG	GCCCGGCCCCGGGCGGGCGCCGCGGCCGGGGG	13786537	13786836	13786837	13786578	13786609	227	16644484	16644783	16644485	16644692	16644723	60	167
LigP_234608641_234610532	upstream_LG	downstream_LG	33	84.848	235	267	66	98	0.001	CGCGCGCGGCCCCGGGCCCGCCGGCCCGGCCCC	CGCGCCCGGCGCCGGGCCCCCGGGCGCGGCCCC	234608342	234608641	234608642	234608577	234608609	32	234610532	234610831	234610533	234610598	234610630	201	169
LigP_155254853_155254868	upstream_LG	downstream_LG	34	91.176	243	276	72	105	4.51e-09	GGCGGGGGCGGGGGCGGGCGGGGCCCCCGGCGCC	GGCGGGGGGGGGGGGGGGCGGGGCCCCGGGCGCC	155254554	155254853	155254854	155254797	155254830	23	155254868	155255167	155254869	155254940	155254973	194	171
LigP_211133695_211133899	upstream_LG	downstream_LG	35	85.714	25	59	155	189	6.78e-05	GGGGCCGCCCGCCCCCGCCGCCGGCCCCCCCCGGG	GGGGCCGCCGGCCCCGCCCGCGGGCCCCCGCCGGG	211133396	211133695	211133696	211133421	211133455	240	211133899	211134198	211133900	211134054	211134088	110	130
LigP_24995889_214280853	upstream_LG	downstream_LG	35	88.571	75	109	175	209	2.78e-07	CCCGGGGGGCCCGCCCCGCGCCCCGGCCCCCGGCG	CCCGGCGGCCCCGCCCGGCGCCGCGGCCCCCGGCG	24995590	24995889	24995890	24995665	24995699	190	214280853	214281152	214280854	214281028	214281062	90	100
LigP_2238560_2238789	upstream_LG	downstream_LG	29	93.103	57	85	171	199	1.78e-08	GGCCGGGCCGGGCCGGGCCCCCGCGCCCC	GGCCGCGCCGGGCCGGGCCCCCGCCCCCC	2238261	2238560	2238561	2238318	2238346	214	2238789	2239088	2238790	2238960	2238988	100	114
LigP_16725342_42419523	upstream_LG	downstream_LG	32	84.375	92	123	61	92	0.004	CGGGGGGGGGGCCCCGGGGCGGGGCCCGCGCC	CGGGGGGCGGGCCCGGGGCGGGGGCGCGCGCC	16725043	16725342	16725343	16725135	16725166	176	42419523	42419822	42419524	42419584	42419615	207	31
LigP_16645015_17046071	upstream_LG	downstream_LG	42	83.333	203	244	214	255	0.000268	GGCCGGGGCCCCCGGGCCGCCCGCCCCCCGCCCGCGCCCGGG	GGCCGGCGCCCCCGGGGGCCCCCCCCCCCGCCCCCCCCCGGG	16644716	16645015	16645016	16644919	16644960	55	17046071	17046370	17046072	17046285	17046326	44	11
LigP_16725339_37243477	upstream_LG	downstream_LG	44	84.091	190	233	147	190	1.72e-05	CCCGCCGGCCCCCGCGGCCCCCGGGGCCCCCGGGGGCCGGGGGC	CCCGCCGGCCCCCGGCGGGCCCGGGGCCCCCCGCGGCGGGGGGC	16725040	16725339	16725340	16725230	16725273	66	37243477	37243776	37243478	37243624	37243667	109	43
LigP_27603615_155944173	upstream_LG	downstream_LG	36	83.333	254	289	214	249	0.004	CCCCCCGCCGCCGGCCCCGCCGGGCGCGGCCCCCCG	CCCCCCGCCCCCCCCCCCCCCGGGGGCCGCCCCCCG	27603316	27603615	27603616	27603570	27603605	10	155944173	155944472	155944174	155944387	155944422	50	40
LigP_16612785_17315762	upstream_LG	downstream_LG	37	86.486	22	58	41	77	4.34e-06	CGGGGCGCCGGGGCCCGCCCCCCCGGCGGGGGGGGGG	CGGGGCCCCGGGGCCCCCCCCGGGGGCGGGGGGGGGG	16612486	16612785	16612786	16612508	16612544	241	17315762	17316061	17315763	17315803	17315839	222	19
LigP_6451793_6467538	upstream_LG	downstream_LG	30	83.333	6	35	29	58	0.065	CCCGCCCGGCCCCGGCCCGGGGGGGGGGCC	CCCGCCCCCCCCCCGCCCCGCGGGGGGGCC	6451494	6451793	6451794	6451500	6451529	264	6467538	6467837	6467539	6467567	6467596	241	23
LigP_3241135_3368203	upstream_LG	downstream_LG	34	85.294	104	137	220	253	0.000268	CCCCCGCCGGGGCGCGGGGGGGCCGGGGGCGCGG	CCCCCGCGGGCGCCCGGGGCGGCCGCGGGCGCGG	3240836	3241135	3241136	3240940	3240973	162	3368203	3368502	3368204	3368423	3368456	46	116
LigP_149010669_223242842	upstream_LG	downstream_LG	38	86.842	45	82	14	51	1.1e-06	GCGCCCCCCCCCGCCCGCGGGCCCCGCGGGCCCCGCCC	GCGCCCCCCCCCCCCCGCGCCCCCCGGCGGCCCCGCCC	149010370	149010669	149010670	149010415	149010452	217	223242842	223243141	223242843	223242856	223242893	248	31
LigP_226407817_226407753	upstream_LG	downstream_LG	33	81.818	138	170	83	115	0.26	CGGGGGGGGGGGCGGCCGCGGCCCCGCGGGCCC	CGGGGGGCGCGGCGGGGGCGCCCCCGGGGGCCC	226407518	226407817	226407818	226407656	226407688	129	226407753	226408052	226407754	226407836	226407868	184	55
LigP_54886917_54886905	upstream_LG	downstream_LG	48	85.417	9	56	69	116	7.04e-08	CCCGCGCCCCCCCCCCCCCCCCCCCCCCGCCCCCCCCCGGGCGCCCGC	CCCGCGCGCCCCCCCCCCCCGCCGCCCCCGCCCGCCCCCGGCGCCCGC	54886618	54886917	54886918	54886627	54886674	243	54886905	54887204	54886906	54886974	54887021	183	60
LigP_46603415_46603698	upstream_LG	downstream_LG	31	87.097	243	273	239	269	6.78e-05	GGCGGCCCCCCCCCCGGGGCCCCCCCGGGGC	GGCGGCGCCCGCCCCGCGGCCCGCCCGGGGC	46603116	46603415	46603416	46603359	46603389	26	46603698	46603997	46603699	46603937	46603967	30	4
LigP_2236207_2238095	upstream_LG	downstream_LG	35	88.571	23	57	190	224	2.78e-07	CCGCCCGGGGGGGGGCGGGCGGGGGGGGCCCCGGG	CCGCCCGGGGGGCCGCGGGGGGGGGGGGCCGCGGG	2235908	2236207	2236208	2235931	2235965	242	2238095	2238394	2238096	2238285	2238319	75	167
LigP_54407463_54488103	upstream_LG	downstream_LG	30	86.667	26	55	66	95	0.000268	GGGGGGGGGGGGGGCGGCCCCCCCCGGGCC	GGGGGGCGGGGGGGGGGGCCCCCGCGGGCC	54407164	54407463	54407464	54407190	54407219	244	54488103	54488402	54488104	54488169	54488198	204	40
LigP_25430941_235327340	upstream_LG	downstream_LG	51	86.275	39	89	178	228	1.14e-09	CCCGGCGGGCCCGGCCGGGGGCCCGGGCGCCGCGGCGGCCGGCGCGCCCCC	CCCGGCGGCCGCGGCCGGGGGCCCGGGCGGGGCGGGGGCCGCCCCGCCCCC	25430642	25430941	25430942	25430681	25430731	210	235327340	235327639	235327341	235327518	235327568	71	139
