LigP_ID	query_ID	subject_ID	length	perc_id	q_start	q_end	s_start	s_end	evalue	q_seq	s_seq	start_harbor	end_harbor	end_LG1	start_homolog1	end_homolog1	LG1_distance	start_harbor2	end_harbor2	end_LG2	start_homolog2	end_homolog2	LG2_distance	Ligshift
LigP_100674883_109566917	upstream_LG	downstream_LG	33	84.848	44	76	63	95	0.001	CGGGCCGCCGCGCGGGGCCCGGGGCGCGGCGGC	CGGGCCGCCGGGCGGGCGCCCGGGCGGGGCGGC	100674584	100674883	100674884	100674628	100674660	223	109566917	109567216	109566918	109566980	109567012	204	19
LigP_94712330_94716383	upstream_LG	downstream_LG	33	84.848	231	263	254	286	0.001	GGGCGGGCCGCCCCCGGGGCGCCCCGGCCCCCC	GGGCCGGCCGCCGCCGCGGCCCCCCCGCCCCCC	94712031	94712330	94712331	94712262	94712294	36	94716383	94716682	94716384	94716637	94716669	13	23
LigP_44577882_44578143	upstream_LG	downstream_LG	40	82.5	165	204	138	177	0.004	GGCGGGGGGGGGGGCGCGGCGCGGGGGGGCCGGCGGGGGC	GGCGGGGGGGGCGCCGCCGCCCGGGGGCGCCCGCCGGGGC	44577583	44577882	44577883	44577748	44577787	95	44578143	44578442	44578144	44578281	44578320	122	27
LigP_36993556_36999102	upstream_LG	downstream_LG	49	81.633	58	106	88	136	0.001	CCGGGGGGGGGGGGGGCGCGGGCCGGCGGGCGGCGGGGGCCCCCGCCCC	CCGGCGGGGGCGGGGGCGGGGGCCCGCGCGGGCCGGGGCCCGCCGCCCC	36993257	36993556	36993557	36993315	36993363	193	36999102	36999401	36999103	36999190	36999238	163	30
LigP_20415144_20420297	upstream_LG	downstream_LG	32	84.375	41	72	215	246	0.004	GCCGCCCCCCCCCCCGCGCCCCCGCGGCCCGG	GCCGGCCCCCCCCCCCCCCCCCCCGGGCCCGG	20414845	20415144	20415145	20414886	20414917	227	20420297	20420596	20420298	20420512	20420543	53	174
LigP_36999467_37293666	upstream_LG	downstream_LG	32	87.5	79	110	257	288	1.72e-05	CCGCGGCCGCCGGCGCCGCGCCGGGCGCCGCC	CCGCGGCCGCCCGCGGCCCGCGGGGCGCCGCC	36999168	36999467	36999468	36999247	36999278	189	37293666	37293965	37293667	37293923	37293954	11	178
LigP_27828633_27829890	upstream_LG	downstream_LG	30	86.667	24	53	132	161	0.000268	GCCCGCGCGCCCGCCGCGCGCGGCCCCCCG	GCCCGCGCCCCCGCGGCCGGCGGCCCCCCG	27828334	27828633	27828634	27828358	27828387	246	27829890	27830189	27829891	27830022	27830051	138	108
LigP_113730010_113825841	upstream_LG	downstream_LG	31	87.097	193	223	205	235	6.78e-05	CGGCCGCGCCCGGGCCCGCCCCCCCGCCCCG	CGGCCCCGCCCCGCCCCGCGCCCCCGCCCCG	113729711	113730010	113730011	113729904	113729934	76	113825841	113826140	113825842	113826046	113826076	64	12
LigP_20414697_20414804	upstream_LG	downstream_LG	33	81.818	266	298	31	63	0.26	CCCCCCGCGGCGCGGGCCGCGGGGCGGGGGGCG	CCCCCGGCGGCGGGGGCGCCCGGGGGGGGGGCG	20414398	20414697	20414698	20414664	20414696	1	20414804	20415103	20414805	20414835	20414867	236	235
LigP_50125211_50125517	upstream_LG	downstream_LG	31	83.871	90	120	55	85	0.017	CCCCCCCCCGGCCCCGGCGGGGCGGCCCGCG	CCCCCCCCCCGCGGCGCCGGCGCGGCCCGCG	50124912	50125211	50125212	50125002	50125032	179	50125517	50125816	50125518	50125572	50125602	214	35
LigP_113818181_113825842	upstream_LG	downstream_LG	35	82.857	72	106	27	61	0.017	GCCCCGGCCCGGGGGGGGCGGGGGCCGGGCGGGGG	GCCCCGGGCCCGGGGGGGCCCGCGCGGGGCGGGGG	113817882	113818181	113818182	113817954	113817988	193	113825842	113826141	113825843	113825869	113825903	238	45
LigP_113813648_113825845	upstream_LG	downstream_LG	40	90.0	109	148	20	59	2.89e-10	GGCCCCGGGCCCGGGGGGGGGGGGGCGGGGCGGGGGGGGG	GGCCCCGGGCCCGGGGGGGCCCGCGCGGGGCGGGGGGGGG	113813349	113813648	113813649	113813458	113813497	151	113825845	113826144	113825846	113825865	113825904	240	89
LigP_48233653_60396903	upstream_LG	downstream_LG	31	83.871	268	298	129	159	0.017	CCCCCCGCGGGCCCGCGGCCCCCCCGCGGGG	CCCCCCGGGGGCCCCCGCCCGCCCCGGGGGG	48233354	48233653	48233654	48233622	48233652	1	60396903	60397202	60396904	60397032	60397062	140	139
LigP_113826183_113835845	upstream_LG	downstream_LG	38	84.211	75	112	259	296	0.000268	CCGCCCCCCGCGCGCGCGGGGGCCCCGCCGCGGGCGGC	CCGCCCCCCCCGCCCCGGGGCGCCCGGCCGCGGGCGGC	113825884	113826183	113826184	113825959	113825996	187	113835845	113836144	113835846	113836104	113836141	3	184
LigP_20415191_20428819	upstream_LG	downstream_LG	34	85.294	265	298	206	239	0.000268	GCGGGCGGGGCCCGCCCCCGCCCGGGGGGCCGCC	GCGGCCGGGGCCCGCCGCCCCCCCGGGGCCCGCC	20414892	20415191	20415192	20415157	20415190	1	20428819	20429118	20428820	20429025	20429058	60	59
LigP_100674913_100948572	upstream_LG	downstream_LG	30	83.333	203	232	234	263	0.065	CGGGCCCGGCGGGGGGGGGGGCCGCCCGCC	CGGGCCCGGGCGCGGGGGGGGGCCCCCGCC	100674614	100674913	100674914	100674817	100674846	67	100948572	100948871	100948573	100948806	100948835	36	31
LigP_110354286_110354436	upstream_LG	downstream_LG	34	88.235	208	241	116	149	1.1e-06	GCCCGGGGGGCCCGCCCGCCCCCCCCGGGCGGCC	GCCCCGGGGGCCCCCGCGCCCCCCCCCGGCGGCC	110353987	110354286	110354287	110354195	110354228	58	110354436	110354735	110354437	110354552	110354585	150	92
LigP_100674880_100884943	upstream_LG	downstream_LG	37	83.784	95	131	103	139	0.001	CCCGCCCCGCGCCCGGCCCCGCCCGCCCCGCGGCGCG	CCCGCCCCGGGGCCCGCCCCGGCCCCCCCGGGGCGCG	100674581	100674880	100674881	100674676	100674712	168	100884943	100885242	100884944	100885046	100885082	160	8
LigP_113826143_113826916	upstream_LG	downstream_LG	34	88.235	13	46	240	273	1.1e-06	GCGGGGCCCCCCCCCCCGCCCCGCGCGGGCCCCC	GCGGGGGCCCCCCCGCCCCCCCGGGCGGGCCCCC	113825844	113826143	113826144	113825857	113825890	253	113826916	113827215	113826917	113827156	113827189	26	227
LigP_98525552_110879521	upstream_LG	downstream_LG	29	86.207	219	247	268	296	0.001	CCCCCCGGGGCGGGGGGGCCGGGGGGCGG	CCCCCCCGGGCGGGGGGCGCCGGGGGCGG	98525253	98525552	98525553	98525472	98525500	52	110879521	110879820	110879522	110879789	110879817	3	49
LigP_51910105_58528869	upstream_LG	downstream_LG	43	86.047	174	216	192	234	2.78e-07	CCCCGCCCGGGGCGCCCCGCGCCCCCGCCCCCGGCCCCCCCCC	CCCCGCCCGGGGCGCCCGGGCCCCCCCCCCCCCGGCCCCCCCC	51909806	51910105	51910106	51909980	51910022	83	58528869	58529168	58528870	58529061	58529103	65	18
LigP_27807986_27829882	upstream_LG	downstream_LG	32	90.625	266	297	40	71	7.04e-08	GGGCCGGCCCCGGGGCCCCCCCCCGCGGGGGG	GGGCGGGCCCGGGGGCCCCCCCCCGGGGGGGG	27807687	27807986	27807987	27807953	27807984	2	27829882	27830181	27829883	27829922	27829953	228	226
LigP_94712323_95100040	upstream_LG	downstream_LG	30	86.667	116	145	11	40	0.000268	CGCCCGGCCGGCCGGGGCCCGCCGCGCCCC	CGCCCGCCCGGCCGGGGGCCCCCGGGCCCC	94712024	94712323	94712324	94712140	94712169	154	95100040	95100339	95100041	95100051	95100080	259	105
LigP_20415122_24281327	upstream_LG	downstream_LG	43	83.721	255	297	5	47	6.78e-05	CCGCCCCCGGCCGGGCCCGGCCCCCCCGCCCCGGGGCGCCCCC	CCGCCCCCCGCCCGCCCCCGCCCCCCCGCCCGGGCCCGCCCCC	20414823	20415122	20415123	20415078	20415120	2	24281327	24281626	24281328	24281332	24281374	252	250
LigP_28820364_28820604	upstream_LG	downstream_LG	31	87.097	267	297	157	187	6.78e-05	GGGCGGGCGGGGGCGGCGGCGGGCGCCGGCG	GGGCGGGCGGCGCGGGCGGGGGGCGCCGGCG	28820065	28820364	28820365	28820332	28820362	2	28820604	28820903	28820605	28820761	28820791	112	110
LigP_99573103_99634744	upstream_LG	downstream_LG	42	83.333	69	110	44	85	0.000268	CCGGCGGGGCGGCCCGGGGGCGCCGCCCCGGCGCCCCGCCCG	CCGGCGGGGCGGGGGGGGGGCCCGGCCCCGGCCCCCGGCCCG	99572804	99573103	99573104	99572873	99572914	189	99634744	99635043	99634745	99634788	99634829	214	25
LigP_28025913_113825851	upstream_LG	downstream_LG	45	82.222	50	94	34	78	0.001	CGCCGGCCGGCGGGCGCCGGCCGCGCGCGCCGGGCCCGGCGGGGC	CGCCGGCCCCCGGGCGCCCGGCGGGGGCCCCGGGCCCGGGGGGGC	28025614	28025913	28025914	28025664	28025708	205	113825851	113826150	113825852	113825885	113825929	221	16
LigP_113825830_113825860	upstream_LG	downstream_LG	29	86.207	87	115	3	31	0.001	GGGGGGCGCGCGCGGCGCCGGGCGGGGGG	GGGGGGCCCGCGCGGGGCGGGGGGGGGGG	113825531	113825830	113825831	113825618	113825646	184	113825860	113826159	113825861	113825863	113825891	268	84
LigP_113826162_113827158	upstream_LG	downstream_LG	30	86.667	10	39	36	65	0.000268	CGCCCCGCGCGGGCCCCCCCGGGCCCGGGG	CGCCCGGCGCGGGGCCCCCCGCCCCCGGGG	113825863	113826162	113826163	113825873	113825902	260	113827158	113827457	113827159	113827194	113827223	234	26
LigP_110354343_110354471	upstream_LG	downstream_LG	34	88.235	151	184	81	114	1.1e-06	GCCCGGGGGGCCCGCCCGCCCCCCCCGGGCGGCC	GCCCCGGGGGCCCCCGCGCCCCCCCCCGGCGGCC	110354044	110354343	110354344	110354195	110354228	115	110354471	110354770	110354472	110354552	110354585	185	70
LigP_113826254_113837193	upstream_LG	downstream_LG	33	84.848	217	249	241	273	0.001	CCCCGCCCCCCCCCCCCCGGGCCCGGGCCCGCC	CCCCCCCCCCCCCGCGCCGCGCCCGGGCGCGCC	113825955	113826254	113826255	113826172	113826204	50	113837193	113837492	113837194	113837434	113837466	26	24
LigP_19561421_23174594	upstream_LG	downstream_LG	37	86.486	194	230	127	163	4.34e-06	CGCGGCGGGGGCCGCCCCGCCCCCCCGCGGCCGGCCC	CGCGGCCGGCGCCGCCCGGCGCCCCCGCCGCCGGCCC	19561122	19561421	19561422	19561316	19561352	69	23174594	23174893	23174595	23174721	23174757	136	67
LigP_113730074_113825842	upstream_LG	downstream_LG	31	87.097	129	159	204	234	6.78e-05	CGGCCGCGCCCGGGCCCGCCCCCCCGCCCCG	CGGCCCCGCCCCGCCCCGCGCCCCCGCCCCG	113729775	113730074	113730075	113729904	113729934	140	113825842	113826141	113825843	113826046	113826076	65	75
LigP_21674751_22488828	upstream_LG	downstream_LG	30	90.0	190	219	21	50	1.1e-06	CCGGCGCGCGGGGGCCGCGGGGCGCCCCGG	CCGGCCCGGGGGGGCGGCGGGGCGCCCCGG	21674452	21674751	21674752	21674642	21674671	80	22488828	22489127	22488829	22488849	22488878	249	169
LigP_20415140_51942402	upstream_LG	downstream_LG	35	85.714	256	290	185	219	6.78e-05	GCCCCCCCGCCCCGGGGCGCCCCCCCCCGCCCGCG	GCCCCCCCCCCCCGCCCCGCCCCCCCCGGCCCGCG	20414841	20415140	20415141	20415097	20415131	9	51942402	51942701	51942403	51942587	51942621	80	71
LigP_20415162_22990945	upstream_LG	downstream_LG	49	81.633	39	87	76	124	0.001	CGCCCCCGCGGCCCGGGCGGGCGGCGCCCCCGCGGGGCCCGCCGCCCCG	CGCCCCGGCGGCGCGCGCGGGCGGCCCGCCGGGGGCGCGCGCCGCCCCG	20414863	20415162	20415163	20414902	20414950	212	22990945	22991244	22990946	22991021	22991069	175	37
LigP_100674911_100765039	upstream_LG	downstream_LG	32	87.5	214	245	184	215	1.72e-05	CGGGGGGGGGGGCCGCCCGCCGCGCGCCCGGC	CGGGGGGGGGGGGGGCCCGCCCCGGGCCCGGC	100674612	100674911	100674912	100674826	100674857	54	100765039	100765338	100765040	100765223	100765254	84	30
LigP_113826143_113839334	upstream_LG	downstream_LG	37	86.486	203	239	172	208	4.34e-06	GGGGCGGGGGCGCGGGGCGGGGCGGGGCCGGGCGGCG	GGGGCGGGGCCGGGGGGGGGGGGGGCGCCGGGCGGCG	113825844	113826143	113826144	113826047	113826083	60	113839334	113839633	113839335	113839506	113839542	91	31
LigP_113826357_113834132	upstream_LG	downstream_LG	31	87.097	165	195	216	246	6.78e-05	CGGCCGCCCCCGCGCGCCCCCCGCCGCGGCC	CGGCCGCGCCCGCGGGGCCCCCGCGGCGGCC	113826058	113826357	113826358	113826223	113826253	104	113834132	113834431	113834133	113834348	113834378	53	51
LigP_73059193_73060633	upstream_LG	downstream_LG	52	82.692	159	210	119	170	1.72e-05	CGGCGGCGGGGGCGGGCCCCGGGGGGCCCGGGGGCGCGGCGGGGCGGGGCGG	CGGCGCCGGGGGGGGGGCCCCGGGGGGCGGGGGGGCCGGCCGGGCGGGGCGG	73058894	73059193	73059194	73059053	73059104	89	73060633	73060932	73060634	73060752	73060803	129	40
LigP_110354256_110390287	upstream_LG	downstream_LG	36	86.111	231	266	33	68	1.72e-05	CCCGCGGGCCCGGGGGGCCCGCCCGCCCCCCCCGGG	CCCGCGGGGGCGGGGGCCCCGGCCGCCCCCCGCGGG	110353957	110354256	110354257	110354188	110354223	33	110390287	110390586	110390288	110390320	110390355	231	198
LigP_112770832_112774900	upstream_LG	downstream_LG	29	82.759	43	71	15	43	0.26	GCCCGCGCGCCGGGGCGGGGGCGGGGGGG	GCCCCCGCGGCGGGGGGGGGCGGGGGGGG	112770533	112770832	112770833	112770576	112770604	228	112774900	112775199	112774901	112774915	112774943	256	28
LigP_20084868_36999117	upstream_LG	downstream_LG	32	84.375	190	221	62	93	0.004	CGGGCGGGCGCCCCCCGGCCCCCGGGGGGCCG	CGGGCCGGGGCCCGCCGCCCCCCCGGGGGCCG	20084569	20084868	20084869	20084759	20084790	78	36999117	36999416	36999118	36999179	36999210	206	128
LigP_50126223_50126637	upstream_LG	downstream_LG	54	87.037	23	76	35	88	1.85e-11	CGGGGGCGCCGCGGGGCGCCCCGCGCCCCCGCCCCCCCCCGCCCCCGGCCCCCC	CGGGGGGGGCGCGGCGCGCCCCCCGCCCCCGCCCCGGCCCGGCCCCGGCCCCCC	50125924	50126223	50126224	50125947	50126000	223	50126637	50126936	50126638	50126672	50126725	211	12
LigP_75538284_75541237	upstream_LG	downstream_LG	35	82.857	15	49	158	192	0.017	GCCGCCCCGCGGGGGGGGGCCGGGGGCCCGGGGGG	GCCGCCCCCCGGCGGCGCGCGGGGGGGCCGGGGGG	75537985	75538284	75538285	75538000	75538034	250	75541237	75541536	75541238	75541395	75541429	107	143
LigP_113826285_113849799	upstream_LG	downstream_LG	39	87.179	247	285	31	69	2.78e-07	CGCGCGCCCCCCGCCGCGGCCGCCCCGCCGGGCCGCCGG	CGCGCGCCCCCCGCCCCCGCCGCCGCCCCGGGCGGCCGG	113825986	113826285	113826286	113826233	113826271	14	113849799	113850098	113849800	113849830	113849868	230	216
LigP_36999487_51451416	upstream_LG	downstream_LG	34	85.294	14	47	34	67	0.000268	CCCGGCCCGCGCGGGCCCCCGCCCCCGCCCCCGC	CCCGGCCCCCGCCCGCCCCCGCCGGCGCCCCCGC	36999188	36999487	36999488	36999202	36999235	252	51451416	51451715	51451417	51451450	51451483	232	20
LigP_20415166_20428844	upstream_LG	downstream_LG	33	81.818	83	115	267	299	0.26	GGGCCCCGCCCGGGCGCCGCCCCCCGCCGGGGC	GGGCCCGGCGCGGGCCCCGCGCGCGGCCGGGGC	20414867	20415166	20415167	20414950	20414982	184	20428844	20429143	20428845	20429111	20429143	0	184
