LigP_ID	query_ID	subject_ID	length	perc_id	q_start	q_end	s_start	s_end	evalue	q_seq	s_seq	start_harbor	end_harbor	end_LG1	start_homolog1	end_homolog1	LG1_distance	start_harbor2	end_harbor2	end_LG2	start_homolog2	end_homolog2	LG2_distance	Ligshift
LigP_799765_800238	upstream_LG	downstream_LG	41	87.805	12	52	4	44	1.78e-08	CGCGGGGCGCGGGGCGGGGCCCCCGGGGGGCGGCCCCCGCC	CGCGGGGCCGGGCGCGGGGCCCCCGGGGGGGGGCCCGCGCC	799466	799765	799766	799478	799518	247	800238	800537	800239	800242	800282	255	8
LigP_88802481_89218045	upstream_LG	downstream_LG	39	87.179	41	79	226	264	2.78e-07	GGGGGGGGGCGGGCGCGGCCCGCGCCCCCCGCGGGGGGC	GGGGCGGGGCGGCCGCGGCGGGCGCCCCCCGCGGCGGGC	88802182	88802481	88802482	88802223	88802261	220	89218045	89218344	89218046	89218271	89218309	35	185
LigP_799530_800209	upstream_LG	downstream_LG	41	87.805	247	287	33	73	1.78e-08	CGCGGGGCGCGGGGCGGGGCCCCCGGGGGGCGGCCCCCGCC	CGCGGGGCCGGGCGCGGGGCCCCCGGGGGGGGGCCCGCGCC	799231	799530	799531	799478	799518	12	800209	800508	800210	800242	800282	226	214
LigP_67633_69061	upstream_LG	downstream_LG	31	90.323	173	203	23	53	2.78e-07	CCCGCGGCCCCCCCGGCCCCCGCCCCCCGCC	CCCGGGGCCCCCCCGCCCCCCGGCCCCCGCC	67334	67633	67634	67507	67537	96	69061	69360	69062	69084	69114	246	150
LigP_660764_667803	upstream_LG	downstream_LG	29	86.207	234	262	72	100	0.001	CCGGGGGCCGGGCGCGGGCGGGGGCCGGG	CCGGGGGGCGGGCGGGGGCCGGGCCCGGG	660465	660764	660765	660699	660727	37	667803	668102	667804	667875	667903	199	162
LigP_721384_1378792	upstream_LG	downstream_LG	36	83.333	99	134	130	165	0.004	GGGGGCGCGCCGCCGGCCCCGGGCCGGGCCGCGGGG	GGGGGCGCCCCGGGGGGCCCGGGCCCGGCCCCGGGG	721085	721384	721385	721184	721219	165	1378792	1379091	1378793	1378922	1378957	134	31
LigP_66289904_66322509	upstream_LG	downstream_LG	32	84.375	207	238	163	194	0.004	CCCGCGGCCCGCGGGCCGCCCCCCGGGCCCCC	CCCGCGGGCCGCGGGGCCGCCCCCGCGCCCCC	66289605	66289904	66289905	66289812	66289843	61	66322509	66322808	66322510	66322672	66322703	105	44
LigP_87360311_87391919	upstream_LG	downstream_LG	32	84.375	43	74	67	98	0.004	GGGGGGCCCCGGCGCCCGGCGGGGGGCGCCGG	GGGGGGCGGCGGCGCGGGGCGGGGGGGGCCGG	87360012	87360311	87360312	87360055	87360086	225	87391919	87392218	87391920	87391986	87392017	201	24
LigP_799725_800208	upstream_LG	downstream_LG	41	87.805	52	92	34	74	1.78e-08	CGCGGGGCGCGGGGCGGGGCCCCCGGGGGGCGGCCCCCGCC	CGCGGGGCCGGGCGCGGGGCCCCCGGGGGGGGGCCCGCGCC	799426	799725	799726	799478	799518	207	800208	800507	800209	800242	800282	225	18
LigP_800732_946290	upstream_LG	downstream_LG	31	83.871	170	200	253	283	0.017	CCGGCCGGGGGCCGGGGGGCCCCCGGGCCCC	CCGGCGGGGGGGCCGGGGCCGCCCGGGCCCC	800433	800732	800733	800603	800633	99	946290	946589	946291	946543	946573	16	83
LigP_173379_176884	upstream_LG	downstream_LG	31	87.097	25	55	264	294	6.78e-05	CCGCCCCGCCCCCCCCCGCGGGGCGCCCCCG	CCGCCCCGCCCCCCGGCCCGGGCCGCCCCCG	173080	173379	173380	173105	173135	244	176884	177183	176885	177148	177178	5	239
LigP_2162816_2537814	upstream_LG	downstream_LG	31	87.097	197	227	118	148	6.78e-05	CGCCCCCGCGGGGCGCCGCGCGCGGGCCCCG	CGCCCCCGCGCGGCGCCGGGCGGGGCCCCCG	2162517	2162816	2162817	2162714	2162744	72	2537814	2538113	2537815	2537932	2537962	151	79
LigP_79409358_79533097	upstream_LG	downstream_LG	34	91.176	91	124	205	238	4.51e-09	CGGGCGGGGGCCCCCCCCGGGCGCCCCGCGGGCC	CGGGCGGGGGCCCCCCCCGGCCGGCCCCCGGGCC	79409059	79409358	79409359	79409150	79409183	175	79533097	79533396	79533098	79533302	79533335	61	114
LigP_67163105_67163738	upstream_LG	downstream_LG	38	81.579	224	261	141	178	0.065	GGGGGGGGGCCGCCCCCCGGCGCGGGCCGCGGCGCCCC	GGGGGGGCGCCGGCGCCCGGGGCGCGCCCGGGCGCCCC	67162806	67163105	67163106	67163030	67163067	38	67163738	67164037	67163739	67163879	67163916	121	83
LigP_800636_1191449	upstream_LG	downstream_LG	29	82.759	73	101	27	55	0.26	GCCCCGCGGGCGCCCCCGGCCGCGGGGCC	GCCCCGGGCGCGCCCGGGGCCGCGCGGCC	800337	800636	800637	800410	800438	198	1191449	1191748	1191450	1191476	1191504	244	46
LigP_88802455_88809696	upstream_LG	downstream_LG	41	87.805	50	90	125	165	1.78e-08	CCCCGCCCCCCCGGCCCGGGGGGGGGCGGGCGCGGCCCGCG	CCCCGCCCCCCCGCCCCCGGGGGCCGCGGGCGCCGCCCGCG	88802156	88802455	88802456	88802206	88802246	209	88809696	88809995	88809697	88809821	88809861	134	75
LigP_1963920_1992136	upstream_LG	downstream_LG	33	84.848	48	80	216	248	0.001	CCCGCCCCCCCCGCCCCGCCCCCGGGGGCCCGC	CCCGCCCCCCCCCCGCCCGCCCGGGGGGCCCGC	1963621	1963920	1963921	1963669	1963701	219	1992136	1992435	1992137	1992352	1992384	51	168
LigP_964043_970605	upstream_LG	downstream_LG	31	87.097	69	99	15	45	6.78e-05	GGGGGGGGGGGGGCGGGCCGGGCCGGGGCCC	GGGGCGGGGCGGGCGGGGCGGGGCGGGGCCC	963744	964043	964044	963813	963843	200	970605	970904	970606	970620	970650	254	54
LigP_87490012_87491444	upstream_LG	downstream_LG	33	90.909	57	89	200	232	1.78e-08	CCGCGGGGGGCGCCCCCGCCCCGGGCCCGGCCC	CCGCGGGGCGCGCGCCCGCCCCGGGCCCCGCCC	87489713	87490012	87490013	87489770	87489802	210	87491444	87491743	87491445	87491644	87491676	67	143
LigP_88744689_88785561	upstream_LG	downstream_LG	52	82.692	77	128	21	72	1.72e-05	CCGGCGGGCCCCCCGCGCGCGCGGCCCGGCGGCCCGGGGGGGGGCCGCCCGG	CCGGGGGGCGCCGCGCGCCCGCGCCCCGGGGGGCGGGGCGGGGGCCGCCCGG	88744390	88744689	88744690	88744467	88744518	171	88785561	88785860	88785562	88785582	88785633	227	56
LigP_89859368_89859409	upstream_LG	downstream_LG	32	87.5	97	128	81	112	1.72e-05	GGGGGGGGGCCCCCGCGCGGGGGGGCGGCGCC	GGGGGGGGGCGCCCGCCCGGGGCGGCGCCGCC	89859069	89859368	89859369	89859166	89859197	171	89859409	89859708	89859410	89859490	89859521	187	16
LigP_46973235_77683574	upstream_LG	downstream_LG	30	83.333	80	109	75	104	0.065	GGCGGCCCCGGCCCCCCCGCCGCCCCCCCC	GGCGGCCGCGGCCCGGGCGCCCCCCCCCCC	46972936	46973235	46973236	46973016	46973045	190	77683574	77683873	77683575	77683649	77683678	195	5
LigP_970963_1013702	upstream_LG	downstream_LG	32	87.5	144	175	31	62	1.72e-05	CCCCGGGGGCGCGGCCCGGGCCGGCCGGGGGG	CCCCCGGGGCGCGGCCCGGCGCGGGCGGGGGG	970664	970963	970964	970808	970839	124	1013702	1014001	1013703	1013733	1013764	237	113
LigP_67697_574551	upstream_LG	downstream_LG	31	83.871	228	258	210	240	0.017	GCCGCCCCGCCGCCCGGGGGCGGCCCCCGGC	GCCGCCCGCCCGCCCCGGGGCGCCCGCCGGC	67398	67697	67698	67626	67656	41	574551	574850	574552	574761	574791	59	18
LigP_4412159_4414361	upstream_LG	downstream_LG	37	86.486	11	47	254	290	4.34e-06	GGGCGGGCCGCCGGGCGCCCCCGGGGGCGGCCGCGGC	GGGCGGGCGGCCCGCCCCCCCCGGGGGCGCCCGCGGC	4411860	4412159	4412160	4411871	4411907	252	4414361	4414660	4414362	4414615	4414651	9	243
LigP_1992188_1992163	upstream_LG	downstream_LG	40	85.0	160	199	170	209	1.72e-05	CCGCGCGCCCGGCGGGGGCGCGGGCGCCCGCCGCCCCGGC	CCGCCCGCCCGGGGGGCCCGCCGGCGCCCCCCGCCCCGGC	1991889	1992188	1992189	1992049	1992088	100	1992163	1992462	1992164	1992333	1992372	90	10
LigP_4177580_4183748	upstream_LG	downstream_LG	32	87.5	269	300	49	80	1.72e-05	CCGGCGCCCCCCCGCCCCCCCGGGCCCGGGGC	CCGGCGCCGGCCCGCGCCCCCGGGCCCCGGGC	4177281	4177580	4177581	4177550	4177581	-1	4183748	4184047	4183749	4183797	4183828	219	220
LigP_2440232_2474801	upstream_LG	downstream_LG	36	91.667	223	258	180	215	2.89e-10	CGGCCCCGGCGGCGGGGCCCGGGGCCGCCCGGGGGC	CGGCCGCGGCGGCGGGGGCCGGGGCCGGCCGGGGGC	2439933	2440232	2440233	2440156	2440191	41	2474801	2475100	2474802	2474981	2475016	84	43
LigP_67006668_67109519	upstream_LG	downstream_LG	36	86.111	134	169	95	130	1.72e-05	GGGGCCCCCCCGCCGCGGGCGCGGGGGCCCCGCCCG	GGGGCCCGCCCGCCGCCCGCGCGCGCGCCCCGCCCG	67006369	67006668	67006669	67006503	67006538	130	67109519	67109818	67109520	67109614	67109649	169	39
LigP_1992190_1992163	upstream_LG	downstream_LG	40	85.0	158	197	170	209	1.72e-05	CCGCGCGCCCGGCGGGGGCGCGGGCGCCCGCCGCCCCGGC	CCGCCCGCCCGGGGGGCCCGCCGGCGCCCCCCGCCCCGGC	1991891	1992190	1992191	1992049	1992088	102	1992163	1992462	1992164	1992333	1992372	90	12
LigP_2923030_2964809	upstream_LG	downstream_LG	34	85.294	108	141	266	299	0.000268	GCGGGCGCGCCGCCCCCCGCCCCCCCCGCGGCGG	GCGGGGGCCCCGCCCCGGGCCGCCCCCGCGGCGG	2922731	2923030	2923031	2922839	2922872	158	2964809	2965108	2964810	2965075	2965108	0	158
LigP_970900_1049479	upstream_LG	downstream_LG	33	87.879	68	100	56	88	4.34e-06	GGGGGGGCCGCGCGGGGGCGCCGCGGCCGCGGG	GGGGGGGGCGGGCCGGGGCGCCGCGCCCGCGGG	970601	970900	970901	970669	970701	199	1049479	1049778	1049480	1049535	1049567	211	12
LigP_2162310_2474828	upstream_LG	downstream_LG	30	83.333	268	297	87	116	0.065	CCCGGGGGCCCGGGCGCGGGGGGCCGGGGG	CCCGGGGGGGCGGGCCGGGGGGGGCGGGGG	2162011	2162310	2162311	2162279	2162308	2	2474828	2475127	2474829	2474915	2474944	183	181
LigP_799780_800231	upstream_LG	downstream_LG	29	82.759	124	152	242	270	0.26	GCCCCCCCGGCGGGCGGGGCGCGCGCCCG	GCCCCCGCGGCGCGGGGGGGCCGCGCCCG	799481	799780	799781	799605	799633	147	800231	800530	800232	800473	800501	29	118
LigP_799768_800227	upstream_LG	downstream_LG	41	87.805	9	49	15	55	1.78e-08	CGCGGGGCGCGGGGCGGGGCCCCCGGGGGGCGGCCCCCGCC	CGCGGGGCCGGGCGCGGGGCCCCCGGGGGGGGGCCCGCGCC	799469	799768	799769	799478	799518	250	800227	800526	800228	800242	800282	244	6
LigP_2077314_2086876	upstream_LG	downstream_LG	43	81.395	89	131	59	101	0.017	CCGCCCCCGGCCCCCGGGGGCCGGGGGCCGGGCCCGGCCGCCG	CCGCCCCCCGCGGCCGGGGCCCGGGGGGGGGGGCCCGCCGCCG	2077015	2077314	2077315	2077104	2077146	168	2086876	2087175	2086877	2086935	2086977	198	30
LigP_54928776_70430617	upstream_LG	downstream_LG	39	84.615	70	108	211	249	6.78e-05	GGGGGGGGCGGGCGCGGGCGGGGGGGCCGCGCCCGCGCG	GGGGGGGGCGGCGGCGGCCGGGGGGGGCGGGGCCGCGCG	54928477	54928776	54928777	54928547	54928585	191	70430617	70430916	70430618	70430828	70430866	50	141
LigP_735055_970545	upstream_LG	downstream_LG	37	86.486	230	266	163	199	4.34e-06	CGCGCCGGGGCCCCGGCCCCGCCGCGGGGGCCCCCCG	CGCGCCGCGGCCCCCGCCCCCCCCCGGGGCCCCCCCG	734756	735055	735056	734986	735022	33	970545	970844	970546	970708	970744	100	67
LigP_62149_104875	upstream_LG	downstream_LG	32	84.375	14	45	4	35	0.004	GCCGGCGGGCCGCCCCGCCGCGCCCGGCCCGC	GCCGGCGGGCCCCGGCGCGGCCCCCGGCCCGC	61850	62149	62150	61864	61895	254	104875	105174	104876	104879	104910	264	10
LigP_31126122_31142249	upstream_LG	downstream_LG	57	84.211	155	211	84	140	1.78e-08	GGGGGGGGGGCGCCCCCCGGGCGGGGGGGGCCCGGCCGGGCCCCCCGGGGGGGGCGG	GGGGGGGGGGCGGGGCCCGCGGGGGGCGGGCCCGGGCGGGCCCCGGGGGGGGGGCGG	31125823	31126122	31126123	31125978	31126034	88	31142249	31142548	31142250	31142333	31142389	159	71
LigP_800570_1964596	upstream_LG	downstream_LG	30	83.333	28	57	260	289	0.065	CGCGCGGGCCCCCCCGGGCCCGGGGCGCCG	CGCGGGGGCCCCGCGGCGCCCGGCGCGCCG	800271	800570	800571	800299	800328	242	1964596	1964895	1964597	1964856	1964885	10	232
LigP_62047_62582	upstream_LG	downstream_LG	29	93.103	267	295	134	162	1.78e-08	GCGCCCCCCCCCCGCCCCCGCCGGCCCCG	GCGCCCCCCCCCCGCCCGCGCCCGCCCCG	61748	62047	62048	62015	62043	4	62582	62881	62583	62716	62744	137	133
LigP_1989984_1991971	upstream_LG	downstream_LG	33	84.848	155	187	137	169	0.001	CGGGGGGCGGGGGGCGGGCGCGGCGGGGGGGGG	CGGGCGGCGGGGGGGCGGCGCGGGCGGGGGGGG	1989685	1989984	1989985	1989840	1989872	112	1991971	1992270	1991972	1992108	1992140	130	18
LigP_67633_235338	upstream_LG	downstream_LG	29	82.759	148	176	38	66	0.26	CCGCCGGCCGGCGGGCCCGCGCGCGCCCG	CCGCGGGCGGGCGGCCCCGGCCGCGCCCG	67334	67633	67634	67482	67510	123	235338	235637	235339	235376	235404	233	110
LigP_67109886_67179307	upstream_LG	downstream_LG	33	84.848	124	156	229	261	0.001	CGCGCGCCGCGGCGCGCGGGCGCGGGGGCCCGC	CGCGGGCCGCGGCGCGGCCGGGCGGGGGCCCGC	67109587	67109886	67109887	67109711	67109743	143	67179307	67179606	67179308	67179536	67179568	38	105
LigP_30987233_31142250	upstream_LG	downstream_LG	37	86.486	127	163	41	77	4.34e-06	GGGGGGGCGGGGCCCGCGCGGCCCCGGGGGGGGGGCG	GGGGGGGGCGGGCCCGGGCGGGCCCCGGGGGGGGGCG	30986934	30987233	30987234	30987061	30987097	136	31142250	31142549	31142251	31142291	31142327	222	86
LigP_56626500_56636174	upstream_LG	downstream_LG	45	84.444	111	155	93	137	4.34e-06	GGGGGGGCGCGGGGCCCCCGCCCCCCCGCCCCGGGCGGGGGGGGG	GGGGGGGCGGGGGCCCCGCGCCCCCCCCGCCCGCGCCGGGGGGGG	56626201	56626500	56626501	56626312	56626356	144	56636174	56636473	56636175	56636267	56636311	162	18
LigP_800565_804250	upstream_LG	downstream_LG	29	86.207	269	297	96	124	0.001	GCCCCGCCGCCCGCGGGGCGGCCGCCCCC	GCCCGGCCCCCCGGGGGGCGGGCGCCCCC	800266	800565	800566	800535	800563	2	804250	804549	804251	804346	804374	175	173
LigP_67184474_67231519	upstream_LG	downstream_LG	35	82.857	250	284	78	112	0.017	GGGCCCCGGGGGCGGGCGGGGGGCCGGCGCGGGCG	GGGCCCCGGGGCGGGGCGGCCGGCGGGGGCGGGCG	67184175	67184474	67184475	67184425	67184459	15	67231519	67231818	67231520	67231597	67231631	187	172
LigP_720683_720804	upstream_LG	downstream_LG	31	90.323	33	63	224	254	2.78e-07	CCGGGGGCCCCCGCCCGCGGCGCCCGGCCCC	CCGGGGGCCCCGCCCCGCCGCGCCCGGCCCC	720384	720683	720684	720417	720447	236	720804	721103	720805	721028	721058	45	191
LigP_800525_1378729	upstream_LG	downstream_LG	38	86.842	29	66	184	221	1.1e-06	CCCCGGGGGCCCCGCGCCCGGCCCCGCGGGCGCGGGGC	CCCCGGGGGGCCCGGGCCCGGCCCCGGGGCGGCGGGGC	800226	800525	800526	800255	800292	233	1378729	1379028	1378730	1378913	1378950	78	155
LigP_87382561_87391918	upstream_LG	downstream_LG	34	82.353	155	188	93	126	0.065	CGCCCGGGCGCGGGCCGCCCGGGCGCCGGGGGGC	CGCCCGGGGGCCCGCCGCCCGGCCCCGGGGGGGC	87382262	87382561	87382562	87382417	87382450	111	87391918	87392217	87391919	87392011	87392044	173	62
LigP_2304138_2474845	upstream_LG	downstream_LG	30	86.667	259	288	148	177	0.000268	GGCCGCCGCCCGCGCCGGCGGGGCCCGGGG	GGCCGGCGGCCGCGGCGGCGGGGGCCGGGG	2303839	2304138	2304139	2304098	2304127	11	2474845	2475144	2474846	2474993	2475022	122	111
LigP_46971996_46972770	upstream_LG	downstream_LG	34	88.235	24	57	88	121	1.1e-06	CGCCGCCCCCCGGGGCGGCGGCGCCCCCGCCCCG	CGCCGCCCCCCGGGCGGGCGGCGCCGGCGCCCCG	46971697	46971996	46971997	46971721	46971754	242	46972770	46973069	46972771	46972858	46972891	178	64
LigP_28063714_28063658	upstream_LG	downstream_LG	38	84.211	263	300	20	57	0.000268	GGGCGCGGGCGCGCCCCGGCCGGGGGCCGCCGGCGCCC	GGGCGCCGGCGGCCCCCGGCCGGGGCGCGCCCGCGCCC	28063415	28063714	28063715	28063678	28063715	-1	28063658	28063957	28063659	28063678	28063715	242	243
LigP_66977935_67109515	upstream_LG	downstream_LG	30	83.333	197	226	129	158	0.065	GGCGCGGGCGCCGGGGGGCGCCGCGGGGCC	GGCGCGCGCGCCGCGCGGCCGCGCGGGGCC	66977636	66977935	66977936	66977833	66977862	73	67109515	67109814	67109516	67109644	67109673	141	68
LigP_89573665_89574442	upstream_LG	downstream_LG	35	88.571	260	294	248	282	2.78e-07	CGGGGGGGGCCCCGGGGGCCGGGCGCCCCCCCCCC	CGGGGGGGGCCGCGGGGGCCGGCCCCCGCCCCCCC	89573366	89573665	89573666	89573626	89573660	5	89574442	89574741	89574443	89574690	89574724	17	12
LigP_67109934_67189747	upstream_LG	downstream_LG	30	93.333	159	188	127	156	4.51e-09	GCCCCGCCCGGCCCGGCCCCCGCGGGGGCG	GCCCCGCCCCGCCCGGCGCCCGCGGGGGCG	67109635	67109934	67109935	67109794	67109823	111	67189747	67190046	67189748	67189874	67189903	143	32
LigP_707526_55207860	upstream_LG	downstream_LG	39	82.051	243	281	226	264	0.017	GGGCCCGGGGGGCCGGCCCCGCCCGCGGGGGGCCCGGGC	GGGCCCGGGGCGGGGGCCCCCGCCCCGGGGGGGCCGGGC	707227	707526	707527	707470	707508	18	55207860	55208159	55207861	55208086	55208124	35	17
LigP_47460971_47461664	upstream_LG	downstream_LG	34	85.294	233	266	168	201	0.000268	CCCGGGCCCCGGCCCCGGGGGGCCCGGCCGCGGC	CCCGGGCGCCGGCCCCCCGCGGCCGGGCCGCGGC	47460672	47460971	47460972	47460905	47460938	33	47461664	47461963	47461665	47461832	47461865	98	65
LigP_871656_970636	upstream_LG	downstream_LG	30	83.333	68	97	271	300	0.065	GGGGGGGGGGGGGGCCCGCGCCCGGCCCCG	GGGGGGCGGGGGGCCGGGCGCCCGGGCCCG	871357	871656	871657	871425	871454	202	970636	970935	970637	970907	970936	-1	203
LigP_87392270_87393078	upstream_LG	downstream_LG	38	84.211	170	207	152	189	0.000268	CGCGCGGGGCGCGCGCCCCGCCCGCCGCGCGCGCGCGC	CGCGCGGGGCGGGCGCCGCGGCGGCGGCGCCCGCGCGC	87391971	87392270	87392271	87392141	87392178	92	87393078	87393377	87393079	87393230	87393267	110	18
LigP_67627_68081	upstream_LG	downstream_LG	33	84.848	3	35	24	56	0.001	GGCGCGGGGGCCGGGGCCGCCGCCGGGGGCCGG	GGCGCGGCGGCCGGCGCCCCCCCCGCGGGCCGG	67328	67627	67628	67331	67363	264	68081	68380	68082	68105	68137	243	21
LigP_87392306_88534008	upstream_LG	downstream_LG	34	85.294	191	224	173	206	0.000268	GCCGCGCGCCGCCGCCGGGCCCCGCCGCGCCCGC	GCCGCGCGCGGCCCGCGGGGCCCGCGGCGCCCGC	87392007	87392306	87392307	87392198	87392231	75	88534008	88534307	88534009	88534181	88534214	93	18
LigP_1821077_1992163	upstream_LG	downstream_LG	35	82.857	254	288	219	253	0.017	CCGGGCGGCCGCGCGGGGGCCGCCGCCGGGGCCCC	CCGGGGGGCCCCGCGGCGCCCCCCGCCCGGGCCCC	1820778	1821077	1821078	1821032	1821066	11	1992163	1992462	1992164	1992382	1992416	46	35
LigP_800531_800829	upstream_LG	downstream_LG	35	82.857	99	133	173	207	0.017	GCCCCGCCCGCGGCCCGGCCCCCGCCGCCCGGCCC	GCCCCGGCCCCGCCCCCGCCCCCCCCGGCCGGCCC	800232	800531	800532	800331	800365	166	800829	801128	800830	801002	801036	92	74
LigP_916010_970610	upstream_LG	downstream_LG	41	85.366	106	146	16	56	4.34e-06	CCGCCGGGGGCCGGGGCGGGCGGGGCGCGGGGGCCGGGGCG	CCGCCGGGGCCCGGGCGGGGCGGGGCGGGCGGGGCGGGGCG	915711	916010	916011	915817	915857	153	970610	970909	970611	970626	970666	243	90
LigP_88856403_88856849	upstream_LG	downstream_LG	35	85.714	77	111	108	142	6.78e-05	GCCCCCCGGGCCCCGGGGGCGCCCGGCCCCCGCCC	GCCCCGCGGGCCGCGCGGCCGCCCGGGCCCCGCCC	88856104	88856403	88856404	88856181	88856215	188	88856849	88857148	88856850	88856957	88856991	157	31
LigP_70686094_70742212	upstream_LG	downstream_LG	44	81.818	20	63	151	194	0.004	GCGGCGGCCGGGCGCGCGGGGCGCGGGGGGCGGCGCGGGGGGGG	GCGGGGGCCCGGCGGGGGGGGCGGGGGGGGGGGGGGGGGGGGGG	70685795	70686094	70686095	70685815	70685858	236	70742212	70742511	70742213	70742363	70742406	105	131
LigP_66843174_67109557	upstream_LG	downstream_LG	54	81.481	158	211	2	55	0.000268	GCCCGCGGGCGGGGGGGCGCCGGGCCGGGGCGGGCGCCGGGGCCGGGCGCGGGG	GCCCGCCGGCGGCGGGGGGCGGGCGCGGGGGGCGCGCCGGGGCCCGGCGGGGGG	66842875	66843174	66843175	66843033	66843086	88	67109557	67109856	67109558	67109559	67109612	244	156
LigP_67556_281722	upstream_LG	downstream_LG	38	89.474	153	190	147	184	4.51e-09	CCCGGCGGCGCCGGGCGGCGCCCGGCCGGCCCCCCGCC	CCCGGCGGCGCCCGCCCGCGCCCGGCCGGGCCCCCGCC	67257	67556	67557	67410	67447	109	281722	282021	281723	281869	281906	115	6
LigP_800505_6506188	upstream_LG	downstream_LG	36	86.111	16	51	54	89	1.72e-05	CCCCGCCCGCCCCCGCCCCCGGCGCGGGCCCCCCCC	CCCCGCCCCCCCCCCCGCCCCGCGCGGCCCCCCCCC	800206	800505	800506	800222	800257	248	6506188	6506487	6506189	6506242	6506277	210	38
LigP_799175_800225	upstream_LG	downstream_LG	29	86.207	63	91	130	158	0.001	GGCGGGCGGGCGGGGGGCGGGCCGGGCGG	GGCGGCCGCGCGGGGGCGGGGCCGGGCGG	798876	799175	799176	798939	798967	208	800225	800524	800226	800355	800383	141	67
LigP_649211_67395586	upstream_LG	downstream_LG	34	85.294	51	84	202	235	0.000268	GGGGCCCGGGGCGCCCGGGCGCGGGGCGGGGGCC	GGGGCCGGGGGCCCCCCCGCGGGGGGCGGGGGCC	648912	649211	649212	648963	648996	215	67395586	67395885	67395587	67395788	67395821	64	151
LigP_800586_804579	upstream_LG	downstream_LG	33	90.909	22	54	3	35	1.78e-08	CCCCCGGGCCCGGGGCGCCGGCGCCCCGCCCGC	CCCCCGGGCCCGGCGGGCCGCCGCCCCGCCCGC	800287	800586	800587	800309	800341	245	804579	804878	804580	804582	804614	264	19
LigP_67452778_67458070	upstream_LG	downstream_LG	32	84.375	219	250	231	262	0.004	CCCCCCCGCCCGCCGGGGCCCGGCCCGCGGCC	CCCCCCCCCGCGCCCGGGCCCCGCCCCCGGCC	67452479	67452778	67452779	67452698	67452729	49	67458070	67458369	67458071	67458301	67458332	37	12
LigP_1992465_3725385	upstream_LG	downstream_LG	48	83.333	81	128	164	211	1.72e-05	CCCCGGGCGGGCGGGGGGGGGGCGGGGCCCGGGCGGGGGGCGCCGCCG	CCCCGGGGGGGGGGGCGCGGGCCGGGCCCCCGGCGGGGGCCGCCGCCG	1992166	1992465	1992466	1992247	1992294	171	3725385	3725684	3725386	3725549	3725596	88	83
LigP_66964286_67109566	upstream_LG	downstream_LG	30	86.667	221	250	262	291	0.000268	GGGCCGCGGGGGCGCCGGCCGCGGCCCCCG	GGGCCGCGCGCGCGCGGGCCGCGGGCCCCG	66963987	66964286	66964287	66964208	66964237	49	67109566	67109865	67109567	67109828	67109857	8	41
LigP_57666221_67109575	upstream_LG	downstream_LG	30	83.333	82	111	241	270	0.065	CGCGGGCGGGGGGCCCCCCCCGCGCCCCCG	CGCGGGCCGCGGGCCCCGCCGCCGCCCCCG	57665922	57666221	57666222	57666004	57666033	188	67109575	67109874	67109576	67109816	67109845	29	159
LigP_67680_324914	upstream_LG	downstream_LG	33	84.848	224	256	87	119	0.001	CGGGGGGGCCCGCGGCCCCGGGCCGCCCCGCCG	CGGGCGGGGCCGCGGCCCCGCGCGGGCCCGCCG	67381	67680	67681	67605	67637	43	324914	325213	324915	325001	325033	180	137
LigP_170033_173991	upstream_LG	downstream_LG	32	84.375	218	249	154	185	0.004	GCGGGGGGGGGGGGGGGGGCCGGGGCGCCCGC	GCGGGGGGCGCGGGCGGGGCCGGCGCCCCCGC	169734	170033	170034	169952	169983	50	173991	174290	173992	174145	174176	114	64
LigP_2469785_2471073	upstream_LG	downstream_LG	40	85.0	59	98	38	77	1.72e-05	GGGGGCGGGGGCCGGGGGCCGGGGGGGCCCCGGGGGGGGC	GGGGGGGGGGGCCGGGGGGCCCGGGGGCCGGGGGGGGGGC	2469486	2469785	2469786	2469545	2469584	201	2471073	2471372	2471074	2471111	2471150	222	21
LigP_619602_66322499	upstream_LG	downstream_LG	34	85.294	101	134	139	172	0.000268	CGGGCGCGCCCGGCCGCCCCCGCCCCCGCCCCCC	CGGGGGCGCCCGGCGGGCGCCCCCCCCGCCCCCC	619303	619602	619603	619404	619437	165	66322499	66322798	66322500	66322638	66322671	127	38
LigP_4184072_4288488	upstream_LG	downstream_LG	35	85.714	251	285	256	290	6.78e-05	GGGCCGGGCCCGGGGGGGGGGCGGCGCGCGCGCGC	GGGCCGGGCCCGGCCGGGGGGGGGGGGGCGCGCGC	4183773	4184072	4184073	4184024	4184058	14	4288488	4288787	4288489	4288744	4288778	9	5
LigP_57984564_57984588	upstream_LG	downstream_LG	31	83.871	254	284	255	285	0.017	CCCCCCGGCCCGGCGCGCCGGGCCGCCCGCC	CCCCCCGCCCCGGCCCCGCGGCCCGCCCGCC	57984265	57984564	57984565	57984519	57984549	15	57984588	57984887	57984589	57984843	57984873	14	1
LigP_2965140_2969797	upstream_LG	downstream_LG	33	84.848	50	82	145	177	0.001	CGGCCGCCGCGGCCGCCGGGGCCGCGCCGGCCC	CGGCCGCCGGCGGCGCCGGGGCCGGGGCGGCCC	2964841	2965140	2965141	2964891	2964923	217	2969797	2970096	2969798	2969942	2969974	122	95
LigP_267410_423984	upstream_LG	downstream_LG	33	87.879	132	164	122	154	4.34e-06	CCCCCGGGGGGCGGGCGCCCCCGCGCGCCGCCC	CCCCCCGGGGGCGGGGGCCCGCGCGCCCCGCCC	267111	267410	267411	267243	267275	135	423984	424283	423985	424106	424138	145	10
LigP_527633_528364	upstream_LG	downstream_LG	29	82.759	84	112	136	164	0.26	GCGCGGGCGCCGCGGCCGCGGGCCCCGCC	GCGCGGCCGGCGCGGGCGGGGCCCCCGCC	527334	527633	527634	527418	527446	187	528364	528663	528365	528500	528528	135	52
LigP_67674618_67935599	upstream_LG	downstream_LG	35	85.714	24	58	247	281	6.78e-05	GGCCGCGGGGGGGCGGGCGGGGGGCGGGGGCCGGC	GGCCGCGGCGGGCCGGGCGGCCGGGGGGGGCCGGC	67674319	67674618	67674619	67674343	67674377	241	67935599	67935898	67935600	67935846	67935880	18	223
LigP_970935_1088876	upstream_LG	downstream_LG	36	83.333	34	69	35	70	0.004	GGGGGGCCGCGCGGGGGCGCCGCGGCCGCGGGGCCG	GGGGGCCCGGGCGCGGCCGCGGCGGCCCCGGGGCCG	970636	970935	970936	970670	970705	230	1088876	1089175	1088877	1088911	1088946	229	1
LigP_78402993_79164227	upstream_LG	downstream_LG	31	90.323	23	53	33	63	2.78e-07	CGGGGGGCGGCGGGCCGGCCCCGGGCCGGGC	CGGGGGGGGGGGGGCGGGCCCCGGGCCGGGC	78402694	78402993	78402994	78402717	78402747	246	79164227	79164526	79164228	79164260	79164290	236	10
LigP_58671259_58862573	upstream_LG	downstream_LG	32	84.375	39	70	180	211	0.004	GGGGCCCGCGCCGCGGGGCCGCGGGGCGGGGC	GGGGGCCGCGCCCCGGCGCCCCGCGGCGGGGC	58670960	58671259	58671260	58670999	58671030	229	58862573	58862872	58862574	58862753	58862784	88	141
LigP_47460989_47661504	upstream_LG	downstream_LG	31	87.097	219	249	195	225	6.78e-05	GGCCCCGGCCCCGGGGGGCCCGGCCGCGGCG	GGCCGCGGCCCCGGGGGCGCGGGCCGCGGCG	47460690	47460989	47460990	47460909	47460939	50	47661504	47661803	47661505	47661699	47661729	74	24
LigP_47461017_47596803	upstream_LG	downstream_LG	36	83.333	23	58	189	224	0.004	GGGGGGCGCGGGGGGGCCGGCCGCCGGGCGGCGGGC	GGGGGGCGGGGGGCGGCCCCCCGGGGGGCGGCGGGC	47460718	47461017	47461018	47460741	47460776	241	47596803	47597102	47596804	47596992	47597027	75	166
LigP_788377_1054994	upstream_LG	downstream_LG	32	96.875	59	90	8	39	1.18e-12	CGGGGCCGGGGCCCCCCCGCCCCCCGCGGCCC	CGGGGCCGGGGCCCCCCCGCCCCCCCCGGCCC	788078	788377	788378	788137	788168	209	1054994	1055293	1054995	1055002	1055033	260	51
LigP_2267696_2268471	upstream_LG	downstream_LG	29	86.207	80	108	68	96	0.001	GCCCCCGCGGCCCGGCGCCGGCGGCCGCG	GCCCCCGCGCCCCGCCGCGCGCGGCCGCG	2267397	2267696	2267697	2267477	2267505	191	2268471	2268770	2268472	2268539	2268567	203	12
LigP_192246_346623	upstream_LG	downstream_LG	44	86.364	17	60	131	174	7.04e-08	CCCCCGCCCCCCCGGGCCCCGGGCGGGCCCGGCGGCCCCGCCCC	CCCCCGCCCCGCCGCGCCCGGGGCGGGCCGGGCCGCCGCGCCCC	191947	192246	192247	191964	192007	239	346623	346922	346624	346754	346797	125	114
LigP_1101884_1101984	upstream_LG	downstream_LG	42	83.333	235	276	115	156	0.000268	GGGCGGCCCCGCCCGGGGCCCGGGGGGGGCGCGGGCGGGGGG	GGGCGGCCGGGCGCGGGGCGCGGGGGGGGGCGGGGCGGGGGG	1101585	1101884	1101885	1101820	1101861	23	1101984	1102283	1101985	1102099	1102140	143	120
LigP_173619_177126	upstream_LG	downstream_LG	30	86.667	233	262	93	122	0.000268	CGGGCCCCCGGCCCCCGCGGGCGCCGCGCC	CGGGCCCGCGGCCGCCGCCCGCGCCGCGCC	173320	173619	173620	173553	173582	37	177126	177425	177127	177219	177248	177	140
LigP_556324_557171	upstream_LG	downstream_LG	37	83.784	132	168	206	242	0.001	CCGCGGCCCCCCCGCCCCCCCCCGCGGCCCCGGGCCC	CCGCGGCCGCCCCGGGCGCCCCGGGGGCCCCGGGCCC	556025	556324	556325	556157	556193	131	557171	557470	557172	557377	557413	57	74
LigP_556400_721109	upstream_LG	downstream_LG	41	87.805	249	289	24	64	1.78e-08	CGGGGGCGGCCGCGGCGGGCCGGGGGCGCCCGGCGGGGCCC	CGGGGGCCGCCGCGCGGCGCCGGGGGCGGCCGGCGGGGCCC	556101	556400	556401	556350	556390	10	721109	721408	721110	721133	721173	235	225
LigP_70686051_70985070	upstream_LG	downstream_LG	32	87.5	128	159	262	293	1.72e-05	CGCCCCGGGGCCGGGCCGGGCCCCCCGCCCCC	CGCCCCGGGGCGGGGCCGCCCCCCCCCCCCCC	70685752	70686051	70686052	70685880	70685911	140	70985070	70985369	70985071	70985332	70985363	6	134
LigP_47460573_47460676	upstream_LG	downstream_LG	30	90.0	41	70	182	211	1.1e-06	GGGGGCCGCGGCCCCGGCGGGGGGGGGGGC	GGGGGCCCCGGCCCCGGCGGGCGGGCGGGC	47460274	47460573	47460574	47460315	47460344	229	47460676	47460975	47460677	47460858	47460887	88	141
LigP_2936838_2937029	upstream_LG	downstream_LG	34	85.294	61	94	158	191	0.000268	GGCGCGGCCGCCCGCCGGGCCCCCCCCCCCGCCG	GGCGCGCCCCCCCCCCGGCCGCCCCCCCCCGCCG	2936539	2936838	2936839	2936600	2936633	205	2937029	2937328	2937030	2937187	2937220	108	97
LigP_800531_802804	upstream_LG	downstream_LG	42	83.333	28	69	164	205	0.000268	GGGGCCCCGCGCCCGGCCCCGCGGGCGCGGGGCCGGCCGCGC	GGGGCCCCGCGGCCCCCCGCGCGGGGGCGGGGGCCGCCGCGC	800232	800531	800532	800260	800301	230	802804	803103	802805	802968	803009	94	136
LigP_173662_177126	upstream_LG	downstream_LG	30	86.667	52	81	238	267	0.000268	GGCGCGGCGCGGGCGGCGGCCGCGGGCCCG	GGCGCGGCGCCCGCGGGGGCCGGGGGCCCG	173363	173662	173663	173415	173444	218	177126	177425	177127	177364	177393	32	186
LigP_30353472_30354766	upstream_LG	downstream_LG	34	88.235	172	205	48	81	1.1e-06	CCCCCCCCCGCCCCCCGGGCCCGCCCCCCCCCCG	CCCCCCCCCGGCCCCCGCCCCCGCGCCCCCCCCG	30353173	30353472	30353473	30353345	30353378	94	30354766	30355065	30354767	30354814	30354847	218	124
LigP_30113458_30113391	upstream_LG	downstream_LG	29	82.759	229	257	96	124	0.26	GCGCGCGGCGGGCGGGGCCGGCGCGGGGG	GCGCGCGGCCGCGGGGGCCCCCGCGGGGG	30113159	30113458	30113459	30113388	30113416	42	30113391	30113690	30113392	30113487	30113515	175	133
LigP_1079341_1079693	upstream_LG	downstream_LG	38	84.211	140	177	178	215	0.000268	CGGCCCCCCGGCCCCGCCCCGCGCCGCCCGGCCGCGGC	CGGCCCCCCGCCGCCGCCGGGCCCCGCCCGGGCGCGGC	1079042	1079341	1079342	1079182	1079219	122	1079693	1079992	1079694	1079871	1079908	84	38
LigP_56635628_73050970	upstream_LG	downstream_LG	37	83.784	196	232	190	226	0.001	GCGCGCGGCCCCCCGCGCGCGGGGGGGCGCCGGGGGG	GCGCGCGGCCCGGCGGGGGCGGGGGGGCCCGGGGGGG	56635329	56635628	56635629	56635525	56635561	67	73050970	73051269	73050971	73051160	73051196	73	6
LigP_47249797_49663366	upstream_LG	downstream_LG	35	88.571	100	134	39	73	2.78e-07	GGCCGGGGCGCCCGGCGGGCCGCGCGGGGCGCCGG	GGCCGCGGCCCCCGGCGGGCCCCGCGGGGCCCCGG	47249498	47249797	47249798	47249598	47249632	165	49663366	49663665	49663367	49663405	49663439	226	61
LigP_173589_177101	upstream_LG	downstream_LG	30	86.667	263	292	118	147	0.000268	CGGGCCCCCGGCCCCCGCGGGCGCCGCGCC	CGGGCCCGCGGCCGCCGCCCGCGCCGCGCC	173290	173589	173590	173553	173582	7	177101	177400	177102	177219	177248	152	145
LigP_31132744_31142293	upstream_LG	downstream_LG	37	81.081	45	81	249	285	0.26	GCGCGGCCCCCCGGGCCCGGCGCCGGCGCCGCGCGGG	GCGCGGCCGCCGGGGGGCGGCGGCGCCGCCGCCCGGG	31132445	31132744	31132745	31132490	31132526	218	31142293	31142592	31142294	31142542	31142578	14	204
LigP_67109914_67112564	upstream_LG	downstream_LG	32	81.25	240	271	184	215	1.0	CCCCGCCCCGGGCCCCCCCCCCGCGCCGGCGC	CCCCCCCCGGGGCCCGGCCCCCGGCCCGGCGC	67109615	67109914	67109915	67109855	67109886	28	67112564	67112863	67112565	67112748	67112779	84	56
LigP_30634672_30698807	upstream_LG	downstream_LG	29	86.207	101	129	214	242	0.001	GGGGGCGGGGCGCCCGGGCGGCGCGCGCG	GGGGGCGGGGCGGGCCGGCCGCGCGCGCG	30634373	30634672	30634673	30634474	30634502	170	30698807	30699106	30698808	30699021	30699049	57	113
LigP_62044_63129	upstream_LG	downstream_LG	32	81.25	151	182	114	145	1.0	GCGGCCGCCCCCCCCGGGCGGGGGGCCCGCGC	GCGGCCGCGCCGCCCCCGCGGGGCCCCCGCGC	61745	62044	62045	61896	61927	117	63129	63428	63130	63243	63274	154	37
LigP_79600578_79601225	upstream_LG	downstream_LG	30	83.333	222	251	82	111	0.065	CCCCCCCCCCGCGCGCCCCCCGCCCCCGCG	CCCCCCCCCCCCCGGCCCCCCCCCCGCGCG	79600279	79600578	79600579	79600501	79600530	48	79601225	79601524	79601226	79601307	79601336	188	140
LigP_31142642_31302010	upstream_LG	downstream_LG	34	85.294	61	94	138	171	0.000268	CCCGCCCCCCGCGGGCCCCGCCCCCCCCCCGGGG	CCCGCCCCCGGCGCGGCCCGCCCCCGGCCCGGGG	31142343	31142642	31142643	31142404	31142437	205	31302010	31302309	31302011	31302148	31302181	128	77
LigP_4818893_4847101	upstream_LG	downstream_LG	32	84.375	263	294	38	69	0.004	GGGCCCCCCGCCGCCCCCCCGGCCCCCCCCCC	GGGCCCGCCGCCGGCCCCGGGGCCGCCCCCCC	4818594	4818893	4818894	4818857	4818888	5	4847101	4847400	4847102	4847139	4847170	230	225
LigP_47460971_47461527	upstream_LG	downstream_LG	33	84.848	188	220	168	200	0.001	CCGCCCGCCCGCCGGGGCCGGGGCCCCCGGGGG	CCGCCCGGCCCCCGGGCCGGGGGGCCCCGGGGG	47460672	47460971	47460972	47460860	47460892	79	47461527	47461826	47461528	47461695	47461727	99	20
LigP_875220_1222789	upstream_LG	downstream_LG	33	87.879	74	106	245	277	4.34e-06	CGGGGCCGCCGGCCGGCCGCCCCGCCCCCCGGG	CGGGGCCGCCGCCCGGGCCCCCCGCGCCCCGGG	874921	875220	875221	874995	875027	193	1222789	1223088	1222790	1223034	1223066	22	171
LigP_265470_266965	upstream_LG	downstream_LG	40	82.5	16	55	215	254	0.004	GGGGGCCCGCGCGGGCGGGGGGGCGCCCCGGGCCCCCCCC	GGGGGCCCCCGGGGGGGGGCGGCCGCCCCCGGCCCGCCCC	265171	265470	265471	265187	265226	244	266965	267264	266966	267180	267219	45	199
LigP_267366_337831	upstream_LG	downstream_LG	36	83.333	143	178	229	264	0.004	GGGGGCCCCCCCGGCGGCCCCCCCGCCGCCCCCCCC	GGGGGGCCGCCCGCCGGCCCCCCCCCGGGCCCCCCC	267067	267366	267367	267210	267245	121	337831	338130	337832	338060	338095	35	86
LigP_2284826_2298007	upstream_LG	downstream_LG	31	83.871	118	148	266	296	0.017	GGGGCGGGGGGGCCGGCGGGCGCGGGCCGGG	GGGGGGGGGGGCCGGGGGGGCGGGGGCCGGG	2284527	2284826	2284827	2284645	2284675	151	2298007	2298306	2298008	2298273	2298303	3	148
LigP_970547_971375	upstream_LG	downstream_LG	30	86.667	225	254	237	266	0.000268	GGCCGGCCCCGCCCCGCGCGGCCCCGGGCC	GGCCGGCCCCCCCCCCCCGGGCCCCGGGCC	970248	970547	970548	970473	970502	45	971375	971674	971376	971612	971641	33	12
LigP_71369696_71369798	upstream_LG	downstream_LG	30	90.0	12	41	140	169	1.1e-06	GGGCGGGGGGGCCGGGGGGGGGGCGGCGGG	GGGCGGGGGGGCGGGGGGCGGGGGGGCGGG	71369397	71369696	71369697	71369409	71369438	258	71369798	71370097	71369799	71369938	71369967	130	128
LigP_970914_971255	upstream_LG	downstream_LG	35	85.714	219	253	256	290	6.78e-05	GGGGGGCGCCCGCGCGGGGGCGGGCCGGGGGGCCC	GGGGGGCGCCCGGGCCGGGGGGGGGGGGGGGGCCC	970615	970914	970915	970834	970868	46	971255	971554	971256	971511	971545	9	37
LigP_57984911_57993405	upstream_LG	downstream_LG	30	86.667	119	148	144	173	0.000268	GCCCCGCGCGCGCCGCCGGGGGCCGGCCCC	GCCCCGCGGCCGCCGCCGCGGGCCGCCCCC	57984612	57984911	57984912	57984731	57984760	151	57993405	57993704	57993406	57993549	57993578	126	25
LigP_2236852_2237262	upstream_LG	downstream_LG	34	85.294	219	252	4	37	0.000268	CGCGCGGGCGGCGGCGCCCGCCCCCCCCGGCCCC	CGCGCGGGCGGGCGCGCCCCCCCGCGCCGGCCCC	2236553	2236852	2236853	2236772	2236805	47	2237262	2237561	2237263	2237266	2237299	262	215
LigP_1972248_1972574	upstream_LG	downstream_LG	33	87.879	78	110	136	168	4.34e-06	GCGGCGGCCGCGCGCGGCGGCGCCGCCGCGGCG	GCGGCGGCCCCGCGGGGCCGCGCCGCCGGGGCG	1971949	1972248	1972249	1972027	1972059	189	1972574	1972873	1972575	1972710	1972742	131	58
LigP_173024_181250	upstream_LG	downstream_LG	31	83.871	45	75	126	156	0.017	CCCGCGGCCCGGGCCGCGCCCCGGGCCCCGC	CCCGCCGCCCGGGGCGCCCCGCGGCCCCCGC	172725	173024	173025	172770	172800	224	181250	181549	181251	181376	181406	143	81
LigP_18789987_67109561	upstream_LG	downstream_LG	44	84.091	246	289	168	211	1.72e-05	GGCCGCGGCGGCGGGGGGCCGCGCGGCCCGCCGGCCCCGGCGCC	GGCCCCGGGGGCGGGGGGCCCGGCGCCCCGCGGGCCCCCGCGCC	18789688	18789987	18789988	18789934	18789977	10	67109561	67109860	67109562	67109729	67109772	88	78
LigP_173597_177109	upstream_LG	downstream_LG	30	86.667	255	284	110	139	0.000268	CGGGCCCCCGGCCCCCGCGGGCGCCGCGCC	CGGGCCCGCGGCCGCCGCCCGCGCCGCGCC	173298	173597	173598	173553	173582	15	177109	177408	177110	177219	177248	160	145
LigP_89574864_89696036	upstream_LG	downstream_LG	37	86.486	177	213	4	40	4.34e-06	GGGCCCCCCCGCCCCGCGGCCGCGCCCGGCGCCGCCC	GGGCCCCCCCGCCCCGGGCCGGCGCCCGCCGCGGCCC	89574565	89574864	89574865	89574742	89574778	86	89696036	89696335	89696037	89696040	89696076	259	173
LigP_797832_800212	upstream_LG	downstream_LG	60	83.333	178	237	4	63	7.04e-08	CCGGGCGCGCGGCCGCCGGGGGCGCGGCGGCCCCGGGCGCGGGCGCGCGCGGGGGCGCCG	CCGGGCGCGGGGCCCCCGGGGGGGGGCCCGCGCCGGGGGCGGGGGCGGGCGGGGGCGCCG	797533	797832	797833	797711	797770	62	800212	800511	800213	800216	800275	236	174
LigP_4412158_4414361	upstream_LG	downstream_LG	37	86.486	12	48	254	290	4.34e-06	GGGCGGGCCGCCGGGCGCCCCCGGGGGCGGCCGCGGC	GGGCGGGCGGCCCGCCCCCCCCGGGGGCGCCCGCGGC	4411859	4412158	4412159	4411871	4411907	251	4414361	4414660	4414362	4414615	4414651	9	242
LigP_1678326_1705822	upstream_LG	downstream_LG	30	83.333	190	219	80	109	0.065	CGCCCCGGCGCCCGGCGGGCGCCGGCGGGC	CGCCCCCGGGCCCCGCGCGCCCCGGCGGGC	1678027	1678326	1678327	1678217	1678246	80	1705822	1706121	1705823	1705902	1705931	190	110
LigP_4184076_4624390	upstream_LG	downstream_LG	30	86.667	17	46	210	239	0.000268	CGGGCCCGGGGCCCGGGGGCGCGGGCCGGC	CGGGCCCGGGCCCGGGGGGGGGGGGCCGGC	4183777	4184076	4184077	4183794	4183823	253	4624390	4624689	4624391	4624600	4624629	60	193
LigP_527635_30429735	upstream_LG	downstream_LG	34	88.235	103	136	76	109	1.1e-06	GCCCCGCCCCCCCGCGCCCCCCGCGGGGCCCCCC	GCCCCCCCCCCCCGCGCCCCGGGGGGGGCCCCCC	527336	527635	527636	527439	527472	163	30429735	30430034	30429736	30429811	30429844	190	27
LigP_30699211_30699304	upstream_LG	downstream_LG	38	81.579	180	217	26	63	0.065	CGGGCGGGGCGGGGGCCCGGGGGGGGCGGGGCCGCCCC	CGGGCGGCGCGGGCCCGCGGGGGGCCCGGGGGCGCCCC	30698912	30699211	30699212	30699092	30699129	82	30699304	30699603	30699305	30699330	30699367	236	154
LigP_721047_924570	upstream_LG	downstream_LG	34	85.294	52	85	162	195	0.000268	CCGCCCCCCCCCGGGGCGGGCCCCCCCCCGCCCC	CCGCCCCCCCCGGGGGGGGGCGGCCCGCCGCCCC	720748	721047	721048	720800	720833	214	924570	924869	924571	924732	924765	104	110
LigP_2821709_5098099	upstream_LG	downstream_LG	41	82.927	230	270	48	88	0.001	CCGGGCCGGGCCCCGGCCCCCCCCCGCCCCGCCCGGCGGCG	CCGGGCCCCGCCCCGGGCCCCGCCCCCCGGGCCCGGCGGCG	2821410	2821709	2821710	2821640	2821680	29	5098099	5098398	5098100	5098147	5098187	211	182
LigP_28118012_28603664	upstream_LG	downstream_LG	37	86.486	19	55	128	164	4.34e-06	CGGGGGGGGGGCGGGCCGCGGGGGCGGGGCCGGGGGG	CGGGGGGGCGGCGGCCCCCGGGGCCGGGGCGGGGGGG	28117713	28118012	28118013	28117732	28117768	244	28603664	28603963	28603665	28603792	28603828	135	109
LigP_4184075_4185059	upstream_LG	downstream_LG	38	86.842	45	82	70	107	1.1e-06	GGCGCCGGGGGCCGGCGGGGGGGCGGCCCCGCCGCCCG	GGCGCGGGGGCCCGGCGGGGGGCCGCCCCCCCCGCCCG	4183776	4184075	4184076	4183821	4183858	217	4185059	4185358	4185060	4185129	4185166	192	25
LigP_997113_2474843	upstream_LG	downstream_LG	41	85.366	221	261	108	148	4.34e-06	CGGCCGGGGCCCGGGCCCGGGGGGGGGGGCGGCGGGGGCGG	CGGCCGGGGGCCGGCCCCGCGCGGGGGGGGGGCGGCGGCGG	996814	997113	997114	997035	997075	38	2474843	2475142	2474844	2474951	2474991	151	113
LigP_67697_67984	upstream_LG	downstream_LG	31	83.871	107	137	228	258	0.017	CGCCCGCGGCCCCCCCGGCCCCCGCCCCCCG	CGCCCGCGGGGCCCGCGGCCGCCGGCCCCCG	67398	67697	67698	67505	67535	162	67984	68283	67985	68212	68242	41	121
LigP_31078339_31142273	upstream_LG	downstream_LG	42	83.333	70	111	150	191	0.000268	GGCCCGCGGGGCGGGGGGGGGGGGGGGCGGCGGGGCGGGGGC	GGCCCGCGGGGCGCGGGCCCGGGGGGGCCCCGGGGGGGGGGC	31078040	31078339	31078340	31078110	31078151	188	31142273	31142572	31142274	31142423	31142464	108	80
LigP_88687268_88856822	upstream_LG	downstream_LG	33	84.848	238	270	181	213	0.001	GCGGCCCGGGCGGCCCGCCCCCCCCCCCCGCGG	GCGGCCCGGGCCCCGCCCCCCGCCCCCCCGCGG	88686969	88687268	88687269	88687207	88687239	29	88856822	88857121	88856823	88857003	88857035	86	57
LigP_29449576_30188616	upstream_LG	downstream_LG	29	86.207	105	133	9	37	0.001	GCGGGCCCGCGGGCCCCCGGGCGGCGGCC	GCGGGCCCGGGGCGCCCCGGGCGCCGGCC	29449277	29449576	29449577	29449382	29449410	166	30188616	30188915	30188617	30188625	30188653	262	96
LigP_1080072_1082025	upstream_LG	downstream_LG	34	82.353	100	133	173	206	0.065	CGCGCCCGGGCGGGGCCCGGCGGCGGCGGGGGGC	CGCGCCCGGCGGGGGCGGGGCCGCGGCCGGGGGC	1079773	1080072	1080073	1079873	1079906	166	1082025	1082324	1082026	1082198	1082231	93	73
LigP_800568_893000	upstream_LG	downstream_LG	30	83.333	54	83	259	288	0.065	GCGCCGGCGCCCCGCCCGCGGCCCGGCCCC	GCGCCGGGCCCCCGCCCCCGGGGCGGCCCC	800269	800568	800569	800323	800352	216	893000	893299	893001	893259	893288	11	205
LigP_75247512_75341400	upstream_LG	downstream_LG	47	82.979	68	114	55	101	6.78e-05	GGGGGGGGGGCCCCGGCCCGGCGCCGGCGCCCCCCGGGCGGCGCCCC	GGGGGGGGGCCGCCGGCCCCCCCCCGGCGGCCCCGGGGCGGCCCCCC	75247213	75247512	75247513	75247281	75247327	185	75341400	75341699	75341401	75341455	75341501	198	13
LigP_970429_970610	upstream_LG	downstream_LG	30	86.667	271	300	225	254	0.000268	CCCCCGGCCCGCGCGCGGGCGGGCGGCCCC	CCCCCGGCCCGCCCCCGCGCGGGCGCCCCC	970130	970429	970430	970401	970430	-1	970610	970909	970611	970835	970864	45	46
LigP_57984930_58027172	upstream_LG	downstream_LG	37	83.784	195	231	53	89	0.001	CGCCGGGGGGGCCGCCGGGCGGGCGGGCCGCGGGGCC	CGCCGGGCGGGCCCCCGGCGGGGGGGGGCGCGGGGCC	57984631	57984930	57984931	57984826	57984862	68	58027172	58027471	58027173	58027225	58027261	210	142
LigP_75464611_75497211	upstream_LG	downstream_LG	31	83.871	121	151	76	106	0.017	GGGGCGCGCGGCGCGCGGGCGCGGGGCGGGC	GGGGCGCGGGCCGCGCGGCCCCGGGGGGGGC	75464312	75464611	75464612	75464433	75464463	148	75497211	75497510	75497212	75497287	75497317	193	45
LigP_29815613_29821042	upstream_LG	downstream_LG	40	87.5	174	213	39	78	7.04e-08	GCCCCGGCCCGCGGGCCCCCCCCCCGGGGGCGCGGGGGCC	GCCCCGGCCCCCGCCCCCCCCCCCCGGGGGGGGGGGGGCC	29815314	29815613	29815614	29815488	29815527	86	29821042	29821341	29821043	29821081	29821120	221	135
LigP_67573_49344245	upstream_LG	downstream_LG	35	85.714	38	72	71	105	6.78e-05	CCGGGGGGGGGCGGGGCCCGGCGCGGGGGCCGGGG	CCGGGGGGGCGGGGGGGCCGCCGCGGGGGGCGGGG	67274	67573	67574	67312	67346	227	49344245	49344544	49344246	49344316	49344350	194	33
LigP_85641765_85688797	upstream_LG	downstream_LG	33	81.818	188	220	75	107	0.26	CCGCCGCCCGCGCGGCGGGGGCCCCGCCCCCCG	CCGCCGCGGGCGCCGCCGGGGCCGGGCCCCCCG	85641466	85641765	85641766	85641654	85641686	79	85688797	85689096	85688798	85688872	85688904	192	113
LigP_89268747_89337837	upstream_LG	downstream_LG	33	90.909	225	257	3	35	1.78e-08	CGCGCGGCGGGGGGGGGGGGGGGGGGGGGCGGG	CGCGCCGCCGGGGGGCGGGGGGGGGGGGGCGGG	89268448	89268747	89268748	89268673	89268705	42	89337837	89338136	89337838	89337840	89337872	264	222
LigP_527636_556743	upstream_LG	downstream_LG	33	87.879	40	72	82	114	4.34e-06	CCGGCCCCCCGCGGGCCCCGCGCGCCCGCGGCG	CCGGCCCCCCGCGCGCCCCGGGCCCCCGGGGCG	527337	527636	527637	527377	527409	227	556743	557042	556744	556825	556857	185	42
LigP_975426_1705862	upstream_LG	downstream_LG	32	87.5	31	62	67	98	1.72e-05	CGGCCGCGGGCCGCGGGCGCCCCCGCCCCCGC	CGGCCGCGGGCCCCCGGCGGCCCCGGCCCCGC	975127	975426	975427	975158	975189	237	1705862	1706161	1705863	1705929	1705960	201	36
LigP_57984955_57991253	upstream_LG	downstream_LG	29	82.759	123	151	226	254	0.26	GGGGGCCCGGGCCGCCCCGCCCGGGGGGG	GGGGGCCCCGGGCCCCCCGGCCCGGGGGG	57984656	57984955	57984956	57984779	57984807	148	57991253	57991552	57991254	57991479	57991507	45	103
LigP_2965155_2968934	upstream_LG	downstream_LG	29	93.103	272	300	166	194	1.78e-08	GCCGCGGGCCGGCGGCCCGGCCCCCCGGG	GCCGCGGGCCCGCGGCCCGGCGCCCCGGG	2964856	2965155	2965156	2965128	2965156	-1	2968934	2969233	2968935	2969100	2969128	105	106
LigP_67163130_67163691	upstream_LG	downstream_LG	38	81.579	199	236	188	225	0.065	GGGGGGGGGCCGCCCCCCGGCGCGGGCCGCGGCGCCCC	GGGGGGGCGCCGGCGCCCGGGGCGCGCCCGGGCGCCCC	67162831	67163130	67163131	67163030	67163067	63	67163691	67163990	67163692	67163879	67163916	74	11
LigP_4184076_4263480	upstream_LG	downstream_LG	29	86.207	63	91	162	190	0.001	GGGGCGGCCCCGCCGCCCGGCCCGGGCGG	GGGGCGGGCCCGCCCCCCGGGGCGGGCGG	4183777	4184076	4184077	4183840	4183868	208	4263480	4263779	4263481	4263642	4263670	109	99
LigP_89686910_89695150	upstream_LG	downstream_LG	31	83.871	22	52	221	251	0.017	GGGGGGGGCCCCCGCGCCCGCGCCGCGGGGC	GGGGCGGGCCCCCGGCCGCGCCCCGCGGGGC	89686611	89686910	89686911	89686633	89686663	247	89695150	89695449	89695151	89695371	89695401	48	199
LigP_67632_67953	upstream_LG	downstream_LG	29	82.759	182	210	236	264	0.26	CCCCCCGGCCCCCGCCCCCCGCCGCCCCC	CCCCCGGGCCCCCCCCCGCCCGCGCCCCC	67333	67632	67633	67515	67543	89	67953	68252	67954	68189	68217	35	54
LigP_54928771_54934722	upstream_LG	downstream_LG	30	83.333	198	227	86	115	0.065	GGCCGGGCGCGGGGCGCCGCCGCGCCCGCC	GGCCGGGCCCGGCGCGGGGCCGGGCCCGCC	54928472	54928771	54928772	54928670	54928699	72	54934722	54935021	54934723	54934808	54934837	184	112
LigP_87848369_87850088	upstream_LG	downstream_LG	29	89.655	18	46	255	283	4.34e-06	CCCGGCGGGCCGCGGCCCCCCCCCCCCCC	CCCGGCGGGCCGCGGGCCGCCCCGCCCCC	87848070	87848369	87848370	87848088	87848116	253	87850088	87850387	87850089	87850343	87850371	16	237
LigP_57984908_82667756	upstream_LG	downstream_LG	33	84.848	218	250	73	105	0.001	GCCGGGGGGGCCGCCGGGCGGGCGGGCCGCGGG	GCCGGGGGGGCCCCCCGGCGGCGCGGCCGCGGG	57984609	57984908	57984909	57984827	57984859	49	82667756	82668055	82667757	82667829	82667861	194	145
LigP_87384536_87391855	upstream_LG	downstream_LG	30	83.333	168	197	103	132	0.065	GGGCGGCGGCCGGCGCGGCCCGGGGGGCCC	GGGCCGCGGGCGGGGCGCCCCGGGGCGCCC	87384237	87384536	87384537	87384405	87384434	102	87391855	87392154	87391856	87391958	87391987	167	65
LigP_70735514_70735705	upstream_LG	downstream_LG	30	86.667	258	287	40	69	0.000268	CGGGCGGGGGGCGGCGGCGGGGCCCCCCCC	CGGGCGGGGGGCGGGGCGGGGCCCCCCCCC	70735215	70735514	70735515	70735473	70735502	12	70735705	70736004	70735706	70735745	70735774	230	218
LigP_57984930_57990532	upstream_LG	downstream_LG	33	81.818	231	263	102	134	0.26	CGGGGCGGGGGGCGCGGGCCGCGGGCGGGGGCG	CGGGGGGGGGGCCCCGGGCGGGGGCCGGGGGCG	57984631	57984930	57984931	57984862	57984894	36	57990532	57990831	57990533	57990634	57990666	165	129
LigP_2965149_3011766	upstream_LG	downstream_LG	31	83.871	270	300	189	219	0.017	GGGGGCCCGCCGCGGGCCGGCGGCCCGGCCC	GGGGGCCCCCCCGGGGCCCGCGGCCCCGCCC	2964850	2965149	2965150	2965120	2965150	-1	3011766	3012065	3011767	3011955	3011985	80	81
LigP_1788538_1788595	upstream_LG	downstream_LG	35	82.857	164	198	31	65	0.017	GCGGCGGGGCCCGGCCCGCCGGGGGGGCCGCGGGC	GCGGCGGGGGCGGGGCCCCCGGGGGGCCCCCGGGC	1788239	1788538	1788539	1788403	1788437	101	1788595	1788894	1788596	1788626	1788660	234	133
