LigP_ID	query_ID	subject_ID	length	perc_id	q_start	q_end	s_start	s_end	evalue	q_seq	s_seq	start_harbor	end_harbor	end_LG1	start_homolog1	end_homolog1	LG1_distance	start_harbor2	end_harbor2	end_LG2	start_homolog2	end_homolog2	LG2_distance	Ligshift
LigP_31214833_31501393	upstream_LG	downstream_LG	35	85.714	266	300	255	289	6.78e-05	GCCCCCCGCGGGGGCGCCCCCCCGGGCCCGGGGCG	GCCCCCCGGGGGGGCGCGCGCGGGGGCCCGGGGCG	31214534	31214833	31214834	31214800	31214834	-1	31501393	31501692	31501394	31501648	31501682	10	11
LigP_29269893_29269927	upstream_LG	downstream_LG	34	85.294	246	279	38	71	0.000268	GGCCCGCGCCCCGCGCCGGGGCGGCCGGGCGGCG	GGCCCCCGCCCCCCGCCCGCGCGGCCCGGCGGCG	29269594	29269893	29269894	29269840	29269873	20	29269927	29270226	29269928	29269965	29269998	228	208
LigP_67521762_67522256	upstream_LG	downstream_LG	33	87.879	222	254	156	188	4.34e-06	CGGCGGGGCCCCGCGGGGGCCGGCCCCGCCCCC	CGGCGCGGCCGCGCGGGGCCCGGCCCCGGCCCC	67521463	67521762	67521763	67521685	67521717	45	67522256	67522555	67522257	67522412	67522444	111	66
LigP_32413756_34038599	upstream_LG	downstream_LG	44	81.818	82	125	200	243	0.004	GGGGGGCCGCGCGGGGCGGCGCCCGGCGCCCCGGGGCCCGGGGC	GGGGCGCCCCGCGGGGCGGCCGCCGGGGGCCGGGGGGCCGGGGC	32413457	32413756	32413757	32413539	32413582	174	34038599	34038898	34038600	34038799	34038842	56	118
LigP_50419047_50424079	upstream_LG	downstream_LG	30	83.333	25	54	231	260	0.065	GGCCCCGCGGCCGGCCCGCCGGCGCCCCCC	GGCCCCGCGCGCGCCCCCCCGGCCCCCCCC	50418748	50419047	50419048	50418773	50418802	245	50424079	50424378	50424080	50424310	50424339	39	206
LigP_89379014_90265378	upstream_LG	downstream_LG	35	82.857	88	122	106	140	0.017	CCGGGCCGGGGGGGCCGCCGCGGGCCCCGGGGCGC	CCGGGGCGCGGGGGCCGGGGCGGGGCGCGGGGCGC	89378715	89379014	89379015	89378803	89378837	177	90265378	90265677	90265379	90265484	90265518	159	18
LigP_74837064_74842882	upstream_LG	downstream_LG	33	84.848	146	178	230	262	0.001	GCGGCGGGGGGCCGCGCGCCCCGGGGCGGGCGG	GCGGCGGGGGGGCGCCCGCGCGGGCGCGGGCGG	74836765	74837064	74837065	74836911	74836943	121	74842882	74843181	74842883	74843112	74843144	37	84
LigP_35546298_35554570	upstream_LG	downstream_LG	35	85.714	134	168	107	141	6.78e-05	CGGCCCCCGCGCCGGGCGCGGCGCGCGCGCGCGCG	CGGCCCCGGCCCCGGGCGCGCCGGGCGGGCGCGCG	35545999	35546298	35546299	35546133	35546167	131	35554570	35554869	35554571	35554677	35554711	158	27
LigP_35546215_67408159	upstream_LG	downstream_LG	29	89.655	146	174	125	153	4.34e-06	GCCGGGGGGGGCGGGGGCCCGGCCCGGGG	GCCGGGGGGGGGCGGGGCCCGCCCCGGGG	35545916	35546215	35546216	35546062	35546090	125	67408159	67408458	67408160	67408284	67408312	146	21
LigP_67521714_67554489	upstream_LG	downstream_LG	32	87.5	269	300	119	150	1.72e-05	CCGGCGGGGCCCCGCGGGGGCCGGCCCCGCCC	CCGGCGGGGGCGCGGGGGGGCCGGCGCCGCCC	67521415	67521714	67521715	67521684	67521715	-1	67554489	67554788	67554490	67554608	67554639	149	150
LigP_75430450_75454221	upstream_LG	downstream_LG	32	84.375	176	207	189	220	0.004	CGCCGGGCCGCGCGCGCCGGCGGCCCCCGGCC	CGCCGGGCGGCCCCCGCCCGCGCCCCCCGGCC	75430151	75430450	75430451	75430327	75430358	92	75454221	75454520	75454222	75454410	75454441	79	13
LigP_74596626_74596870	upstream_LG	downstream_LG	39	82.051	56	94	133	171	0.017	GGGGGGGGGGCCGCGGGGGCGGCCCGGGGCCGGGGCCCG	GGGGGGCGGCCCCCGGGGCCGGCGCGGCCCCGGGGCCCG	74596327	74596626	74596627	74596383	74596421	205	74596870	74597169	74596871	74597003	74597041	128	77
LigP_67521805_67523373	upstream_LG	downstream_LG	31	83.871	157	187	260	290	0.017	CGCGCGGCGGGCGCCCGCGGGCCGGCGGGGC	CGCGCGGCGGCCCGCCCCGGGCCGGCCGGGC	67521506	67521805	67521806	67521663	67521693	112	67523373	67523672	67523374	67523633	67523663	9	103
LigP_67521702_67521833	upstream_LG	downstream_LG	36	83.333	168	203	120	155	0.004	GCGGCGCCCGGGGCCGCCGGCCCCGGCGGGCGGCGG	GCGGCGCCCGCGGGGGCGGGCCCCGCCGCGCGGCGG	67521403	67521702	67521703	67521571	67521606	96	67521833	67522132	67521834	67521953	67521988	144	48
LigP_35546211_35565722	upstream_LG	downstream_LG	35	91.429	68	102	240	274	1.14e-09	CCCCCCCCGCGGCCCGGGGGGGCCGCGGGGCCCCC	CCCCCCCCGCCCCCCGGGGGGGGCGCGGGGCCCCC	35545912	35546211	35546212	35545980	35546014	197	35565722	35566021	35565723	35565962	35565996	25	172
LigP_35546323_36092551	upstream_LG	downstream_LG	31	90.323	24	54	122	152	2.78e-07	CGGCGCCGGCGGCGGCCGGGGGGGGCGGGGG	CGGCGCCGGCGGCCGGCGGGGGGGGGGGGGG	35546024	35546323	35546324	35546048	35546078	245	36092551	36092850	36092552	36092673	36092703	147	98
LigP_101961585_101961841	upstream_LG	downstream_LG	34	82.353	47	80	124	157	0.065	GGGGGGGCCCGCGGGGCGGGGGGCGCGGGCGGGG	GGGGGGGCGCGGGGGCGGGGGGGCGGGGCCGGGG	101961286	101961585	101961586	101961333	101961366	219	101961841	101962140	101961842	101961965	101961998	142	77
LigP_35546271_35549259	upstream_LG	downstream_LG	30	83.333	30	59	89	118	0.065	CCGCGGGGCCCCCGGCGCGCGGCCCGGGCG	CCGCGGCGGCCCCGGCGGGGCGCCCGGGCG	35545972	35546271	35546272	35546002	35546031	240	35549259	35549558	35549260	35549348	35549377	181	59
LigP_74610959_74612727	upstream_LG	downstream_LG	38	84.211	125	162	190	227	0.000268	CGGGCCCCGGGGGCCCCCCGGGCCCGGCGGGGGGCGGC	CGGGCCGCGGGCCCCCCCCGGGCCGGGCCGGGCGCGGC	74610660	74610959	74610960	74610785	74610822	137	74612727	74613026	74612728	74612917	74612954	72	65
LigP_101958908_101961089	upstream_LG	downstream_LG	29	82.759	54	82	226	254	0.26	CGGGCCCCCGGCCCCGCCCCCGGCCCCCC	CGGGCCCCCCCCCCGGGCCCCCGCCCCCC	101958609	101958908	101958909	101958663	101958691	217	101961089	101961388	101961090	101961315	101961343	45	172
LigP_35546317_35559406	upstream_LG	downstream_LG	29	82.759	232	260	257	285	0.26	CCCGCCCGCGGGCCGGCGCCGCGGGCCCC	CCCGCCGGCCGGGCGGCCCCCCGGGCCCC	35546018	35546317	35546318	35546250	35546278	39	35559406	35559705	35559407	35559663	35559691	14	25
LigP_35546265_35548807	upstream_LG	downstream_LG	29	93.103	121	149	132	160	1.78e-08	GGGGGGGGGGGGGCGGCCCCGGGGCCGCG	GGGGGCGGGGGGGCGGCCCCGGGGGCGCG	35545966	35546265	35546266	35546087	35546115	150	35548807	35549106	35548808	35548939	35548967	139	11
LigP_35546270_40001039	upstream_LG	downstream_LG	36	88.889	197	232	133	168	7.04e-08	GCGGGCGCGGGCGGGGGCCGGGGGGCCGCGCCGCGG	GCGGGCGCGGCCGGCGGCGGGGGGGGCGCGCCGCGG	35545971	35546270	35546271	35546168	35546203	67	40001039	40001338	40001040	40001172	40001207	131	64
LigP_35546251_49155436	upstream_LG	downstream_LG	47	82.979	112	158	62	108	6.78e-05	CGGGGGGGGCGGGGGCCCGGCCCGGGGGGGGGGGGGCGGCCCCGGGG	CGGGGGGGGCCGCGGCCCGGCGGGGCGCGGGGGGCGGGGCCCCGGGG	35545952	35546251	35546252	35546064	35546110	141	49155436	49155735	49155437	49155498	49155544	191	50
LigP_35546295_35751435	upstream_LG	downstream_LG	52	82.692	202	253	3	54	1.72e-05	CCGCGGCCCGCGCGGCGCGCCGCGGGGCCCCGCCCGGGCGCCCGCCCCGCCG	CCGCGGCGCGCGCGGGGGGCGGCGGGGCGCGGCCCGCGCGCCCCCCGCGCCG	35545996	35546295	35546296	35546198	35546249	46	35751435	35751734	35751436	35751438	35751489	245	199
LigP_67521690_67564415	upstream_LG	downstream_LG	37	86.486	80	116	109	145	4.34e-06	CGCCGGCCGCCGCGCCCCGCGCGCCGGCCGCCCCCCC	CGCCGGCCGCCCCGCCCCCCCCGCCCCCCGCCCCCCC	67521391	67521690	67521691	67521471	67521507	183	67564415	67564714	67564416	67564524	67564560	154	29
LigP_75676187_75799396	upstream_LG	downstream_LG	53	81.132	208	260	61	113	0.001	GGCCGCCGCCCGCGGGGCCGGGGGCCCCCCCCCCCGGCCCGCCCGCCCCCGGC	GGCCCCCGCCGGCGGGGCCGCGGCGCGCCCGCCCCGCCCCCCCCCCCCCCGGC	75675888	75676187	75676188	75676096	75676148	39	75799396	75799695	75799397	75799457	75799509	186	147
LigP_79896977_79896967	upstream_LG	downstream_LG	30	86.667	7	36	40	69	0.000268	GGCGCCGGGGGCGCCCGGGCCGCGGCCGGG	GGCGCCCGGGGCGCCGGGGGCGGGGCCGGG	79896678	79896977	79896978	79896685	79896714	263	79896967	79897266	79896968	79897007	79897036	230	33
LigP_35546209_36676847	upstream_LG	downstream_LG	46	82.609	253	298	158	203	0.000268	GCGCGGCGGGCGCGGGCGGGGGCCGGGGGGCCGCGCCGCGGCCCGC	GCGCGGCGGGCCCCGGGGCGGGCCGCGGGGGCGCCCGGCGGCCCGC	35545910	35546209	35546210	35546163	35546208	1	36676847	36677146	36676848	36677005	36677050	96	95
LigP_75347614_75348187	upstream_LG	downstream_LG	31	87.097	229	259	270	300	6.78e-05	CGGCCGCCCCCCCGGGGGGCCGCGCCCCCCG	CGGCCCCCCGCCCGGGGGGGCGCCCCCCCCG	75347315	75347614	75347615	75347544	75347574	40	75348187	75348486	75348188	75348457	75348487	-1	41
LigP_25438179_25438783	upstream_LG	downstream_LG	29	93.103	125	153	25	53	1.78e-08	CCCGCCCGCCCCCCCCCCCCGCCGGCCCG	CCCGCCCGCGCCCCGCCCCCGCCGGCCCG	25437880	25438179	25438180	25438005	25438033	146	25438783	25439082	25438784	25438808	25438836	246	100
LigP_35546251_35546495	upstream_LG	downstream_LG	34	85.294	113	146	89	122	0.000268	GGGGGGGGCGGGGGCCCGGCCCGGGGGGGGGGGG	GGGGGCGGGGGGGGCGCGGGCCGGGGGGCGGGGG	35545952	35546251	35546252	35546065	35546098	153	35546495	35546794	35546496	35546584	35546617	177	24
LigP_35546292_35546333	upstream_LG	downstream_LG	29	82.759	16	44	213	241	0.26	GCCCCCGGCGCGCGGCCCGGGCGGGGGCG	GCCCCCGCCCCGCGGGGCGGGGGGGGGCG	35545993	35546292	35546293	35546009	35546037	255	35546333	35546632	35546334	35546546	35546574	58	197
LigP_29432903_45341883	upstream_LG	downstream_LG	51	86.275	100	150	33	83	1.14e-09	CGCCCGCGGGGCCCGGCGGGCGCCCCCGCCCCGGCGCGGCCCCGCCCCCCC	CGCCCGCGGGGCCGGGCGGCCGGCCCGGCGCCCGCGGGGCCCCGCCCCCCC	29432604	29432903	29432904	29432704	29432754	149	45341883	45342182	45341884	45341916	45341966	216	67
LigP_35546323_54084777	upstream_LG	downstream_LG	42	85.714	34	75	5	46	1.1e-06	GGCGGCCGGGGGGGGCGGGGGCCCGGCCCGGGGGGGGGGGGG	GGCGGCCGGGCGGCGCCGGGGCCCCGCCCGCGCGGGGGGGGG	35546024	35546323	35546324	35546058	35546099	224	54084777	54085076	54084778	54084782	54084823	253	29
LigP_45187530_45201619	upstream_LG	downstream_LG	29	82.759	114	142	95	123	0.26	GGGGGCCGGGGCGCCGGGGGGCCCGGGCC	GGGGGCCGCGGGGGCGGGGGCCGCGGGCC	45187231	45187530	45187531	45187345	45187373	157	45201619	45201918	45201620	45201714	45201742	176	19
LigP_70099124_70099046	upstream_LG	downstream_LG	29	86.207	199	227	237	265	0.001	CCCCGGGCCCCCCGCCCGGCCGCGCGGGC	CCCCCGGCCCCCCGCCGGGGCGCGGGGGC	70098825	70099124	70099125	70099024	70099052	72	70099046	70099345	70099047	70099283	70099311	34	38
LigP_29432912_61973376	upstream_LG	downstream_LG	32	87.5	130	161	232	263	1.72e-05	CCCCGCCCCCCCCCCCCCCCCCCGGCCCCCCG	CCCCGCGCCCCCCCGCCCCCCGCCGCCCCCCG	29432613	29432912	29432913	29432743	29432774	138	61973376	61973675	61973377	61973608	61973639	36	102
LigP_72231567_72231879	upstream_LG	downstream_LG	33	87.879	231	263	100	132	4.34e-06	GCCCCCGGGCGCCGGGCCGCCCGCCGCCGCCGG	GCCCCCGGGCGCCCGGCCCCGCGCCGGCGCCGG	72231268	72231567	72231568	72231499	72231531	36	72231879	72232178	72231880	72231979	72232011	167	131
LigP_67521798_68153760	upstream_LG	downstream_LG	29	89.655	164	192	21	49	4.34e-06	CGCGCGGCGGGCGCCCGCGGGCCGGCGGG	CGCGCGGCGGGCCCCGGCGGGCGGGCGGG	67521499	67521798	67521799	67521663	67521691	107	68153760	68154059	68153761	68153781	68153809	250	143
LigP_35546298_36495803	upstream_LG	downstream_LG	48	81.25	39	86	248	295	0.004	CCCGCCCCCCCGGCGCCGGCGGCGGCCGGGGGGGGCGGGGGCCCGGCC	CCCGGCCCCCGGGGGCCGCCCGCGGCGGGGGCGGGGGGGGCCCCGGCC	35545999	35546298	35546299	35546038	35546085	213	36495803	36496102	36495804	36496051	36496098	4	209
LigP_67521688_67522310	upstream_LG	downstream_LG	30	86.667	153	182	65	94	0.000268	GGGGCCCGGCCCGGCGGGGCCGCCCCCCCG	GGGGCCCGGCCGGGCGGCGCGGCCCGCCCG	67521389	67521688	67521689	67521542	67521571	117	67522310	67522609	67522311	67522375	67522404	205	88
LigP_100050831_101961223	upstream_LG	downstream_LG	29	82.759	247	275	136	164	0.26	GCCCCCCGCCCGCCGGGGCCCGCCCGCCC	GCCCCCCGGGCGCCGGGCCGCCCCCGCCC	100050532	100050831	100050832	100050779	100050807	24	101961223	101961522	101961224	101961359	101961387	135	111
LigP_35546227_40221073	upstream_LG	downstream_LG	31	87.097	264	294	11	41	6.78e-05	GCCGCGCCGCGGCCCGCGCGGCGCGCCGCGG	GCCGCCCCGCCGCCCGCGGGGCGCGCGGCGG	35545928	35546227	35546228	35546192	35546222	5	40221073	40221372	40221074	40221084	40221114	258	253
LigP_35546302_35546462	upstream_LG	downstream_LG	34	85.294	62	95	122	155	0.000268	GGGGGGGGCGGGGGCCCGGCCCGGGGGGGGGGGG	GGGGGCGGGGGGGGCGCGGGCCGGGGGGCGGGGG	35546003	35546302	35546303	35546065	35546098	204	35546462	35546761	35546463	35546584	35546617	144	60
LigP_31868266_31870458	upstream_LG	downstream_LG	36	83.333	113	148	150	185	0.004	CGGGCGGGCGGCCCCGGCGCCCCGGGGGGGGCGGGG	CGGGGGGGGGGCCGCGGGGCCCGGGCGGGGGCGGGG	31867967	31868266	31868267	31868080	31868115	151	31870458	31870757	31870459	31870608	31870643	114	37
LigP_45129666_45215832	upstream_LG	downstream_LG	39	84.615	26	64	233	271	6.78e-05	CCCGGCCCCCCCCCCCCCCCCGCGCCCCCCCGCCCGCGC	CCCGGCCCCCGCCCCCCGCCCCCGCGCCCGCGGCCGCGC	45129367	45129666	45129667	45129393	45129431	235	45215832	45216131	45215833	45216065	45216103	28	207
LigP_35546297_35672702	upstream_LG	downstream_LG	39	84.615	63	101	21	59	6.78e-05	GGCCGGGGGGGGCGGGGGCCCGGCCCGGGGGGGGGGGGG	GGCCCGGGGGCGCGGGGGCCCGCGCCCGGGGGGGCGGGG	35545998	35546297	35546298	35546061	35546099	198	35672702	35673001	35672703	35672723	35672761	240	42
LigP_35546251_35546283	upstream_LG	downstream_LG	29	82.759	57	85	263	291	0.26	GCCCCCGGCGCGCGGCCCGGGCGGGGGCG	GCCCCCGCCCCGCGGGGCGGGGGGGGGCG	35545952	35546251	35546252	35546009	35546037	214	35546283	35546582	35546284	35546546	35546574	8	206
LigP_35546215_35554710	upstream_LG	downstream_LG	41	80.488	1	41	256	296	0.26	GGGGGGGGGGCGCGCCGGCCGGGGGCCGGGGCGCGCGCGGG	GGGGGGGGCGCCCGGCGGCGGGGGCCGGGGCCGGGCGCGGG	35545916	35546215	35546216	35545917	35545957	258	35554710	35555009	35554711	35554966	35555006	3	255
LigP_35546320_35661736	upstream_LG	downstream_LG	44	81.818	91	134	141	184	0.004	CGCGCCGCCCGGCCGGGGCCGCGGCCCCCGCGCCGGGCGCGGCG	CGCGCCGCCCCGGCGCGGCGGCGGCGCCGGGGCGGGGCGCGGCG	35546021	35546320	35546321	35546112	35546155	165	35661736	35662035	35661737	35661877	35661920	115	50
LigP_35546209_35719278	upstream_LG	downstream_LG	36	86.111	154	189	55	90	1.72e-05	CGGGGGGGGCGGGGGCCCGGCCCGGGGGGGGGGGGG	CGGGGGGCGGGGGGGGCGGGCCCGGCGGGGGGGGGG	35545910	35546209	35546210	35546064	35546099	110	35719278	35719577	35719279	35719333	35719368	209	99
LigP_98647488_98651001	upstream_LG	downstream_LG	34	85.294	192	225	163	196	0.000268	GGGGCCCCCCGGCCCCGGCCCCCGCCCCCCCCCC	GGGGCCGCGCGGCCCCCGCCGCCCCCCCCCCCCC	98647189	98647488	98647489	98647381	98647414	74	98651001	98651300	98651002	98651164	98651197	103	29
LigP_70099140_70099230	upstream_LG	downstream_LG	34	82.353	263	296	182	215	0.065	CGCCCGGGGCCGCGGCGGGGCGGGCGGGCGGGCG	CGCCCGGGGGGGCGGGCGGGCGGGGGGGGGGGCG	70098841	70099140	70099141	70099104	70099137	3	70099230	70099529	70099231	70099412	70099445	84	81
LigP_35546272_35669369	upstream_LG	downstream_LG	33	87.879	19	51	59	91	4.34e-06	CCCGGGGGGGCCGCGGGGCCCCCGGCGCGCGGC	CCCGGGGGGCGCGCGCGGCCCCCGGGGCGCGGC	35545973	35546272	35546273	35545992	35546024	248	35669369	35669668	35669370	35669428	35669460	208	40
LigP_67521847_67824883	upstream_LG	downstream_LG	31	87.097	194	224	240	270	6.78e-05	CCCGCGCCCCCCGCCCGGGGGGCCCCCGGCC	CCCGCGCCCGCCGGGCGGGGGGGCCCCGGCC	67521548	67521847	67521848	67521742	67521772	75	67824883	67825182	67824884	67825123	67825153	29	46
LigP_90233989_100602192	upstream_LG	downstream_LG	48	89.583	59	106	92	139	1.18e-12	CCGCGGCCGCCCCGCGGCCGGCCCCCGGGCCCCGCCCCCGGGGGGGGG	CCGCGGCCCCCCCGCGGCGGCCCCCGGGGCCCCGCCCCCGGCGGGGGG	90233690	90233989	90233990	90233749	90233796	193	100602192	100602491	100602193	100602284	100602331	160	33
LigP_45402918_45403127	upstream_LG	downstream_LG	52	82.692	221	272	210	261	1.72e-05	GGCCGCCGGGGGGCCGGCCGGCCCCCCCGGGCCGCGCGGCGGCCGCCCCGCC	GGCCCCCGGGCGCCCGGCCGCCCCGCCGGGGGCGCGGGGCGCCCGCCCCGCC	45402619	45402918	45402919	45402840	45402891	27	45403127	45403426	45403128	45403337	45403388	38	11
LigP_63505314_63509219	upstream_LG	downstream_LG	47	82.979	5	51	172	218	6.78e-05	CCGGGGCCCGGCGGCCGGGCCGGCGGGGGGGGGGGCCGCGGGGGGCG	CCGGCGCCCGCCGGCCGGGGCGCCGGGGGCGCGGGCCGGCGGGGGCG	63505015	63505314	63505315	63505020	63505066	248	63509219	63509518	63509220	63509391	63509437	81	167
LigP_35546293_35546464	upstream_LG	downstream_LG	34	85.294	71	104	120	153	0.000268	GGGGGGGGCGGGGGCCCGGCCCGGGGGGGGGGGG	GGGGGCGGGGGGGGCGCGGGCCGGGGGGCGGGGG	35545994	35546293	35546294	35546065	35546098	195	35546464	35546763	35546465	35546584	35546617	146	49
LigP_69813051_69819203	upstream_LG	downstream_LG	40	82.5	127	166	75	114	0.004	CCCCGCGCCCGCGGCGCGGGGGGCGGGCGCGGGCGGGGCC	CCCCGCGCCCCCCGCCCGCGGGCCCGGCGCGGCCGGGGCC	69812752	69813051	69813052	69812879	69812918	133	69819203	69819502	69819204	69819278	69819317	185	52
LigP_98421795_98421914	upstream_LG	downstream_LG	29	86.207	191	219	87	115	0.001	CCCGCGGCGGCGCGCCGCCCCCGCGCCCC	CCCGCCGCGGCGCCCCCCCCCGGCGCCCC	98421496	98421795	98421796	98421687	98421715	80	98421914	98422213	98421915	98422001	98422029	184	104
LigP_25438720_25438783	upstream_LG	downstream_LG	34	85.294	138	171	30	63	0.000268	CCGCCCGCCGCCGCCCCGCCCCCCCCCGCCGCCG	CCGCCCGCCGCCCGCCCGCGCCCCGCCCCCGCCG	25438421	25438720	25438721	25438559	25438592	128	25438783	25439082	25438784	25438813	25438846	236	108
LigP_35546204_35549089	upstream_LG	downstream_LG	31	83.871	175	205	194	224	0.017	CCGGCCCGGGGGGGGGGGGGCGGCCCCGGGG	CCGGCGCGGGGGGGCGCGGGGGCCCCCGGGG	35545905	35546204	35546205	35546080	35546110	94	35549089	35549388	35549090	35549283	35549313	75	19
LigP_67521757_67521834	upstream_LG	downstream_LG	36	83.333	113	148	119	154	0.004	GCGGCGCCCGGGGCCGCCGGCCCCGGCGGGCGGCGG	GCGGCGCCCGCGGGGGCGGGCCCCGCCGCGCGGCGG	67521458	67521757	67521758	67521571	67521606	151	67521834	67522133	67521835	67521953	67521988	145	6
LigP_35546312_64356009	upstream_LG	downstream_LG	40	85.0	79	118	224	263	1.72e-05	GGGGGGGGCGGCCCCGGGGCCGCGCCGCCCGGCCGGGGCC	GGGGGCGGCGGCGCCGGCCCGGCGCCGCCCGCCCGGGGCC	35546013	35546312	35546313	35546092	35546131	181	64356009	64356308	64356010	64356233	64356272	36	145
LigP_88285138_101961341	upstream_LG	downstream_LG	32	87.5	145	176	232	263	1.72e-05	CGCCCGGCCCGGGCCCCCCGGCCCCGGCCCCG	CGCCCCGCCGGGGCCGCCGGGCCCCGGCCCCG	88284839	88285138	88285139	88284984	88285015	123	101961341	101961640	101961342	101961573	101961604	36	87
LigP_35546209_35698576	upstream_LG	downstream_LG	31	83.871	197	227	55	85	0.017	GGGGCCGCGCCGCCCGGCCGGGGCCGCGGCC	GGGGCGGCGGCGCCCGGCGCCGGCCGCGGCC	35545910	35546209	35546210	35546107	35546137	72	35698576	35698875	35698577	35698631	35698661	214	142
LigP_96325434_96326618	upstream_LG	downstream_LG	32	87.5	248	279	241	272	1.72e-05	CCGGGGGCGCGGGGCGGGGGGCCCCCCCCCCC	CCGGGGGCGCCGGGCCGGGCCCCCCCCCCCCC	96325135	96325434	96325435	96325383	96325414	20	96326618	96326917	96326619	96326859	96326890	27	7
LigP_41894701_76159751	upstream_LG	downstream_LG	36	91.667	106	141	9	44	2.89e-10	CGGCCCGGGGCCGGGGGGCGGGCCCCCCGGGGGGGG	CGGCCGGGGCCCGGGGGGGGGGCCCCCCGGGGGGGG	41894402	41894701	41894702	41894508	41894543	158	76159751	76160050	76159752	76159760	76159795	255	97
LigP_21016531_26448572	upstream_LG	downstream_LG	36	86.111	250	285	177	212	1.72e-05	CGGCCCGGGGCCGGCCCGCGCGGGGCGGCCCCCCGG	CGGCCCCGGGCCGGCCCGCGGCGGCCGCCCCCCCGG	21016232	21016531	21016532	21016482	21016517	14	26448572	26448871	26448573	26448749	26448784	87	73
LigP_35546209_51249248	upstream_LG	downstream_LG	32	90.625	159	190	26	57	7.04e-08	GGGGCGGGGGCCCGGCCCGGGGGGGGGGGGGC	GGGGCGGGGGCCGGGCCCCGGGCGGGGGGGGC	35545910	35546209	35546210	35546069	35546100	109	51249248	51249547	51249249	51249274	51249305	242	133
LigP_31870668_95920771	upstream_LG	downstream_LG	62	85.484	177	238	139	200	1.85e-11	GCCGCGGCCGCCGCCGCCCGGCCCCCGCCCCCCCCCGCCCCGGGGGGGGGCCGGGCCGGCCG	GCCGGGGCCGCCGCCCCCCGGCCCCCCCGCCCCCCCCCCCCGCCGGGGGCCCCGGCCGGCCG	31870369	31870668	31870669	31870546	31870607	61	95920771	95921070	95920772	95920910	95920971	99	38
LigP_74596572_74596934	upstream_LG	downstream_LG	39	82.051	110	148	69	107	0.017	GGGGGGGGGGCCGCGGGGGCGGCCCGGGGCCGGGGCCCG	GGGGGGCGGCCCCCGGGGCCGGCGCGGCCCCGGGGCCCG	74596273	74596572	74596573	74596383	74596421	151	74596934	74597233	74596935	74597003	74597041	192	41
LigP_35546400_98132167	upstream_LG	downstream_LG	34	85.294	160	193	114	147	0.000268	GCCGGCGCCGCGGGCCCCGCGGCCGCCCGCGGGG	GCCGCCGCCGCGGCCCCCCCGGGCGCCGGCGGGG	35546101	35546400	35546401	35546261	35546294	106	98132167	98132466	98132168	98132281	98132314	152	46
LigP_67521763_67522145	upstream_LG	downstream_LG	33	87.879	221	253	267	299	4.34e-06	CGGCGGGGCCCCGCGGGGGCCGGCCCCGCCCCC	CGGCGCGGCCGCGCGGGGCCCGGCCCCGGCCCC	67521464	67521763	67521764	67521685	67521717	46	67522145	67522444	67522146	67522412	67522444	0	46
LigP_35546237_35672350	upstream_LG	downstream_LG	34	88.235	207	240	84	117	1.1e-06	CGGGCGCGGCGCGCGCGCGCGCGGCGGGCGCGGG	CGGGGGCGGCCCGCGGGCGCCCGGCGGGCGCGGG	35545938	35546237	35546238	35546145	35546178	59	35672350	35672649	35672351	35672434	35672467	182	123
LigP_35546426_35548572	upstream_LG	downstream_LG	37	81.081	97	133	135	171	0.26	GCCCCGCCCGGGCGCCCGCCCCGCCGCCCGCCCGCGG	GCCCCGCCCCGGGGCCCCCCGCCCCGGCCCCCCGCGG	35546127	35546426	35546427	35546224	35546260	166	35548572	35548871	35548573	35548707	35548743	128	38
LigP_22559892_28654078	upstream_LG	downstream_LG	57	80.702	60	116	64	120	0.001	GCCGGCCCGCGGGCCGCGGCGCGCCCCGGGGGGGCCCGCCGCGGGGGGCGGGCCGGC	GCCGGCCCGCCCCCCGCGGCGGGCCCCCCCGGGGCGCGCCGCGGCCCGCGGGCCGGC	22559593	22559892	22559893	22559653	22559709	183	28654078	28654377	28654079	28654142	28654198	179	4
LigP_101959053_101961239	upstream_LG	downstream_LG	45	86.667	165	209	29	73	1.78e-08	CCCGCGGCCGCCCCCCGCCCGGGCCGGGGCCCGGGGCCCCCGCCG	CCCGCCGCCGCCCCCCCCCCGGGCCCGGGGCCGGGCCGCCCGCCG	101958754	101959053	101959054	101958919	101958963	90	101961239	101961538	101961240	101961268	101961312	226	136
LigP_75044602_75046892	upstream_LG	downstream_LG	34	85.294	191	224	120	153	0.000268	CGGCGCCCGCGGCGGCCCGCCCGCGGGCGGCGCC	CGGCCCCCGCGGCGGCGCCCCCCCGGCCGGCGCC	75044303	75044602	75044603	75044494	75044527	75	75046892	75047191	75046893	75047012	75047045	146	71
LigP_75047210_75062665	upstream_LG	downstream_LG	35	85.714	153	187	265	299	6.78e-05	GCCCGCCCCCGCGGGCCCGGGGCGGCCGGGGCCCG	GCCCGCCCCCGGGGGCCGGCGCCGGCCCGGGCCCG	75046911	75047210	75047211	75047064	75047098	112	75062665	75062964	75062666	75062930	75062964	0	112
LigP_35546268_35546335	upstream_LG	downstream_LG	29	82.759	40	68	211	239	0.26	GCCCCCGGCGCGCGGCCCGGGCGGGGGCG	GCCCCCGCCCCGCGGGGCGGGGGGGGGCG	35545969	35546268	35546269	35546009	35546037	231	35546335	35546634	35546336	35546546	35546574	60	171
LigP_35545427_35545901	upstream_LG	downstream_LG	35	85.714	246	280	83	117	6.78e-05	CGCCGCGGGCGCCGGGCCCCCCCCGGGGCGCGGGG	CGCCGGGGGCCCCGCGGCCCCCCCGGGCCGCGGGG	35545128	35545427	35545428	35545374	35545408	19	35545901	35546200	35545902	35545984	35546018	182	163
LigP_20865865_21439185	upstream_LG	downstream_LG	45	82.222	189	233	246	290	0.001	CGGGGCGGCGCGGGGCCCGCGGGGGGGGGGGGGGCCCGGCCCCCC	CGGGGGGGGGCGGGGCGCGGGGGGGCGGCGGGGGCGCGCCCCCCC	20865566	20865865	20865866	20865755	20865799	66	21439185	21439484	21439186	21439431	21439475	9	57
LigP_75454645_80215385	upstream_LG	downstream_LG	33	84.848	248	280	66	98	0.001	CCCCCCGGCCCCGGGCGCGGGGGCCGCCCCCCC	CCCCCCGCCCCCGGGGGGGGGGGGCGCGCCCCC	75454346	75454645	75454646	75454594	75454626	19	80215385	80215684	80215386	80215451	80215483	201	182
LigP_101954374_101961263	upstream_LG	downstream_LG	37	83.784	86	122	66	102	0.001	CCCGCGCGCGCGCCCGGCCCCCCCGGCCCGCCCCCCG	CCCGCCCGCGCCCCCCGCCCCGCGGGCCCCCCCCCCG	101954075	101954374	101954375	101954161	101954197	177	101961263	101961562	101961264	101961329	101961365	197	20
LigP_101961606_101961765	upstream_LG	downstream_LG	34	82.353	21	54	207	240	0.065	CCGGGGGGGGGGCCCGCGGGGCGGGGGGCGCGGG	CCGGGGCGGGGGGGCGCGGGGGCGGGGGGGCGGG	101961307	101961606	101961607	101961328	101961361	245	101961765	101962064	101961766	101961972	101962005	59	186
LigP_52786083_52786352	upstream_LG	downstream_LG	35	82.857	173	207	112	146	0.017	CCGCCGCCCCCCCGCCGCGGGGCGGGGGGGCCGGG	CCGCGGCCCCCCCCCCGGGGGGGCGGGGCGCCGGG	52785784	52786083	52786084	52785957	52785991	92	52786352	52786651	52786353	52786464	52786498	153	61
LigP_67521787_67527106	upstream_LG	downstream_LG	39	82.051	113	151	106	144	0.017	CGGCGGCCGCCGCGCCCGCGCGGCGGGGCCCGCCCGGCC	CGGCCGCCCCCGCGGCCCCGCGGGGGGGCCGCCCCGGCC	67521488	67521787	67521788	67521601	67521639	148	67527106	67527405	67527107	67527212	67527250	155	7
LigP_57706921_57826250	upstream_LG	downstream_LG	35	88.571	138	172	29	63	2.78e-07	CGCCGCCCGCGGGCCCGGCGCCGGCGGCGGGGCCC	CGCCGCCGGCGCGCCCGGCGCCCGCGCCGGGGCCC	57706622	57706921	57706922	57706760	57706794	127	57826250	57826549	57826251	57826279	57826313	236	109
LigP_27533812_29269598	upstream_LG	downstream_LG	46	80.435	1	46	49	94	0.065	GGGGGGGCGGGGCCCCCGGGGCGCCCGCGCCGCCGGGGCCGGGGGC	GGGGGGCCGGGGCCGCCCCGGCGGCCGGGCCGGGGGGGGCGGGGGC	27533513	27533812	27533813	27533514	27533559	253	29269598	29269897	29269599	29269647	29269692	205	48
LigP_35546214_35546326	upstream_LG	downstream_LG	34	85.294	150	183	258	291	0.000268	GGGGGGGGCGGGGGCCCGGCCCGGGGGGGGGGGG	GGGGGCGGGGGGGGCGCGGGCCGGGGGGCGGGGG	35545915	35546214	35546215	35546065	35546098	116	35546326	35546625	35546327	35546584	35546617	8	108
LigP_31149450_34526387	upstream_LG	downstream_LG	29	86.207	219	247	198	226	0.001	GCCCCCCGGGCGCCCCGGCGGCCGCGGGG	GCCCCCCGGGGGCCCGGGCGCCCCCGGGG	31149151	31149450	31149451	31149370	31149398	52	34526387	34526686	34526388	34526585	34526613	73	21
LigP_66827111_66827560	upstream_LG	downstream_LG	47	82.979	73	119	156	202	6.78e-05	GGGGGGCGGGGGCGGCGGGGGGGGGCCGGGCGGGGGGGGGGGGGGGG	GGGGGGCGGCCGCGGCGGGGCGGGCGCCGGGGGGGGCGGGGGGGGGG	66826812	66827111	66827112	66826885	66826931	180	66827560	66827859	66827561	66827716	66827762	97	83
LigP_35546282_35721849	upstream_LG	downstream_LG	38	84.211	188	225	191	228	0.000268	GGCGCGGGCGGGGGCCGGGGGGCCGCGCCGCGGCCCGC	GGCGCGGGCGGCGGCGGGCGGGCCGGCCCGCCGCCCGC	35545983	35546282	35546283	35546171	35546208	74	35721849	35722148	35721850	35722040	35722077	71	3
