LigP_ID	query_ID	subject_ID	length	perc_id	q_start	q_end	s_start	s_end	evalue	q_seq	s_seq	start_harbor	end_harbor	end_LG1	start_homolog1	end_homolog1	LG1_distance	start_harbor2	end_harbor2	end_LG2	start_homolog2	end_homolog2	LG2_distance	Ligshift
LigP_49367229_56487831	upstream_LG	downstream_LG	40	85.0	184	223	39	78	1.72e-05	GGGCCCGCCCCCCGCCGCCCCGCGCCCCCCCCCGGCCCCC	GGGCCCGCCCCCGCCCCCGCCGCGGCCCCCGCCGGCCCCC	49366930	49367229	49367230	49367114	49367153	76	56487831	56488130	56487832	56487870	56487909	221	145
LigP_6963304_6964326	upstream_LG	downstream_LG	33	87.879	172	204	265	297	4.34e-06	GCGGGGCGGCGGGCGGGGCCCGGGCGGGGGGCC	GCGGGGCGGCGGGCGGGCCCGGGCGGGGGGGCC	6963005	6963304	6963305	6963177	6963209	95	6964326	6964625	6964327	6964591	6964623	2	93
LigP_113185239_113185422	upstream_LG	downstream_LG	33	87.879	63	95	1	33	4.34e-06	CGGGGGGCGGCCGGCGGGGGGCGCGCGGCCGGG	CGGGCGGCGGCCGGCGGGGGCCCGGCGGCCGGG	113184940	113185239	113185240	113185003	113185035	204	113185422	113185721	113185423	113185423	113185455	266	62
LigP_49366682_49366880	upstream_LG	downstream_LG	30	86.667	242	271	168	197	0.000268	CCCCGGCGCCCCCCGCCGCCGGCGGCCCCG	CCCCCGCGCCCCGCGCCGCCCGCGGGCCCG	49366383	49366682	49366683	49366625	49366654	28	49366880	49367179	49366881	49367048	49367077	102	74
LigP_132747890_132761553	upstream_LG	downstream_LG	30	86.667	23	52	193	222	0.000268	GCCGCGCGCGCGGCGGCGGCGCGGGGGCCG	GCCGGGCGGGCGGCGCCGGCCCGGGGGCCG	132747591	132747890	132747891	132747614	132747643	247	132761553	132761852	132761554	132761746	132761775	77	170
LigP_49367300_49368569	upstream_LG	downstream_LG	31	87.097	201	231	162	192	6.78e-05	GCCCGCCGGCCGCCGCGGCCCCGGGCCCGGC	GCCCCCCGCCCGGCGCGGCCGCGGGCCCGGC	49367001	49367300	49367301	49367202	49367232	68	49368569	49368868	49368570	49368731	49368761	107	39
LigP_110280832_110280872	upstream_LG	downstream_LG	43	83.721	18	60	111	153	6.78e-05	GGCCGCCGGCGGCGGGGCCGGCCCCCCCCCCCCCCCCCCGCGG	GGCCGGCGGGGGGGGGGCCGGGCGCCCCCCCCCGCGCCCGCGG	110280533	110280832	110280833	110280551	110280593	239	110280872	110281171	110280873	110280983	110281025	146	93
LigP_49367270_49389613	upstream_LG	downstream_LG	43	86.047	4	46	250	292	2.78e-07	CCGCCCGCCCCGCCCCCGGCCCCCCCCCCGGGCCCCCCCCCCC	CCGCCCCCGCCGGCCCCGCCGCCCCCCCCGGGCCGCCCCCCCC	49366971	49367270	49367271	49366975	49367017	253	49389613	49389912	49389614	49389863	49389905	7	246
LigP_49367239_49367499	upstream_LG	downstream_LG	56	87.5	25	80	160	215	1.18e-12	CCCCCCCCCCCCGCCCGCCCCGCCCCCGGCCCCCCCCCCGGGCCCCCCCCCCCCCC	CCCCCCCCCCCCCGCCCCCCCGCCCCCGGCCGCCCCCCCCCCCCCCCCCCCCCCCC	49366940	49367239	49367240	49366965	49367020	219	49367499	49367798	49367500	49367659	49367714	84	135
LigP_31654_33954	upstream_LG	downstream_LG	32	84.375	76	107	227	258	0.004	CGGGCCCCGGCCCCGCCGCCCGCGGCCCGCCC	CGGGCCCCGGCGGGGCCGCCCGGGGCCGGCCC	31355	31654	31655	31431	31462	192	33954	34253	33955	34181	34212	41	151
LigP_6963246_6963992	upstream_LG	downstream_LG	34	82.353	205	238	44	77	0.065	CCGCGGCGGGGGGGCGCGCCCGCGCGCGGGGCGG	CCGCCGCGGGGGGCCCCGGCCGCGGGCCGGGCGG	6962947	6963246	6963247	6963152	6963185	61	6963992	6964291	6963993	6964036	6964069	222	161
LigP_55998012_56041599	upstream_LG	downstream_LG	32	84.375	90	121	101	132	0.004	CCCCCCCCCCGCCCGCGGCCCGCCCGCCCCGG	CCCCCCCCCCCCCCCCCCCCCCCCCGCCCCGG	55997713	55998012	55998013	55997803	55997834	178	56041599	56041898	56041600	56041700	56041731	167	11
LigP_27336_31236	upstream_LG	downstream_LG	30	86.667	124	153	230	259	0.000268	GGGGGGGGGGGCGGGGCCGGGGGCCGGGGG	GGGGCGGGCGGCGGCGCCGGGGCCCGGGGG	27037	27336	27337	27161	27190	146	31236	31535	31237	31466	31495	40	106
LigP_49367239_49600964	upstream_LG	downstream_LG	37	83.784	144	180	237	273	0.001	CCCCGGGGGGGGCGGCGGCCCGGCCGGCCGGGGCCCG	CCCCGGGGGGGCCGCCGCCCCGGCCCCGCGGGGCCCG	49366940	49367239	49367240	49367084	49367120	119	49600964	49601263	49600965	49601201	49601237	26	93
LigP_123233096_123253362	upstream_LG	downstream_LG	32	84.375	191	222	133	164	0.004	GCCCGGGGGGCCGCCGGGGCGGCGCCCCCCGG	GCCCGGGGGGCGGGCGGGGGCGCGCCGCCCGG	123232797	123233096	123233097	123232988	123233019	77	123253362	123253661	123253363	123253495	123253526	135	58
LigP_131368646_132143951	upstream_LG	downstream_LG	40	87.5	174	213	18	57	7.04e-08	GGGGCGCGGCCGCCGGCCGGGCGCGGGGGGGGCGGGCCCC	GGGGCGCGGGCGCGGGCGGGCCGCGGGGCGGGCGGGCCCC	131368347	131368646	131368647	131368521	131368560	86	132143951	132144250	132143952	132143969	132144008	242	156
LigP_6963231_6963279	upstream_LG	downstream_LG	30	90.0	187	216	17	46	1.1e-06	GGGGGGGGGGGGCCGGGGCGGCGGGGGGGC	GGGGGGCGGGCGCCGGGGGGGCGGGGGGGC	6962932	6963231	6963232	6963119	6963148	83	6963279	6963578	6963280	6963296	6963325	253	170
LigP_10212879_10213290	upstream_LG	downstream_LG	36	86.111	136	171	141	176	1.72e-05	GGCGCCCCGGCGCCCGCGGCGGCGCCGGCCGCGGGG	GGCGGCCCGGCCCCCGGGGCGCCGCCGGCCCCGGGG	10212580	10212879	10212880	10212716	10212751	128	10213290	10213589	10213291	10213431	10213466	123	5
LigP_49367256_49580942	upstream_LG	downstream_LG	49	85.714	16	64	175	223	1.78e-08	CCCCGCCCGCCCCGCCCCCGGCCCCCCCCCCGGGCCCCCCCCCCCCCCC	CCCCGCGCGCCCCGGCCCCGGCCCCCGCGCCGCGCCCCGCCCCCGCCCC	49366957	49367256	49367257	49366973	49367021	235	49580942	49581241	49580943	49581117	49581165	76	159
LigP_3040624_3040878	upstream_LG	downstream_LG	30	93.333	6	35	260	289	4.51e-09	GGCCCCGCCGGCCCCCGCCCCCCCCCCCCC	GGCCCCGCCGCCCCCCGCCCCCCCCGCCCC	3040325	3040624	3040625	3040331	3040360	264	3040878	3041177	3040879	3041138	3041167	10	254
LigP_12357334_51685089	upstream_LG	downstream_LG	30	83.333	195	224	65	94	0.065	CCGCGCCCCCCCGCGCCCCCGCCCCCCGGG	CCGCCCCCCCGCGGGCCCCCGGGCCCCGGG	12357035	12357334	12357335	12357230	12357259	75	51685089	51685388	51685090	51685154	51685183	205	130
LigP_49295915_49598854	upstream_LG	downstream_LG	32	84.375	190	221	226	257	0.004	GCCGCCCCCGCCCCCCCCCGCCCCCCCCCCCC	GCCGCCCCCCGCCCCCCCCCGCCCCGCCCCCC	49295616	49295915	49295916	49295806	49295837	78	49598854	49599153	49598855	49599080	49599111	42	36
LigP_49367228_56204187	upstream_LG	downstream_LG	69	81.159	35	103	216	284	4.34e-06	GCCCCCCCCCCCCGCCCGCCCCGCCCCCGGCCCCCCCCCCGGGCCCCCCCCCCCCCCCGGCGGCCCCCG	GCCCCCCCCCCGCCCCCGCCCCCCCCCCGCCCCGGCCCCCCCCCCCCCCCGCCCCGCCGCCCGCCCCCG	49366929	49367228	49367229	49366964	49367032	196	56204187	56204486	56204188	56204403	56204471	15	181
LigP_49366900_49366928	upstream_LG	downstream_LG	38	84.211	66	103	37	74	0.000268	GGGGCGGGGCCCGGGCCGGGGGGGGGGCGGGGGGGGGG	GGGGGGGGGCCGGGGGCGGGGCGGGCGGGGGGGGGGGG	49366601	49366900	49366901	49366667	49366704	196	49366928	49367227	49366929	49366965	49367002	225	29
LigP_48980878_49366869	upstream_LG	downstream_LG	60	86.667	221	280	92	151	1.18e-12	GGGGGGGCCGGGGGCCCGGGGCGGGGGCGGGGGGCGGGGGGGGCGGCGGCCGGGGGCGGG	GGGGGGGGGGGGGGCCCGGGGGGGGGGCCGGGGGCGGGGCGGGCGGGGGGGGGGGGCGGG	48980579	48980878	48980879	48980800	48980859	19	49366869	49367168	49366870	49366961	49367020	148	129
LigP_49567541_49585448	upstream_LG	downstream_LG	39	82.051	248	286	21	59	0.017	CCGGGGCGGCCCCCGGCCCGGCGCCCCGGCCCCGCCCCC	CCGGGGCCCCCCCCGGCCCCGCCCCGCGGGCGCGCCCCC	49567242	49567541	49567542	49567490	49567528	13	49585448	49585747	49585449	49585469	49585507	240	227
LigP_49367265_50283275	upstream_LG	downstream_LG	33	90.909	22	54	72	104	1.78e-08	CCCCGGCCCCCCCCCCGGGCCCCCCCCCCCCCC	CCCCGGCCCCCCCCCGCGCCCCCCCCCCCCCCC	49366966	49367265	49367266	49366988	49367020	245	50283275	50283574	50283276	50283347	50283379	195	50
LigP_68521783_68610942	upstream_LG	downstream_LG	31	83.871	38	68	255	285	0.017	CGGGCCCGCCGGCCCGCCCCGGCCCCGCCCG	CGGGCCCGGCGCCCGGCCCCCGCGCCGCCCG	68521484	68521783	68521784	68521522	68521552	231	68610942	68611241	68610943	68611197	68611227	14	217
LigP_130838918_130838995	upstream_LG	downstream_LG	30	90.0	122	151	9	38	1.1e-06	GGGGCCGCGCCCGGGGGGGGGGCCGGGGCC	GGGGCGGCGCCCGGGGGGCGGGCGGGGGCC	130838619	130838918	130838919	130838741	130838770	148	130838995	130839294	130838996	130839004	130839033	261	113
LigP_6963317_6964354	upstream_LG	downstream_LG	38	86.842	154	191	237	274	1.1e-06	CGCGCGCGGGGCGGCGGGCGGGGCCCGGGCGGGGGGCC	CGCGGGCGGGGCGGCGGGCGGGCCCGGGCGGGGGGGCC	6963018	6963317	6963318	6963172	6963209	108	6964354	6964653	6964355	6964591	6964628	25	83
LigP_130161503_130164027	upstream_LG	downstream_LG	30	83.333	138	167	78	107	0.065	GGGGCCGGGCGGCGCGCGCGCCCCCGCGCC	GGGGCCGGCGGGCGCGCCGGCGCCCGCGCC	130161204	130161503	130161504	130161342	130161371	132	130164027	130164326	130164028	130164105	130164134	192	60
LigP_69879299_69887507	upstream_LG	downstream_LG	32	87.5	94	125	226	257	1.72e-05	GGGGCGGGCGCGGCCCGCCCCCGGCGCGCCCG	GGGGGGGGCGCCCCCCCCCCCCGGCGCGCCCG	69879000	69879299	69879300	69879094	69879125	174	69887507	69887806	69887508	69887733	69887764	42	132
LigP_6963292_7155307	upstream_LG	downstream_LG	36	83.333	190	225	253	288	0.004	CGGCGGGCGGGGCCCGGGCGGGGGGCCCGCGCCGGC	CGGCGGGCCGGGGCCGGGGGCGGCGCCCCCGCCGGC	6962993	6963292	6963293	6963183	6963218	74	7155307	7155606	7155308	7155560	7155595	11	63
LigP_54049207_54217677	upstream_LG	downstream_LG	30	83.333	120	149	70	99	0.065	GCGCCCCGGGCCGGGCCCCGGGGGGGGCGC	GCGCCCCCGGCCCCGCCCCGCGCGGGGCGC	54048908	54049207	54049208	54049028	54049057	150	54217677	54217976	54217678	54217747	54217776	200	50
LigP_92928989_96325072	upstream_LG	downstream_LG	37	83.784	255	291	199	235	0.001	GGGGGGGGGGCCCGCGCCGGGGGGGGGCGCCCGCGCC	GGGGGGGGGCCCCCCGGCCGGGGGGCGCCCCCGCGCC	92928690	92928989	92928990	92928945	92928981	8	96325072	96325371	96325073	96325271	96325307	64	56
LigP_49367229_52312688	upstream_LG	downstream_LG	65	81.538	40	104	6	70	4.34e-06	CCCCCCCGCCCGCCCCGCCCCCGGCCCCCCCCCCGGGCCCCCCCCCCCCCCCGGCGGCCCCCGGC	CCCCCCCCCCCGCCCCCCGGGCGGCCCCCCGCCCCCCCCCCCCCCCCCCCCCCGCCGCCGCCGGC	49366930	49367229	49367230	49366970	49367034	195	52312688	52312987	52312689	52312694	52312758	229	34
LigP_89354166_89354456	upstream_LG	downstream_LG	35	82.857	43	77	129	163	0.017	CGGGGCCGGCGGGCGGCCCCGGGGGGGCGCGGGCC	CGGGGCCGGGGGGCGCCCGGCGGGGCGCGCGGGCC	89353867	89354166	89354167	89353910	89353944	222	89354456	89354755	89354457	89354585	89354619	136	86
LigP_6963232_6963840	upstream_LG	downstream_LG	39	89.744	1	39	146	184	1.14e-09	GGGGGGCGGGCCGGCCCCGGGGGCGGCGCCCGCCGCGGG	GGGGGGCGGGCCGGCCCCGGGCCCGGGGCCGGCCGCGGG	6962933	6963232	6963233	6962934	6962972	260	6963840	6964139	6963841	6963986	6964024	115	145
LigP_6963231_7080749	upstream_LG	downstream_LG	38	86.842	99	136	14	51	1.1e-06	GCGGGCCGGGGGGGGGGGGCCCCCGGGGGGGGGCGGGG	GCGGGCCCGCGGGGGCCGGCCCCGGGGGGGGGGCGGGG	6962932	6963231	6963232	6963031	6963068	163	7080749	7081048	7080750	7080763	7080800	248	85
LigP_53951035_53951796	upstream_LG	downstream_LG	33	90.909	17	49	6	38	1.78e-08	GGGCGGCCGGGCCGGGGCCCCCCGGCGGCGGGG	GGGCGGCCGGGCCGGGGCGCCCGGGCCGCGGGG	53950736	53951035	53951036	53950753	53950785	250	53951796	53952095	53951797	53951802	53951834	261	11
LigP_1596691_1691271	upstream_LG	downstream_LG	29	89.655	57	85	196	224	4.34e-06	CCCGGCCCCGCCCGGCGGGGGGCGGGGCG	CCCGGCCCCCCGCCGCGGGGGGCGGGGCG	1596392	1596691	1596692	1596449	1596477	214	1691271	1691570	1691272	1691467	1691495	75	139
LigP_47813188_114665009	upstream_LG	downstream_LG	45	82.222	102	146	195	239	0.001	CGGGGCGCCGCGCCGGCGCCCCCCCGGCGCCCCCGCCGCGGCCCG	CGGGGCGCGGCCCCCGCGCCGCCCCGGCCCCCCGCCGGCGGCCCG	47812889	47813188	47813189	47812991	47813035	153	114665009	114665308	114665010	114665204	114665248	60	93
LigP_49367211_54917230	upstream_LG	downstream_LG	47	82.979	57	103	101	147	6.78e-05	CCCCCCCCGCCCGCCCCGCCCCCGGCCCCCCCCCCGGGCCCCCCCCC	CCCCCCCCGGCCGCCGGGGCCCCGGGCCCCCCCGCGGCCCCCGCCCC	49366912	49367211	49367212	49366969	49367015	196	54917230	54917529	54917231	54917331	54917377	152	44
LigP_6348394_104662576	upstream_LG	downstream_LG	47	85.106	233	279	92	138	2.78e-07	CCCCCGCCGGGCCGCCCCCCCCCGCCCCCGGGGGCCCCCGGGCCCCC	CCCCCGGCGGGCCCCCCCCCCCCCCCCGGGGGGCCCCCCGGCCCCCC	6348095	6348394	6348395	6348328	6348374	20	104662576	104662875	104662577	104662668	104662714	161	141
LigP_121811753_121811763	upstream_LG	downstream_LG	33	84.848	73	105	87	119	0.001	CCCCCGGCCCCGGGGGGCCCCGCCCGGGGGCCG	CCCCCGGCGCCGGGGGCCGCCCCCCCGGGGCCG	121811454	121811753	121811754	121811527	121811559	194	121811763	121812062	121811764	121811850	121811882	180	14
LigP_132076410_132076631	upstream_LG	downstream_LG	41	80.488	115	155	10	50	0.26	GCGGGCCCGCGGCCGCCCCCGCGGGGGGGGGGGGCGCGCCC	GCGGCCCCCCGGCCGCGGCCCCGGGCGGGGGCGGCCCGCCC	132076111	132076410	132076411	132076226	132076266	144	132076631	132076930	132076632	132076641	132076681	249	105
LigP_10723687_11186733	upstream_LG	downstream_LG	29	86.207	194	222	235	263	0.001	GCCGCCGGCCCCCCGCCGGGGCGGGGCGC	GCCGCGGGCCCGCCGGCGGCGCGGGGCGC	10723388	10723687	10723688	10723582	10723610	77	11186733	11187032	11186734	11186968	11186996	36	41
LigP_96399296_96399570	upstream_LG	downstream_LG	40	82.5	91	130	46	85	0.004	GCCCGCCCGGGGGGGGGCGGGCGGGGGGCGGGGGGGGGGC	GCCCCCCCGCGGGGCGGGGGGGGGGGGGGGGGCGGGGGGC	96398997	96399296	96399297	96399088	96399127	169	96399570	96399869	96399571	96399616	96399655	214	45
LigP_123436746_123458248	upstream_LG	downstream_LG	30	90.0	151	180	76	105	1.1e-06	CGCGCCCCGGCGCGCCGCCCCCGCCGCCGG	CGCGGCCCGGGGCGCCGCCCCCCCCGCCGG	123436447	123436746	123436747	123436598	123436627	119	123458248	123458547	123458249	123458324	123458353	194	75
LigP_122859134_122864793	upstream_LG	downstream_LG	39	82.051	63	101	115	153	0.017	GCCGGCGGCGGCGCCGCCCCGCGCCCGGCCCCCGCCGGC	GCCGGCGGCCCCGGCGCCCCGCCCCGGGGGCCCGCCGGC	122858835	122859134	122859135	122858898	122858936	198	122864793	122865092	122864794	122864908	122864946	146	52
LigP_6963319_66243849	upstream_LG	downstream_LG	43	83.721	252	294	11	53	6.78e-05	GGCCGCGGGGCCCGGGGCCCCGGGGCCCCCCCGCCCCCCCGGC	GGCCGCCGCGCCGGGGGCCCCGGGGGCCGCCCGGCGCCCCGGC	6963020	6963319	6963320	6963272	6963314	5	66243849	66244148	66243850	66243860	66243902	246	241
LigP_110278229_110280872	upstream_LG	downstream_LG	32	84.375	225	256	16	47	0.004	GCCGGCGGGCCGGGGGGCCGGGGGCGCGGCCG	GCCGGCGGGCGGGCGGCCGGGGGGCGGGGCCG	110277930	110278229	110278230	110278155	110278186	43	110280872	110281171	110280873	110280888	110280919	252	209
LigP_6963257_6970413	upstream_LG	downstream_LG	30	83.333	81	110	189	218	0.065	GGGGGGGGGGGCCCCCGGGGGGGGGCGGGG	GGGGGGCGCGGCGCCCGGGCCGGGGCGGGG	6962958	6963257	6963258	6963039	6963068	189	6970413	6970712	6970414	6970602	6970631	81	108
LigP_31655_25106753	upstream_LG	downstream_LG	52	82.692	132	183	190	241	1.72e-05	CCCGCCCCCCGCCGCGCCCCCCCCGGGCGCGGCCCCGGGGCCCCGCCGGCCC	CCCGCCCCCCCCGCCGCCCCCCCCCCGGGCGGCCCCGGGCCGCCCCCGGCCC	31356	31655	31656	31488	31539	116	25106753	25107052	25106754	25106943	25106994	58	58
LigP_132433731_132761585	upstream_LG	downstream_LG	38	84.211	156	193	91	128	0.000268	GCGGCGGGCGCGGGGGGGGGGCGCGGGGCCGGGGGGCC	GCGGCCGGCGCGGCGGCCGGGCCCGCGGCCGGGGGGCC	132433432	132433731	132433732	132433588	132433625	106	132761585	132761884	132761586	132761676	132761713	171	65
LigP_64567189_65556629	upstream_LG	downstream_LG	35	88.571	9	43	192	226	2.78e-07	GGGGGCGGGGGGCGGCCGCCGGGGCGGCCGGGCCC	GGGGGCGGGGGGCGCCCGCCCGCCCGGCCGGGCCC	64566890	64567189	64567190	64566899	64566933	256	65556629	65556928	65556630	65556821	65556855	73	183
