LigP_ID	query_ID	subject_ID	length	perc_id	q_start	q_end	s_start	s_end	evalue	q_seq	s_seq	start_harbor	end_harbor	end_LG1	start_homolog1	end_homolog1	LG1_distance	start_harbor2	end_harbor2	end_LG2	start_homolog2	end_homolog2	LG2_distance	Ligshift
LigP_37565329_37566239	upstream_LG	downstream_LG	31	83.871	48	78	254	284	0.017	CCGCCCCCCCGGCCCCCCCCCCCCCCCCCCC	CCGCCCCGCCCGCCGCCCCCGCCCCCGCCCC	37565030	37565329	37565330	37565078	37565108	221	37566239	37566538	37566240	37566493	37566523	15	206
LigP_26226501_26227204	upstream_LG	downstream_LG	31	90.323	267	297	194	224	2.78e-07	GCGGCCGCGCGGCGGGGCCGCGCCGGCCGCG	GCGGCGGCGCGGGGGGGGCGCGCCGGCCGCG	26226202	26226501	26226502	26226469	26226499	2	26227204	26227503	26227205	26227398	26227428	75	73
LigP_26226453_26307101	upstream_LG	downstream_LG	38	84.211	174	211	117	154	0.000268	CGGGGCCGCCCCCGGCGGCGCCGCGGGCGCGGCCCCGC	CGGGGCGGCCCCCGGGGGCCGCGGGGGCGCCGCCCCGC	26226154	26226453	26226454	26226328	26226365	88	26307101	26307400	26307102	26307218	26307255	145	57
LigP_26226531_26228130	upstream_LG	downstream_LG	34	88.235	138	171	201	234	1.1e-06	CGGCCGGCCGCGCGGCCGGGCCCCGGGGGGGCCC	CGGCCGGCCGCGGCGCCGGGCGCGGGGGGGGCCC	26226232	26226531	26226532	26226370	26226403	128	26228130	26228429	26228131	26228331	26228364	65	63
LigP_49813902_50273330	upstream_LG	downstream_LG	47	82.979	44	90	115	161	6.78e-05	GCGGCCCCGCCCCGCGCGCGGCGCCGCCCGCCCCGCCCCGGCCCGGG	GCGGCCCCCCCCCGCGCGGGGGGCCCGGCGCCCCGGCCCGGGCCGGG	49813603	49813902	49813903	49813647	49813693	209	50273330	50273629	50273331	50273445	50273491	138	71
LigP_32097342_32098903	upstream_LG	downstream_LG	29	86.207	242	270	16	44	0.001	GCCCCCCGCCGGGCCCCCGGGGGCGGGGG	GCCCCCCGGGGGGGCCCCGGGGGGGGGGG	32097043	32097342	32097343	32097285	32097313	29	32098903	32099202	32098904	32098919	32098947	255	226
LigP_26226450_48746534	upstream_LG	downstream_LG	30	83.333	63	92	252	281	0.065	GGGGGGGGGGCGCGGGCGCCGCGGCCCCCC	GGGGGGGCGGCGGGGGCGGGGGGGCCCCCC	26226151	26226450	26226451	26226214	26226243	207	48746534	48746833	48746535	48746786	48746815	18	189
LigP_12258329_12258806	upstream_LG	downstream_LG	29	89.655	107	135	208	236	4.34e-06	GGCCCCCGGCCCGGGGGCGCCGCGGGCGG	GGCCCCCGGCCGCGCGGCGCCGCGGGCGG	12258030	12258329	12258330	12258137	12258165	164	12258806	12259105	12258807	12259014	12259042	63	101
LigP_42526132_42527306	upstream_LG	downstream_LG	35	82.857	60	94	7	41	0.017	GGGGCGGGGGGGGCCCGCGCGCCCGGCCCGGGGGC	GGGGCCGGGGGGGGCCCCCCGCGCGGCCCGCGGGC	42525833	42526132	42526133	42525893	42525927	205	42527306	42527605	42527307	42527313	42527347	258	53
LigP_74456713_74457380	upstream_LG	downstream_LG	34	85.294	97	130	192	225	0.000268	GGGGGCCCGGGCCCCGGGGCGCGGGGGGGCCGGG	GGGGGGCCGGCCCCCGGGGGGGGGGGCGGCCGGG	74456414	74456713	74456714	74456511	74456544	169	74457380	74457679	74457381	74457572	74457605	74	95
LigP_26226451_26228189	upstream_LG	downstream_LG	34	88.235	218	251	142	175	1.1e-06	CGGCCGGCCGCGCGGCCGGGCCCCGGGGGGGCCC	CGGCCGGCCGCGGCGCCGGGCGCGGGGGGGGCCC	26226152	26226451	26226452	26226370	26226403	48	26228189	26228488	26228190	26228331	26228364	124	76
LigP_74456691_76153983	upstream_LG	downstream_LG	29	82.759	216	244	55	83	0.26	CCGCGGGGCGCGGGCCGGGCCGGGGCGCC	CCGCGCGGCGCCCGCCGGGCGGGCGCGCC	74456392	74456691	74456692	74456608	74456636	55	76153983	76154282	76153984	76154038	76154066	216	161
LigP_23834553_26226153	upstream_LG	downstream_LG	40	85.0	164	203	103	142	1.72e-05	CGGGGGCGGCCGGCGCCCGGCGGCCGCCGGGCGGGGGGGG	CGGGGGGGGGCGGCGCCGGGGGCCCGCCGCGCGGGGGGGG	23834254	23834553	23834554	23834418	23834457	96	26226153	26226452	26226154	26226256	26226295	157	61
LigP_74456711_75498214	upstream_LG	downstream_LG	29	86.207	46	74	16	44	0.001	CCCCCCGCCCGCCCGGGCGCGCGCCGCGC	CCCCCCCCCCGCCCGCGCGGGGGCCGCGC	74456412	74456711	74456712	74456458	74456486	225	75498214	75498513	75498215	75498230	75498258	255	30
LigP_26226452_54991537	upstream_LG	downstream_LG	29	86.207	33	61	111	139	0.001	CCCCGGGGGGCGCGCCGCGGGGGGCGCGG	CCCCGGGCGGCGCCCCGCGCGGCGCGCGG	26226153	26226452	26226453	26226186	26226214	238	54991537	54991836	54991538	54991648	54991676	160	78
LigP_79788391_79865320	upstream_LG	downstream_LG	31	83.871	98	128	256	286	0.017	GCGGGGCCGCGGGCGCCCGCGGGCCGCGCCC	GCGGGGCCCCCGGCGCCCGGGCCCCGCGCCC	79788092	79788391	79788392	79788190	79788220	171	79865320	79865619	79865321	79865576	79865606	13	158
LigP_25920833_26226139	upstream_LG	downstream_LG	37	83.784	158	194	63	99	0.001	GCCGCGGCCCCCCGGCCCCCCCGGCCGCCCCCCCCGC	GCCGCGGCGCCCGCGCCCCCCCCCCCGCGCCCCCCGC	25920534	25920833	25920834	25920692	25920728	105	26226139	26226438	26226140	26226202	26226238	200	95
LigP_37565382_37567964	upstream_LG	downstream_LG	29	86.207	160	188	89	117	0.001	CCCGCCCGGGGCCCCCCCCCGCCCGGCCC	CCCGCCCGGGCCGCCCGCCCGGCCGGCCC	37565083	37565382	37565383	37565243	37565271	111	37567964	37568263	37567965	37568053	37568081	182	71
LigP_46433460_62557740	upstream_LG	downstream_LG	30	90.0	270	299	184	213	1.1e-06	GGGCCCCGCGCCGGCGGCGCCCCCCGCGGC	GGGCGCCGGGCCGGCGGGGCCCCCCGCGGC	46433161	46433460	46433461	46433431	46433460	0	62557740	62558039	62557741	62557924	62557953	86	86
LigP_75205266_75208070	upstream_LG	downstream_LG	43	86.047	101	143	12	54	2.78e-07	GCCCCCCCGGCCCCCCCGCCCCCGGCCCGCGGGCCCCCGCCCC	GCCCCCCCGCCCCCCGCGCCCCCCGCCGCCGCGCCCCCGCCCC	75204967	75205266	75205267	75205068	75205110	156	75208070	75208369	75208071	75208082	75208124	245	89
LigP_57586433_57599459	upstream_LG	downstream_LG	34	85.294	260	293	219	252	0.000268	GCCCCCCCCCCCCCGCGGCGCCCCCCGCCCGGCC	GCCCCCGCCCCCCCGGGGCCCCCGCCGCGCGGCC	57586134	57586433	57586434	57586394	57586427	6	57599459	57599758	57599460	57599678	57599711	47	41
LigP_26226531_26226997	upstream_LG	downstream_LG	29	93.103	61	89	163	191	1.78e-08	CCGCCGGCGGCCCCGGGGGGGGCCCCGGC	CCGCCGCCGGCCCCGGGGGGGGCGCCGGC	26226232	26226531	26226532	26226293	26226321	210	26226997	26227296	26226998	26227160	26227188	108	102
LigP_59265753_59269867	upstream_LG	downstream_LG	30	83.333	24	53	71	100	0.065	GGCCGCGGGGCCGCGGGGGGGGCCCGCCCC	GGCCGCGGGGGGCCGGCGGGGCCCCGCCCC	59265454	59265753	59265754	59265478	59265507	246	59269867	59270166	59269868	59269938	59269967	199	47
LigP_43010980_57621669	upstream_LG	downstream_LG	31	87.097	107	137	84	114	6.78e-05	GGGGCCGCGGGCGGGCGGCCGCGCCGCGGCC	GGGGCCGCGGGGCGGCGCCGGCGCCGCGGCC	43010681	43010980	43010981	43010788	43010818	162	57621669	57621968	57621670	57621753	57621783	185	23
LigP_26226451_26227058	upstream_LG	downstream_LG	29	93.103	141	169	102	130	1.78e-08	CCGCCGGCGGCCCCGGGGGGGGCCCCGGC	CCGCCGCCGGCCCCGGGGGGGGCGCCGGC	26226152	26226451	26226452	26226293	26226321	130	26227058	26227357	26227059	26227160	26227188	169	39
LigP_11689067_11689263	upstream_LG	downstream_LG	36	83.333	185	220	152	187	0.004	CCGCCCCCGCGCCCGGCCCCCCGCCCCCGGCCGCCG	CCGCGCCCGGGCCCCGCCCGGCGCCGCCGGCCGCCG	11688768	11689067	11689068	11688953	11688988	79	11689263	11689562	11689264	11689415	11689450	112	33
LigP_46588672_46738081	upstream_LG	downstream_LG	37	89.189	157	193	195	231	1.78e-08	CCCCCCCGCCCCCCGGCGCGGCCCCCCCCCGCCCGCC	CCCCCCCGCCCCCGGGCCCCGCCCCCCCCCCCCCGCC	46588373	46588672	46588673	46588530	46588566	106	46738081	46738380	46738082	46738276	46738312	68	38
LigP_12259158_12657067	upstream_LG	downstream_LG	30	86.667	201	230	91	120	0.000268	CCGGGGCGGCGGCCCGGGGGCCGCGCGCCG	CCGGGCCGGCGGCCCGCGCGCCCCGCGCCG	12258859	12259158	12259159	12259060	12259089	69	12657067	12657366	12657068	12657158	12657187	179	110
LigP_25990291_26226094	upstream_LG	downstream_LG	31	87.097	52	82	241	271	6.78e-05	GCGGGCCCGCGCCCCGGGCGGCGCCGGGGGC	GCGGGGCCGCGCCCGCGGCGCCGCCGGGGGC	25989992	25990291	25990292	25990044	25990074	217	26226094	26226393	26226095	26226335	26226365	28	189
LigP_12307966_12308447	upstream_LG	downstream_LG	34	94.118	110	143	78	111	1.85e-11	CCGGGGCGCGGCCGGGGGGCGGGGGGCGGGGGGC	CCGGGGCGGGGGCGGGGGGCGGGGGGCGGGGGGC	12307667	12307966	12307967	12307777	12307810	156	12308447	12308746	12308448	12308525	12308558	188	32
LigP_75281751_75336293	upstream_LG	downstream_LG	31	83.871	19	49	15	45	0.017	GGGGCCCCCCCCGCGGGCCCCGCGCGGGGCC	GGGGCCCCCGCCGCCGCCCCCGGGCGCGGCC	75281452	75281751	75281752	75281471	75281501	250	75336293	75336592	75336294	75336308	75336338	254	4
LigP_65751294_65752623	upstream_LG	downstream_LG	34	85.294	257	290	102	135	0.000268	CGGGCGGGGGCGCCCGCGCGGGGCCCCCCCCGGC	CGGGCGGGGCCGCCGGCGCCGGGCGCCGCCCGGC	65750995	65751294	65751295	65751252	65751285	9	65752623	65752922	65752624	65752725	65752758	164	155
LigP_74456739_75203633	upstream_LG	downstream_LG	30	83.333	175	204	155	184	0.065	GCGCGGGCCGGGCCGGGGCGCCGCGGGCCC	GCGCGGGCCCGGGGGGGGGGCGGCGGGCCC	74456440	74456739	74456740	74456615	74456644	95	75203633	75203932	75203634	75203788	75203817	115	20
LigP_48802842_50193121	upstream_LG	downstream_LG	40	82.5	134	173	133	172	0.004	CCGGGCGGGCGGCGGGGGGGGCCGGGGCGCCGGCGCGGGC	CCGGGGGGGGGGGGGGGGGGGCGGGGGCCGGGGCGCGGGC	48802543	48802842	48802843	48802677	48802716	126	50193121	50193420	50193122	50193254	50193293	127	1
LigP_59265765_59265836	upstream_LG	downstream_LG	29	82.759	165	193	268	296	0.26	CCCCCCCCCCCGCCCCCGCCGCCCGGGGG	CCCCCCCGCCCGGGCCCGCGGCCGGGGGG	59265466	59265765	59265766	59265631	59265659	106	59265836	59266135	59265837	59266104	59266132	3	103
LigP_59265799_77329860	upstream_LG	downstream_LG	48	83.333	101	148	79	126	1.72e-05	CCCCCCGGCGCGGCCCGGCCCGCGGCGCCCCCCCCCCCCCCGCCCCCG	CCCCCGGGCGCCGCCCGGCCCCCGGCCCCGCGCCCGCCCCCGGCCCCG	59265500	59265799	59265800	59265601	59265648	151	77329860	77330159	77329861	77329939	77329986	173	22
LigP_65751273_65751382	upstream_LG	downstream_LG	29	89.655	182	210	129	157	4.34e-06	GCGCGCCCGCCCGCGCGGGGCCGGGGGGG	GCGCCCCCGCCGGCCCGGGGCCGGGGGGG	65750974	65751273	65751274	65751156	65751184	89	65751382	65751681	65751383	65751511	65751539	142	53
LigP_12254583_12255452	upstream_LG	downstream_LG	29	82.759	48	76	178	206	0.26	CCGGGGGGCCGCGCGGGCGGGCGGGCCCC	CCGGGGGGGCGGCCGGGGGGGCGCGCCCC	12254284	12254583	12254584	12254332	12254360	223	12255452	12255751	12255453	12255630	12255658	93	130
