LigP_ID	query_ID	subject_ID	length	perc_id	q_start	q_end	s_start	s_end	evalue	q_seq	s_seq	start_harbor	end_harbor	end_LG1	start_homolog1	end_homolog1	LG1_distance	start_harbor2	end_harbor2	end_LG2	start_homolog2	end_homolog2	LG2_distance	Ligshift
LigP_99586022_99592848	upstream_LG	downstream_LG	32	81.25	195	226	30	61	1.0	GGGGGGCGGCCCCGCCCCGCCGCCCCCCCCCG	GGGGGGCCCCCCCCCCCCCCCCCCCGCCCCCG	99585723	99586022	99586023	99585918	99585949	73	99592848	99593147	99592849	99592878	99592909	238	165
LigP_99203273_99592848	upstream_LG	downstream_LG	43	83.721	164	206	27	69	6.78e-05	CCGGGGGGCGGGGGCCGCCCCGCCGCCCCGCGCGCCCCCGCCC	CCGGCGGGGGGGGGCCCCCCCCCCCCCCCCCCCGCCCCCGCCC	99202974	99203273	99203274	99203138	99203180	93	99592848	99593147	99592849	99592875	99592917	230	137
LigP_103075688_103342545	upstream_LG	downstream_LG	33	81.818	175	207	25	57	0.26	GCCCCGGCCCCGGGCCCCGCCCGGCCCCGCCCG	GCCCCGGCGCGGGGGCCCCCCCGCGCCCGCCCG	103075389	103075688	103075689	103075564	103075596	92	103342545	103342844	103342546	103342570	103342602	242	150
LigP_105592606_105713278	upstream_LG	downstream_LG	32	84.375	155	186	206	237	0.004	CCGGCGCCGCCCGGGCGGCGCCCCCGCCGCGG	CCGGCGCCGCCGGCGGGGCCCCCCCGGCGCGG	105592307	105592606	105592607	105592462	105592493	113	105713278	105713577	105713279	105713484	105713515	62	51
LigP_104192915_104194851	upstream_LG	downstream_LG	33	90.909	19	51	54	86	1.78e-08	CCCGGCCCCCGGGGGCGGGGGGCGGGCCGGGGG	CCCGGCCCCCGGGGGCGGGCGCCGGGCGGGGGG	104192616	104192915	104192916	104192635	104192667	248	104194851	104195150	104194852	104194905	104194937	213	35
LigP_67240823_67241004	upstream_LG	downstream_LG	51	82.353	28	78	14	64	6.78e-05	GGGCCCGCCCGGGGGGCGCCGCCGGGGCGGGGGCCGCCCGGGGGCCCCCGC	GGGCCCGGCCGGCGGGCCCCGCGGGGGCGCGGGGCCCCCCCGGGCCCCCGC	67240524	67240823	67240824	67240552	67240602	221	67241004	67241303	67241005	67241018	67241068	235	14
LigP_24116235_24147359	upstream_LG	downstream_LG	37	83.784	109	145	11	47	0.001	GGGGGGGGGGGGGGGGGCCCCGGCGGGGGGGGGGCGG	GGGGGGGGGGGCCGGGCCCCGGCCGGCGGGGGGGCGG	24115936	24116235	24116236	24116045	24116081	154	24147359	24147658	24147360	24147370	24147406	252	98
LigP_103523042_103523271	upstream_LG	downstream_LG	33	84.848	78	110	73	105	0.001	CGCGGGCGGGCGGCGGCCGCCCCGCGCCCCCGC	CGCGGCCGGGCCGCGCCCCCCGCGCGCCCCCGC	103522743	103523042	103523043	103522821	103522853	189	103523271	103523570	103523272	103523344	103523376	194	5
LigP_88824596_90382872	upstream_LG	downstream_LG	46	93.478	221	266	198	243	3.11e-16	GGGCGGGCCCCGCGGCCGGGCCCCGCCCGCGGCCGCCCCCCCCCCC	GGGCGGGCCCCGCGCCCGGGCCCCGCCCGGGGCCCCCCCCCCCCCC	88824297	88824596	88824597	88824518	88824563	33	90382872	90383171	90382873	90383070	90383115	56	23
LigP_64294242_64518332	upstream_LG	downstream_LG	32	93.75	102	133	140	171	2.89e-10	GCGCGCCGGCCCCGCCCCCCCCGGGGCGCGGG	GCGCGCCCGCCCCGCCGCCCCCGGGGCGCGGG	64293943	64294242	64294243	64294045	64294076	166	64518332	64518631	64518333	64518472	64518503	128	38
LigP_67240759_67241004	upstream_LG	downstream_LG	51	82.353	92	142	14	64	6.78e-05	GGGCCCGCCCGGGGGGCGCCGCCGGGGCGGGGGCCGCCCGGGGGCCCCCGC	GGGCCCGGCCGGCGGGCCCCGCGGGGGCGCGGGGCCCCCCCGGGCCCCCGC	67240460	67240759	67240760	67240552	67240602	157	67241004	67241303	67241005	67241018	67241068	235	78
LigP_66483080_67241028	upstream_LG	downstream_LG	30	86.667	158	187	43	72	0.000268	CCCGGCCCGGCCGGGCCGGCCCGGCCCCCC	CCCGGGCCGGCCGGCCCGGCGGGGCCCCCC	66482781	66483080	66483081	66482939	66482968	112	67241028	67241327	67241029	67241071	67241100	227	115
LigP_99683655_99683655	upstream_LG	downstream_LG	51	82.353	102	152	104	154	6.78e-05	CCCCCCCCCGCCGCCCCCGCCCCCCCGGCGCGCCCCCCGCCCCCCCCGGGG	CCCCCCCCCGGGGCCCCGGGCCCCCGGGGCCGCCCCCCGGCCGCCCCGGGG	99683356	99683655	99683656	99683458	99683508	147	99683655	99683954	99683656	99683759	99683809	145	2
LigP_67240881_67241023	upstream_LG	downstream_LG	33	84.848	164	196	43	75	0.001	CGGGCCGGCCCGCGCGGCCCCGCCCCCCCGGGG	CGGGCCGGCCGGCCCGGCGGGGCCCCCCCGGGG	67240582	67240881	67240882	67240746	67240778	103	67241023	67241322	67241024	67241066	67241098	224	121
LigP_100283361_100285165	upstream_LG	downstream_LG	32	84.375	261	292	147	178	0.004	GGCGGCGGGGGGGGCCGCCGGCGGGGCGCCGC	GGCGGCGCGGGGGGCGGGCCCCGGGGCGCCGC	100283062	100283361	100283362	100283323	100283354	7	100285165	100285464	100285166	100285312	100285343	121	114
LigP_100285483_100298606	upstream_LG	downstream_LG	44	84.091	89	132	71	114	1.72e-05	CCGGGCCGCGCCCCCGCCCCGGCCCCCCCCCGCCGCCCCGCGGC	CCGGGCCGGGCCCCCCCCGCCGCCCCGCCCCGGCGCCCCCCGGC	100285184	100285483	100285484	100285273	100285316	167	100298606	100298905	100298607	100298677	100298720	185	18
LigP_104192836_104192939	upstream_LG	downstream_LG	30	83.333	225	254	40	69	0.065	GCCCCCGCGCGCGCCCGGCCCCCCGCCCCG	GCCCCCGGGCGCGGCGGGGCCCCCCCCCCG	104192537	104192836	104192837	104192762	104192791	45	104192939	104193238	104192940	104192979	104193008	230	185
LigP_75427983_75428022	upstream_LG	downstream_LG	47	87.234	8	54	252	298	1.14e-09	GCGCCCGCGCGGCCGCCCGCCGCGCCCCGCCCCCCCGGGCGCCCCCG	GCGCCCGCGCCGCGCCCCGCCCCGCCCCGCCCGCCCCGGCGCCCCCG	75427684	75427983	75427984	75427692	75427738	245	75428022	75428321	75428023	75428274	75428320	1	244
LigP_24061781_24147355	upstream_LG	downstream_LG	36	88.889	187	222	81	116	7.04e-08	CCGGGGCGGGGGGCGGGGGGCGGGGCCGGGGCCGGG	CCGGGGGGGCGGGCGGGGCCCGGGGCCGGGGCCGGG	24061482	24061781	24061782	24061669	24061704	77	24147355	24147654	24147356	24147436	24147471	183	106
LigP_63347905_92747581	upstream_LG	downstream_LG	35	85.714	255	289	248	282	6.78e-05	GGGCCCCGCGCCGCCGGGGGGGCGGGCGGGGGGGC	GGGCGCCGCGGCGCCCGGGGGCCGGGGGGGGGGGC	63347606	63347905	63347906	63347861	63347895	10	92747581	92747880	92747582	92747829	92747863	17	7
LigP_90382761_90382854	upstream_LG	downstream_LG	31	90.323	267	297	73	103	2.78e-07	CGGCGCGGCCGCCCGGCCCGCGGCCCCCGGG	CGGCGGGGCCGCCCGGCCCGCGCCCCGCGGG	90382462	90382761	90382762	90382729	90382759	2	90382854	90383153	90382855	90382927	90382957	196	194
LigP_58089412_67241023	upstream_LG	downstream_LG	29	82.759	29	57	121	149	0.26	CCCGCCCGCCCCGCGCGCGCGCCCGGCCG	CCCGCCGGCCCCCCCCGCGGCCCCGGCCG	58089113	58089412	58089413	58089142	58089170	242	67241023	67241322	67241024	67241144	67241172	150	92
LigP_99593318_101709980	upstream_LG	downstream_LG	34	82.353	200	233	138	171	0.065	CCCCGGGCGGGGGCGGGCCCCCCCCCCGCCCCGC	CCCCGGGCCGGCGCGCCCCCCGCCCCCCCCCCGC	99593019	99593318	99593319	99593219	99593252	66	101709980	101710279	101709981	101710118	101710151	128	62
LigP_90383215_90383175	upstream_LG	downstream_LG	29	86.207	264	292	44	72	0.001	GGGCGGCGGCCGCGGGCGGGGCCGCCCGC	GGGCGGCCGCGGCCGGCGGGGCGGCCCGC	90382916	90383215	90383216	90383180	90383208	7	90383175	90383474	90383176	90383219	90383247	227	220
LigP_67588946_67599942	upstream_LG	downstream_LG	33	87.879	2	34	33	65	4.34e-06	CCCCCCGGCGCCCGGGGGGCCGGGCCCCGCCCC	CCCCCCCGCGCCCGGGGGGGGGGGCCCGGCCCC	67588647	67588946	67588947	67588649	67588681	265	67599942	67600241	67599943	67599975	67600007	234	31
LigP_54488476_54488717	upstream_LG	downstream_LG	33	84.848	248	280	188	220	0.001	GGGGGGGGGGGGCCGGGGCGGGGCCGGGGGGGC	GGGGGGGGGGCGGCGGGCCGCCGCCGGGGGGGC	54488177	54488476	54488477	54488425	54488457	19	54488717	54489016	54488718	54488905	54488937	79	60
LigP_103562451_103729290	upstream_LG	downstream_LG	34	82.353	1	34	3	36	0.065	GGGGCGGGGGGCCGGCCCCCCGCGGGGCGCGGCG	GGGGGGGGGGGCGGGCCGCCCCGGGGGCCCGGCG	103562152	103562451	103562452	103562153	103562186	265	103729290	103729589	103729291	103729293	103729326	263	2
LigP_73759271_73759974	upstream_LG	downstream_LG	45	84.444	185	229	159	203	4.34e-06	CCCGCCCCGGCCCCCCGGCGCCCCCGCGCCCCCGCCCCCCGGGCC	CCCGCCGCCGCCCCCCGCCCCCCCCCCCCCCCCCCCCCCCGGGCC	73758972	73759271	73759272	73759157	73759201	70	73759974	73760273	73759975	73760133	73760177	96	26
LigP_75428383_75430161	upstream_LG	downstream_LG	37	83.784	159	195	86	122	0.001	CCCCCCGCGCGGCGGGCGCGGGGGCGCGCGCCGGGGG	CCCCCCCCGGGGCGGGGCCGGGGGCGGGCGCCCGGGG	75428084	75428383	75428384	75428243	75428279	104	75430161	75430460	75430162	75430247	75430283	177	73
LigP_51449923_51989270	upstream_LG	downstream_LG	35	91.429	29	63	81	115	1.14e-09	CCGGCCCCGCCGCCGGCGGGGGGCCGCCGGGGGGC	CCGGCCGCGCGGCGGGCGGGGGGCCGCCGGGGGGC	51449624	51449923	51449924	51449653	51449687	236	51989270	51989569	51989271	51989351	51989385	184	52
LigP_104295766_104302728	upstream_LG	downstream_LG	35	82.857	191	225	266	300	0.017	GGCCGGCCCCGCGGGCGCGCCCGCGGCCGCCGGCG	GGCCGGGCCCGGGGGCGGGCGGGCCGCCGCCGGCG	104295467	104295766	104295767	104295658	104295692	74	104302728	104303027	104302729	104302994	104303028	-1	75
LigP_93115941_93331983	upstream_LG	downstream_LG	31	83.871	214	244	75	105	0.017	CCGCCGCCCCCGCCCGCCGCCGCCCCGCGCC	CCGCCCCCCCCGCGGGCCGCGGCCGCGCGCC	93115642	93115941	93115942	93115856	93115886	55	93331983	93332282	93331984	93332058	93332088	194	139
LigP_103523132_103524300	upstream_LG	downstream_LG	38	84.211	205	242	50	87	0.000268	GGGCCCCGGGGCCGGGGCCCCGGGCCCCCGGGCGCCCG	GGGCCCCGGCCCCGGCGCCCCCCGCCCCGGGGCGCCCG	103522833	103523132	103523133	103523038	103523075	57	103524300	103524599	103524301	103524350	103524387	212	155
LigP_65217755_67241023	upstream_LG	downstream_LG	33	84.848	45	77	86	118	0.001	CGCGCGCGGGCGGGCGCGCGCGGGCCGGGGGCG	CGCGCGCGGCCGCGCGCCCCCGGGCCCGGGGCG	65217456	65217755	65217756	65217501	65217533	222	67241023	67241322	67241024	67241109	67241141	181	41
LigP_99593149_99607380	upstream_LG	downstream_LG	30	90.0	3	32	68	97	1.1e-06	GGGGGGCCCCCCGGGGGGGGCCGGGCGGGG	GGGGGGGCCCCCGGGGGGGGGGGGGCGGGG	99592850	99593149	99593150	99592853	99592882	267	99607380	99607679	99607381	99607448	99607477	202	65
LigP_90383243_91060440	upstream_LG	downstream_LG	30	83.333	226	255	157	186	0.065	CCGCCGGCGGGGGCGGCGGCCGCGGGCGGG	CCGCCGGGGGGGGGGGGGGCGGGGGGCGGG	90382944	90383243	90383244	90383170	90383199	44	91060440	91060739	91060441	91060597	91060626	113	69
LigP_23577320_23588905	upstream_LG	downstream_LG	30	86.667	47	76	130	159	0.000268	CCCCGCGCCCCCGCCGGGGCGGGCCCCGGC	CCCCCCGCCCCCGCCCCCGCGGGCCCCGGC	23577021	23577320	23577321	23577068	23577097	223	23588905	23589204	23588906	23589035	23589064	140	83
LigP_23519128_23520535	upstream_LG	downstream_LG	45	84.444	41	85	110	154	4.34e-06	CCCGCCGCGCGCCGCCCCCCGGGGCGGGGCCGCCGCCGCCGGGGG	CCCGCCGCGCGCGGCCCCCGGGGCGGGGGCCGGCGGCGCGGGGGG	23518829	23519128	23519129	23518870	23518914	214	23520535	23520834	23520536	23520645	23520689	145	69
LigP_71725516_71725641	upstream_LG	downstream_LG	49	81.633	161	209	211	259	0.001	CCGGCCCGGCGGCCCGGGCCCGCCCGCGCGCCCCCGGGGCCCCCCGGGC	CCGGCCCGGCCCCCGGGGCCCCCCCCGGGGCCCCCCGGCCCCCCCGGGC	71725217	71725516	71725517	71725378	71725426	90	71725641	71725940	71725642	71725852	71725900	40	50
LigP_100324154_100329589	upstream_LG	downstream_LG	35	88.571	114	148	155	189	2.78e-07	CGGGGGGGCCGCCCCCCCCCCCGGGGGGGGGCCCC	CGGGGGGGCCCCCCGCCCCCCCGGGCGGCGGCCCC	100323855	100324154	100324155	100323969	100324003	151	100329589	100329888	100329590	100329744	100329778	110	41
LigP_104933584_104982551	upstream_LG	downstream_LG	32	87.5	246	277	131	162	1.72e-05	GGCGGGGGGGGCGCGGGCCGGGGCGCGGCGCC	GGCGCGGGGGGGGCGGGCCCGGGGGCGGCGCC	104933285	104933584	104933585	104933531	104933562	22	104982551	104982850	104982552	104982682	104982713	137	115
LigP_75428362_75429182	upstream_LG	downstream_LG	44	84.091	62	105	254	297	1.72e-05	CCCGGGCCGGGGCGGGCCCGGGCGCCGGGCGGGGCCCCGCGGCC	CCCGGGCGCGGGCGCGCCCGGGCGCGGCCCGGGGCCCCCCGGCC	75428063	75428362	75428363	75428125	75428168	194	75429182	75429481	75429183	75429436	75429479	2	192
LigP_105203094_105205713	upstream_LG	downstream_LG	30	83.333	132	161	28	57	0.065	GGGGCCGGGGGGGGGGGCGGGGGGGCCCCG	GGGGCCGCCGGGGGCGGGGGCGGGGCCCCG	105202795	105203094	105203095	105202927	105202956	138	105205713	105206012	105205714	105205741	105205770	242	104
LigP_105355512_105487790	upstream_LG	downstream_LG	33	90.909	64	96	86	118	1.78e-08	CCCGGGGGCCGGGCGGGGGCGGCGGGGGGGGCC	CCCGGGGGCCGGGCGGGGCCGGGGGGCGGGGCC	105355213	105355512	105355513	105355277	105355309	203	105487790	105488089	105487791	105487876	105487908	181	22
LigP_49892465_49892647	upstream_LG	downstream_LG	44	81.818	63	106	123	166	0.004	CCCCGCGCCCCCCGGGGCCGGGGGCGGGCGGCGGCCGGGGGGCC	CCCCCCGCCCGCCCGGGCCGGGGGGGCGGGCCCGCCGGGGGGCC	49892166	49892465	49892466	49892229	49892272	193	49892647	49892946	49892648	49892770	49892813	133	60
LigP_75428400_75429515	upstream_LG	downstream_LG	30	83.333	179	208	47	76	0.065	CGCCGGGGCGGGCGGGGCGGGGCGGGGCGC	CGCCGGGGGGGCGGGGGCGGCGGGGGGCGC	75428101	75428400	75428401	75428280	75428309	91	75429515	75429814	75429516	75429562	75429591	223	132
LigP_104192900_104503770	upstream_LG	downstream_LG	30	86.667	68	97	239	268	0.000268	GGGGGGGGGGGGGGGGGCCGGGCGCCGGGC	GGGGGGGGGGGGCCGCGCCGGGCCCCGGGC	104192601	104192900	104192901	104192669	104192698	202	104503770	104504069	104503771	104504009	104504038	31	171
LigP_104192850_104201981	upstream_LG	downstream_LG	31	83.871	31	61	13	43	0.017	CCGGGGCGGCCGGGCGGCGGCCCGGGCGGGG	CCGGGCCGGGCGCGCGGCGGCCGGGGGGGGG	104192551	104192850	104192851	104192582	104192612	238	104201981	104202280	104201982	104201994	104202024	256	18
LigP_90382173_90382872	upstream_LG	downstream_LG	38	81.579	10	47	129	166	0.065	GGGGGGGCGGGGGGGCCGGCGCGCGGGCGCCCGGGGCC	GGGGGCGCGGCGGGGGCGGGGGGCGGGGCCCCGGGGCC	90381874	90382173	90382174	90381884	90381921	252	90382872	90383171	90382873	90383001	90383038	133	119
LigP_73760275_73785244	upstream_LG	downstream_LG	29	86.207	155	183	188	216	0.001	GCGGCCCGGGGGGGGGGGGGGGGGGGGGG	GCGGCCCGGGCCCGGGGGGGGCGGGGGGG	73759976	73760275	73760276	73760131	73760159	116	73785244	73785543	73785245	73785432	73785460	83	33
LigP_24147677_24160796	upstream_LG	downstream_LG	38	86.842	212	249	26	63	1.1e-06	GGGGCGGGCCCCGGGGCCGGGCGCCGGGCGGGGGGGGC	GGGGGGGGGCCCGGGCCGGGCCGCCGGGCGGGGGGGGC	24147378	24147677	24147678	24147590	24147627	50	24160796	24161095	24160797	24160822	24160859	236	186
LigP_104117093_104117122	upstream_LG	downstream_LG	32	87.5	191	222	208	239	1.72e-05	GGGGCCGGCCGCGGGGCCCGCGGGCCCGGGGG	GGGGCCGCCCGCGCCGCCCGCGGGCCCCGGGG	104116794	104117093	104117094	104116985	104117016	77	104117122	104117421	104117123	104117330	104117361	60	17
LigP_100329912_100348287	upstream_LG	downstream_LG	32	87.5	215	246	121	152	1.72e-05	GGGCCGGGGGGCCCGCCGGCCGCCGGCCGGGG	GGGCCCGGGGCCCGGCCGGCCGCCGGGCGGGG	100329613	100329912	100329913	100329828	100329859	53	100348287	100348586	100348288	100348408	100348439	147	94
LigP_100285629_100341368	upstream_LG	downstream_LG	44	84.091	210	253	2	45	1.72e-05	CCGGGGCCCCCGGGCGCGGGGCCCCCGCGGGCCGCCGCCGCCCG	CCGGGGCCCCCCGGGGCGCGCCCCCCGCCGGCCCCCCCCGCCCG	100285330	100285629	100285630	100285540	100285583	46	100341368	100341667	100341369	100341370	100341413	254	208
LigP_100218257_100329597	upstream_LG	downstream_LG	31	87.097	34	64	162	192	6.78e-05	CGGCCGCGCGGCGGGGGGCCGCCCCGCCCCC	CGGCGGCGCCGCGGGGGGGCCCCCCGCCCCC	100217958	100218257	100218258	100217992	100218022	235	100329597	100329896	100329598	100329759	100329789	107	128
LigP_73740449_73771979	upstream_LG	downstream_LG	29	86.207	66	94	175	203	0.001	CCGCCCCCCCCGGCCCGCGGCGCCCCGCG	CCGCCCCCGCCGGCCGCCGGCGCCGCGCG	73740150	73740449	73740450	73740216	73740244	205	73771979	73772278	73771980	73772154	73772182	96	109
LigP_73058439_73644712	upstream_LG	downstream_LG	40	85.0	135	174	231	270	1.72e-05	GCGCCCCCCGCGCCGCGCCCGGCCGGGGCCCCGGCCCCGG	GCGCGCCCCCCGGCGCCCCCGGCGGGGGCCCCGCCCCCGG	73058140	73058439	73058440	73058275	73058314	125	73644712	73645011	73644713	73644943	73644982	29	96
LigP_103519638_103522645	upstream_LG	downstream_LG	33	84.848	204	236	113	145	0.001	CCCCGGCCCCCGCCCCGCCCCGCGGGGGGCGGG	CCCCCGCCCCCGCCCGGCCGCCCGGCGGGCGGG	103519339	103519638	103519639	103519543	103519575	63	103522645	103522944	103522646	103522758	103522790	154	91
LigP_67582245_67599960	upstream_LG	downstream_LG	31	87.097	21	51	55	85	6.78e-05	GGGCGCCCCGCCCCCCCGGGGGCGGGGGCGG	GGGCCCCCCGCCCCCCGCGGGGCGGCGGCGG	67581946	67582245	67582246	67581967	67581997	248	67599960	67600259	67599961	67600015	67600045	214	34
LigP_104557987_104723464	upstream_LG	downstream_LG	39	84.615	151	189	114	152	6.78e-05	CGGGCCCGGGCCCGGCCGGGGGGCGGGCCCGGGCCCGGG	CGGGCCCGGCCGCGGCGGGCGGGCGGGCCCCGGCGCGGG	104557688	104557987	104557988	104557839	104557877	110	104723464	104723763	104723465	104723578	104723616	147	37
LigP_75428398_105300219	upstream_LG	downstream_LG	35	82.857	222	256	88	122	0.017	CCGGGGCGGCCGCCCCCGCGCGGGCGGGGCGCGGG	CCGGGGCGCGCGGCCCCGCGCCGCCCGGGCGCGGG	75428099	75428398	75428399	75428321	75428355	43	105300219	105300518	105300220	105300307	105300341	177	134
LigP_88824592_90382868	upstream_LG	downstream_LG	46	93.478	225	270	202	247	3.11e-16	GGGCGGGCCCCGCGGCCGGGCCCCGCCCGCGGCCGCCCCCCCCCCC	GGGCGGGCCCCGCGCCCGGGCCCCGCCCGGGGCCCCCCCCCCCCCC	88824293	88824592	88824593	88824518	88824563	29	90382868	90383167	90382869	90383070	90383115	52	23
LigP_73645046_73759400	upstream_LG	downstream_LG	35	88.571	107	141	214	248	2.78e-07	GCGGCCGGGCGGGGGGGCCCCGGCGGCCGCCGCGC	GCGGCCCGGGGGGGGGGCCGCGGGGGCCGCCGCGC	73644747	73645046	73645047	73644854	73644888	158	73759400	73759699	73759401	73759614	73759648	51	107
LigP_24147661_24160983	upstream_LG	downstream_LG	30	86.667	110	139	83	112	0.000268	GGCCGGGCCGCGGCCCCGCCCCCCCCCCCG	GGCCCGGCCCCGGCCCGGCCCGCCCCCCCG	24147362	24147661	24147662	24147472	24147501	160	24160983	24161282	24160984	24161066	24161095	187	27
LigP_67208234_67241026	upstream_LG	downstream_LG	30	90.0	107	136	205	234	1.1e-06	CGGCGGCCGCGCCGCCCCGGGCCCCGCCCC	CGGCGGGCGCGCGGGCCCGGGCCCCGCCCC	67207935	67208234	67208235	67208042	67208071	163	67241026	67241325	67241027	67241231	67241260	65	98
LigP_67241310_67241688	upstream_LG	downstream_LG	30	86.667	156	185	255	284	0.000268	GGCGGGCGGGCGCCCCCCCCGCCCCGGCCC	GGCGGGGGGGCGCCGGCCGCGCCCCGGCCC	67241011	67241310	67241311	67241167	67241196	114	67241688	67241987	67241689	67241943	67241972	15	99
LigP_24147661_73233452	upstream_LG	downstream_LG	32	90.625	56	87	182	213	7.04e-08	CCGGCCCCCCGGCGCCGCCCCGGCCCCGGCCC	CCGGGCCCCCGGCGGCGCCCCGGCCGCGGCCC	24147362	24147661	24147662	24147418	24147449	212	73233452	73233751	73233453	73233634	73233665	86	126
LigP_94569584_99592851	upstream_LG	downstream_LG	59	81.356	25	83	175	233	6.78e-05	CCCCCCGGCGGCCCCCGGCCCCCGCGGCCCCGCCCGGGCCCCCCCCCCCGCCGGCCCGG	CCCCGCGGCGGGCCCCGGCCGCGCCGCCCGCGCCGGGGCCCCGCCCCCCGGCCGCCCGG	94569285	94569584	94569585	94569310	94569368	216	99592851	99593150	99592852	99593026	99593084	66	150
LigP_100282073_100285151	upstream_LG	downstream_LG	30	86.667	145	174	168	197	0.000268	GCCGGCGCGGCGCCGGGGGGGGCCCCCGGG	GCCGGGGCGGCGCGGGGGGCGGGCCCCGGG	100281774	100282073	100282074	100281919	100281948	125	100285151	100285450	100285152	100285319	100285348	102	23
LigP_105487227_105487866	upstream_LG	downstream_LG	29	82.759	71	99	206	234	0.26	CCCGCGCCCCGCCCCCGGCCGGGCCCGGG	CCCGCCCCCCGCGGCCGGCCCCGCCCGGG	105486928	105487227	105487228	105486999	105487027	200	105487866	105488165	105487867	105488072	105488100	65	135
LigP_105488149_105498169	upstream_LG	downstream_LG	34	82.353	219	252	248	281	0.065	GGCCCCGGGCGGGGCCGGCCGCGGGGGGCGGGCG	GGCCCGGGCCGGGGCCCCCCGGGGGGGGGGGGCG	105487850	105488149	105488150	105488069	105488102	47	105498169	105498468	105498170	105498417	105498450	18	29
LigP_21437356_21455963	upstream_LG	downstream_LG	44	84.091	203	246	35	78	1.72e-05	CCCGCGCGGCCCGGCCCGGCGCCCCCGCCCGCCCCGCGCCGCCG	CCCGCGCGGGCGGGCCCCCCGCCCGCGCCCGCCCCCCGGCGCCG	21437057	21437356	21437357	21437260	21437303	53	21455963	21456262	21455964	21455998	21456041	221	168
LigP_24147771_24192582	upstream_LG	downstream_LG	47	82.979	13	59	96	142	6.78e-05	CCCCGCCCCCCCCCCCGGCGCCCCCCGCCCCCGGCCGGCCCCGGCGC	CCCCGCCCCCCCCCGCGCCGCGGCCCGCCCCGCGCCGCGCCCGGCGC	24147472	24147771	24147772	24147485	24147531	240	24192582	24192881	24192583	24192678	24192724	157	83
LigP_100246443_100376253	upstream_LG	downstream_LG	34	88.235	9	42	194	227	1.1e-06	CCCCGGGGGCGGGCCGGCGCGCCCGCGGCCGCCC	CCCCGGGGGCGGGCCGGCCGGCGCGCCGCCGCCC	100246144	100246443	100246444	100246153	100246186	257	100376253	100376552	100376254	100376447	100376480	72	185
LigP_90383171_90383176	upstream_LG	downstream_LG	32	87.5	53	84	18	49	1.72e-05	GGCCCGCGGGGCGCGGGCCGGGCGGCCCCGCC	GGCCCGCGGCCCCCGGGGCGGGCGGCCCCGCC	90382872	90383171	90383172	90382925	90382956	215	90383176	90383475	90383177	90383194	90383225	250	35
LigP_99593156_105971946	upstream_LG	downstream_LG	37	83.784	104	140	54	90	0.001	CCCCCCGGGGGGGGGGCGGCCGGGCGGGGGGGGCGCC	CCCCCCGGGGCGGCGGCCCCCGGGGGGGGGGCGCGCC	99592857	99593156	99593157	99592961	99592997	159	105971946	105972245	105971947	105972000	105972036	209	50
LigP_92993582_93057799	upstream_LG	downstream_LG	33	90.909	2	34	211	243	1.78e-08	GGCCCCCCCCGCGCGGGCGCCCCGGGGGCGCGG	GGCCCCCCCCGCGCCGGCGGCCCGGGGGGGCGG	92993283	92993582	92993583	92993285	92993317	265	93057799	93058098	93057800	93058010	93058042	56	209
LigP_55114895_55129066	upstream_LG	downstream_LG	34	88.235	193	226	124	157	1.1e-06	GCGCCCCCGCCCGCGCCCGCGCCGCCCCCCCCGG	GCGCCCCCGGCCCCGCCCGGCCCGCCCCCCCCGG	55114596	55114895	55114896	55114789	55114822	73	55129066	55129365	55129067	55129190	55129223	142	69
LigP_100285509_100377610	upstream_LG	downstream_LG	34	85.294	92	125	80	113	0.000268	CCGCCGCCCCGCGGCGCCCCGGGGCCCGCCCCCC	CCGCCGCCCCGCGGGCGCCCGCGGCCGGCCCCCC	100285210	100285509	100285510	100285302	100285335	174	100377610	100377909	100377611	100377690	100377723	186	12
LigP_75428389_75430253	upstream_LG	downstream_LG	29	86.207	256	284	110	138	0.001	GGGGCGCGGGGGGCCCCGGCCCGGCCCCG	GGGGCGGGGGGGGGCGCGGCCCGCCCCCG	75428090	75428389	75428390	75428346	75428374	15	75430253	75430552	75430254	75430363	75430391	161	146
LigP_24147661_24160906	upstream_LG	downstream_LG	30	86.667	110	139	160	189	0.000268	GGCCGGGCCGCGGCCCCGCCCCCCCCCCCG	GGCCCGGCCCCGGCCCGGCCCGCCCCCCCG	24147362	24147661	24147662	24147472	24147501	160	24160906	24161205	24160907	24161066	24161095	110	50
LigP_104192924_104206198	upstream_LG	downstream_LG	41	80.488	3	43	47	87	0.26	GGCGGGCCCCGGCCCCCGGGGGCGGGGGGCGGGCCGGGGGC	GGCGGGGCCGGGGCCCGGGGGGGGGGGCGGGGCCCGGGGGC	104192625	104192924	104192925	104192628	104192668	256	104206198	104206497	104206199	104206245	104206285	212	44
LigP_100329962_100330109	upstream_LG	downstream_LG	32	84.375	225	256	47	78	0.004	GGGCGGGCCCCCCCGGCGGGGGCGCCGGGCCG	GGGCGGCCCGCCGCGGGGGGGGGGCCGGGCCG	100329663	100329962	100329963	100329888	100329919	43	100330109	100330408	100330110	100330156	100330187	221	178
LigP_23351946_65098158	upstream_LG	downstream_LG	31	83.871	82	112	197	227	0.017	CCCCGCCCCCGCGGCGGCCCCCGCCCGCCCG	CCCCGGCCCCCCGGGGCCCCCCGCCCCCCCG	23351647	23351946	23351947	23351729	23351759	187	65098158	65098457	65098159	65098355	65098385	72	115
LigP_74099217_75428038	upstream_LG	downstream_LG	33	96.97	181	213	237	269	3e-13	GCCCCGCCCCGCCCCGCCCGCCCCGCCGCCCCC	GCCCCGCCCCGCCCCGCCCGCCCCGGCGCCCCC	74098918	74099217	74099218	74099099	74099131	86	75428038	75428337	75428039	75428275	75428307	30	56
LigP_104117096_104118713	upstream_LG	downstream_LG	35	82.857	88	122	44	78	0.017	CGGGCCGGGCGCCGGGGGCCGGGGCGCCGGGCGGG	CGGGGCGGCCGCGGGGGGCCGCGGCGGCCGGCGGG	104116797	104117096	104117097	104116885	104116919	177	104118713	104119012	104118714	104118757	104118791	221	44
LigP_71916791_73457961	upstream_LG	downstream_LG	41	85.366	212	252	245	285	4.34e-06	GCGGGCCCGGCGGGGCGGCCCGCGGGGGCGCCCGGCGGCCC	GCGGGCCGGGCCGGGGGGCCCCCCGGGGCGCCCGGCCGCCC	71916492	71916791	71916792	71916704	71916744	47	73457961	73458260	73457962	73458206	73458246	14	33
LigP_104642900_104754077	upstream_LG	downstream_LG	30	86.667	69	98	18	47	0.000268	CCCGCGGGGGGGCGCGCGGGGGCGCCCGGG	CCCGCGGGGGGGGGCCGGGGGGGGCCCGGG	104642601	104642900	104642901	104642670	104642699	201	104754077	104754376	104754078	104754095	104754124	252	51
LigP_20469070_20469039	upstream_LG	downstream_LG	31	83.871	234	264	192	222	0.017	CCCCCGCCCCGGGGCCGCGCGGCCCGGGGCG	CCCCCGGCCCCGGGCCCCCCGCCCCGGGGCG	20468771	20469070	20469071	20469005	20469035	35	20469039	20469338	20469040	20469231	20469261	77	42
LigP_100681635_100681975	upstream_LG	downstream_LG	32	84.375	41	72	15	46	0.004	CCCCGGGGGGGGGGGGCGCCGGGCCCGCGGCC	CCCCGGGGGGCGGCGGCGCCCCCCCCGCGGCC	100681336	100681635	100681636	100681377	100681408	227	100681975	100682274	100681976	100681990	100682021	253	26
LigP_75428423_75429242	upstream_LG	downstream_LG	29	86.207	82	110	16	44	0.001	CCGGGCCCCGGCCCCGGGGGCGCCGCCCC	CCGGGCCCCGGCGGGGGGGGCGGCGCCCC	75428124	75428423	75428424	75428206	75428234	189	75429242	75429541	75429243	75429258	75429286	255	66
LigP_23352087_95642508	upstream_LG	downstream_LG	33	81.818	201	233	196	228	0.26	CGGCCCCGGCCCCCGGGGCGGCGGCCGGGGCCC	CGGCCCGGGGCCCGGGGGCCGGGGGCGGGGCCC	23351788	23352087	23352088	23351989	23352021	66	95642508	95642807	95642509	95642704	95642736	71	5
LigP_50242882_99737384	upstream_LG	downstream_LG	39	87.179	34	72	50	88	2.78e-07	CCGCCCGGCGGGCGCGGGCCGCCCGGGGGCGCCCCGGGG	CCGCCCGGCCGGCGGGGGGCGCCCGCGGGCGCCCGGGGG	50242583	50242882	50242883	50242617	50242655	227	99737384	99737683	99737385	99737434	99737472	211	16
LigP_20457269_24147362	upstream_LG	downstream_LG	46	82.609	253	298	62	107	0.000268	GGGGGGGCGGGGGGGGCGCCGGCCCCGCGCCGCGGGGGCGCCGGGG	GGGGGGGCGGGCGGGGCCCGGGGCCGGGGCCGGGGCGGCGCCGGGG	20456970	20457269	20457270	20457223	20457268	1	24147362	24147661	24147363	24147424	24147469	192	191
LigP_21437367_21437680	upstream_LG	downstream_LG	29	82.759	229	257	134	162	0.26	GCCGCCGCCGGCCGGGGCGCGCCGCCGCC	GCCGCCGCCCGGGGGGCCGCGCCGGCGCC	21437068	21437367	21437368	21437297	21437325	42	21437680	21437979	21437681	21437814	21437842	137	95
LigP_104977000_104978577	upstream_LG	downstream_LG	31	83.871	30	60	37	67	0.017	GGCGGCCCCGGGCCCCGCGGCCCGGGGGCCC	GGCGGGCCCGGGGGCCCCGGCGCGGGGGCCC	104976701	104977000	104977001	104976731	104976761	239	104978577	104978876	104978578	104978614	104978644	232	7
LigP_95535220_96845294	upstream_LG	downstream_LG	33	87.879	188	220	148	180	4.34e-06	CGGGCCGCGGCGGCCCCGCCCCGCCGGGGGCGC	CGGGCCGCGCCCGCCCCGCGCCCCCGGGGGCGC	95534921	95535220	95535221	95535109	95535141	79	96845294	96845593	96845295	96845442	96845474	119	40
LigP_99516275_99516936	upstream_LG	downstream_LG	41	82.927	215	255	126	166	0.001	CGCGCGCCCCGCGGGCGGCGGCCCCCCCCCCCCCGCCCGGG	CGCGCGCCGCGGGGGCGGGGGCCGCCGCCCGCCCCCCCGGG	99515976	99516275	99516276	99516191	99516231	44	99516936	99517235	99516937	99517062	99517102	133	89
LigP_54792459_54827844	upstream_LG	downstream_LG	30	90.0	246	275	175	204	1.1e-06	CCGGGCCCCCCGCCCCCCCGCGCCCCCCGC	CCGGGCCCCGCGCCCCCCCCCCCCCCCCGC	54792160	54792459	54792460	54792406	54792435	24	54827844	54828143	54827845	54828019	54828048	95	71
LigP_100112245_100376252	upstream_LG	downstream_LG	40	85.0	29	68	223	262	1.72e-05	GCCGGCCGCCGCGGGCGCCCGGCCCGCCCCGCCCCCCCGG	GCCGCCCGCCGCGCGCGCCGGGGGCGCCCGGCCCCCCCGG	100111946	100112245	100112246	100111975	100112014	231	100376252	100376551	100376253	100376475	100376514	37	194
LigP_81436736_104356366	upstream_LG	downstream_LG	42	83.333	14	55	205	246	0.000268	CGCCGGCCCCGGGCCCGGGCCCGCCCCGCGCCCGCCGGCCCC	CGCCGGGCCCCGGCCCGCGCCCGCGGCCCGCCCCCCGGCCCC	81436437	81436736	81436737	81436451	81436492	244	104356366	104356665	104356367	104356571	104356612	53	191
LigP_67600382_78825338	upstream_LG	downstream_LG	29	86.207	131	159	14	42	0.001	GCCCGGCCGCCCGCGCCGCGCGGCGCCGC	GCCCCGCCCCCCCCGCCGCGCGGCCCCGC	67600083	67600382	67600383	67600214	67600242	140	78825338	78825637	78825339	78825352	78825380	257	117
LigP_105387659_105493926	upstream_LG	downstream_LG	32	84.375	107	138	234	265	0.004	CCCCCGCGCCCGCGGGGCCCCCCCGCGCCGCG	CCCCCGCGCCCCGGGCCCCCGCCCGCGCCGCG	105387360	105387659	105387660	105387467	105387498	161	105493926	105494225	105493927	105494160	105494191	34	127
LigP_55129358_58331812	upstream_LG	downstream_LG	32	87.5	254	285	157	188	1.72e-05	GGGGCGCGGGGGGCGCGGCCCCGGCCGGGCGG	GGGGCGGGGGGGGCGCGCCCCGGGGCGGGCGG	55129059	55129358	55129359	55129313	55129344	14	58331812	58332111	58331813	58331969	58332000	111	97
LigP_104191694_104192546	upstream_LG	downstream_LG	32	84.375	53	84	169	200	0.004	CCGGGGGCCGGCCCCGGGCCGGGGCGGGCGCG	CCGGGGCCCGCCCGCGGGCCCCGGCGGGCGCG	104191395	104191694	104191695	104191448	104191479	215	104192546	104192845	104192547	104192715	104192746	99	116
LigP_104885131_104932900	upstream_LG	downstream_LG	50	82.0	103	152	107	156	0.000268	CGCCCGCGGGGGGCGGGGGGCGGGGGCGGCGCCGGGGGCGGCGGGCGGGG	CGCCCGCGGGGGGGGGCGGCCGGGGCCCGGGCCGGGGCCGGGGGGGGGGG	104884832	104885131	104885132	104884935	104884984	147	104932900	104933199	104932901	104933007	104933056	143	4
LigP_21406991_21437016	upstream_LG	downstream_LG	33	81.818	49	81	88	120	0.26	CCGCCCGGCGCCGCGGCCCGGGCCCCCCCCCCC	CCGCCGGGCCCCCCGGCCCGCGGCCCCCGCCCC	21406692	21406991	21406992	21406741	21406773	218	21437016	21437315	21437017	21437104	21437136	179	39
LigP_103545437_103551200	upstream_LG	downstream_LG	44	81.818	147	190	235	278	0.004	CCGGGGCGCGGCGGGGGGGCGCCCGCCCCCCGGGGCGCGGGGGG	CCGGGGGGCGGGGGGCGGGCCCGCCCCCCGCGGGGCGGGGGGGG	103545138	103545437	103545438	103545285	103545328	109	103551200	103551499	103551201	103551435	103551478	21	88
LigP_104192836_104192756	upstream_LG	downstream_LG	30	86.667	124	153	74	103	0.000268	CCGGGGGCGGGGGGGGGGGGGGGGGCCGGG	CCGGGGGCCGGGCGGGGGGGCGGGGGCGGG	104192537	104192836	104192837	104192661	104192690	146	104192756	104193055	104192757	104192830	104192859	196	50
LigP_69574345_69574271	upstream_LG	downstream_LG	30	86.667	143	172	166	195	0.000268	GCCGGGGGGCCGGGGGGGGCCCCCGGGGGC	GCCGGGGCGCCGCGGGGGGGCCCGGGGGGC	69574046	69574345	69574346	69574189	69574218	127	69574271	69574570	69574272	69574437	69574466	104	23
LigP_91324875_91332258	upstream_LG	downstream_LG	35	82.857	235	269	34	68	0.017	CCCCGGCCCCCGGCCGGGGCGGGCGGGCCCGCCCG	CCCCGGCCCCCCCCCGCGGGCGGCGGCCCCGCCCG	91324576	91324875	91324876	91324811	91324845	30	91332258	91332557	91332259	91332292	91332326	231	201
LigP_105919140_105919592	upstream_LG	downstream_LG	29	86.207	226	254	12	40	0.001	CCCCGGCCCCGGCGGGCCCCGGGGCGGGC	CCCCGGCCCCCGGGGCCCCCGGGGGGGGC	105918841	105919140	105919141	105919067	105919095	45	105919592	105919891	105919593	105919604	105919632	259	214
