LigP_ID	query_ID	subject_ID	length	perc_id	q_start	q_end	s_start	s_end	evalue	q_seq	s_seq	start_harbor	end_harbor	end_LG1	start_homolog1	end_homolog1	LG1_distance	start_harbor2	end_harbor2	end_LG2	start_homolog2	end_homolog2	LG2_distance	Ligshift
LigP_18436406_18437136	upstream_LG	downstream_LG	33	84.848	244	276	71	103	0.001	CCCCGGCCGCGCCGCCGGGGCCCGGGGCCGCCC	CCCCGGCCGCGGGCCCGGGGCCGGGGGGCGCCC	18436107	18436406	18436407	18436351	18436383	23	18437136	18437435	18437137	18437207	18437239	196	173
LigP_19541367_19776261	upstream_LG	downstream_LG	34	88.235	239	272	25	58	1.1e-06	GGGCCGGGCCCGGGGGGGGGGGCGGGGCCGGGGG	GGGCCGGGCGCCGGGGGGGGCGCCGGGCCGGGGG	19541068	19541367	19541368	19541307	19541340	27	19776261	19776560	19776262	19776286	19776319	241	214
LigP_19775842_19776256	upstream_LG	downstream_LG	29	82.759	45	73	137	165	0.26	GGCGGGCCCCCCGCCCGGGGCGGGGGCGC	GGCGGGCGCCCGGCCCGCGCCCGGGGCGC	19775543	19775842	19775843	19775588	19775616	226	19776256	19776555	19776257	19776393	19776421	134	92
LigP_49561214_49851047	upstream_LG	downstream_LG	31	90.323	182	212	3	33	2.78e-07	GCGGGCCCCGGCCGGGGCCGGGGCGCGGGCC	GCGGGGCCCGGGCGGGGGCGGGGCGCGGGCC	49560915	49561214	49561215	49561097	49561127	87	49851047	49851346	49851048	49851050	49851080	266	179
LigP_5618770_5622548	upstream_LG	downstream_LG	39	84.615	221	259	182	220	6.78e-05	GCGGCGGCCCGCGGCGCCCGCGCGGGCCGGGGGCGGGGG	GCGGCCGCCGGCGGCGCGCGGCCGGGCCGGCGGCGGGGG	5618471	5618770	5618771	5618692	5618730	40	5622548	5622847	5622549	5622730	5622768	79	39
LigP_9769008_19776282	upstream_LG	downstream_LG	30	96.667	220	249	2	31	1.85e-11	GGCGCCGGGGGCGGCGCCGGGCCGGGGGGC	GGCGCCGGGGGGGGCGCCGGGCCGGGGGGC	9768709	9769008	9769009	9768929	9768958	50	19776282	19776581	19776283	19776284	19776313	268	218
LigP_49851330_49856203	upstream_LG	downstream_LG	49	81.633	41	89	160	208	0.001	GGGCCCCGCCCCCCCGCGCCGCCCCGGCGCGCCCCGGCCGCGCCCCCCC	GGGCCCCGCGCCCCCCCCCCGCGCCGGGCCGCCCCCGCGGCGCCGCCCC	49851031	49851330	49851331	49851072	49851120	210	49856203	49856502	49856204	49856363	49856411	91	119
LigP_19775719_19776255	upstream_LG	downstream_LG	29	82.759	168	196	138	166	0.26	GGCGGGCCCCCCGCCCGGGGCGGGGGCGC	GGCGGGCGCCCGGCCCGCGCCCGGGGCGC	19775420	19775719	19775720	19775588	19775616	103	19776255	19776554	19776256	19776393	19776421	133	30
LigP_56121023_56140914	upstream_LG	downstream_LG	42	83.333	7	48	178	219	0.000268	CCGGCCCCCCCCCGGGGCCGCCGCCGCCCCCGGCCGCGGCCG	CCGGCCCCCGCCCGGGGGCCGCCCCGCCCCCGCCCGCCGCCG	56120724	56121023	56121024	56120731	56120772	251	56140914	56141213	56140915	56141092	56141133	80	171
LigP_5127257_5128946	upstream_LG	downstream_LG	30	86.667	171	200	197	226	0.000268	GCCCCGGCCGGCCGCCCCCGGGGGCCCGGG	GCCCCGCCCGGCCCCGCCCGCGGGCCCGGG	5126958	5127257	5127258	5127129	5127158	99	5128946	5129245	5128947	5129143	5129172	73	26
LigP_5610366_5622573	upstream_LG	downstream_LG	40	82.5	175	214	239	278	0.004	GCGCGCGGGGGGCCGGGGGCCCGGGCGGCGGGGGCCGGGC	GCGCGCGCGCGGCCGCGGGGCGGGGCGGGGGGGGGCGGGC	5610067	5610366	5610367	5610242	5610281	85	5622573	5622872	5622574	5622812	5622851	21	64
LigP_5134077_5136019	upstream_LG	downstream_LG	38	84.211	197	234	221	258	0.000268	CCCCCGGGCCGGGGGGGGGCCCGGCGCGGCGGCCGCGC	CCCCGGGGGCGGGGGCGGGCCGGGCGCCCCGGCCGCGC	5133778	5134077	5134078	5133975	5134012	65	5136019	5136318	5136020	5136240	5136277	41	24
LigP_5621812_5622567	upstream_LG	downstream_LG	37	86.486	93	129	20	56	4.34e-06	GGGCCGCGGGCGGGGGCCCCGGGGCCGGGGCCGGGGG	GGGCCGCGGGCGGCCGGCCCGCGGGCGGGGCCGGGGG	5621513	5621812	5621813	5621606	5621642	170	5622567	5622866	5622568	5622587	5622623	243	73
LigP_10718448_10797836	upstream_LG	downstream_LG	41	85.366	183	223	233	273	4.34e-06	GCCCGCCGCGGGCCGCCGCGGCGGGCGGCCGGGGCGCCGGC	GCCCGCCCCGGGGCGGCGGGGCGGGCGCCCGGGCCGCCGGC	10718149	10718448	10718449	10718332	10718372	76	10797836	10798135	10797837	10798069	10798109	26	50
LigP_19503430_19776249	upstream_LG	downstream_LG	40	85.0	169	208	44	83	1.72e-05	GGGGGGCGGCCGCGGGGCGGGCCCCGGGCGGGGCGGCGGG	GGGGGGCGGGCCCGGGCCGGGCGCCGGGGGGGGCGCCGGG	19503131	19503430	19503431	19503300	19503339	91	19776249	19776548	19776250	19776293	19776332	216	125
LigP_19532672_19776255	upstream_LG	downstream_LG	31	83.871	250	280	251	281	0.017	CCGCCCCCGGCGCCGCGGGGGCGGCCGCCCC	CCGCGCCCGGCGCGCCGGGGGCCGCGGCCCC	19532373	19532672	19532673	19532623	19532653	19	19776255	19776554	19776256	19776506	19776536	18	1
LigP_4065990_4082098	upstream_LG	downstream_LG	32	84.375	2	33	89	120	0.004	GCGGCCGCCCGGGCCGCCGCCCCCCCCGGGGG	GCGGCCGCCCCGGGCCCCCCCCCCCCCCGGGG	4065691	4065990	4065991	4065693	4065724	266	4082098	4082397	4082099	4082187	4082218	179	87
LigP_1450381_1452093	upstream_LG	downstream_LG	42	85.714	71	112	174	215	1.1e-06	GCGCCGCCCGCCCGGGCCCGGGCCGGGCCCCGCCCGCCCCGG	GCGCCCCCCGCGCGGCCCCCGGCCGGCCCCCGCCGGCCCCGG	1450082	1450381	1450382	1450153	1450194	187	1452093	1452392	1452094	1452267	1452308	84	103
LigP_10718444_10810457	upstream_LG	downstream_LG	30	83.333	136	165	228	257	0.065	CCGGCGGGCCGCGGGGCGCCCCCGGCCCCG	CCGGGGGGGCGCGGGGCCCCCGCGCCCCCG	10718145	10718444	10718445	10718281	10718310	134	10810457	10810756	10810458	10810685	10810714	42	92
LigP_4066096_4077759	upstream_LG	downstream_LG	30	86.667	190	219	116	145	0.000268	CCCCCCCCCCGCGCCGCCCCCGCCCGCGGG	CCCCCCCGCGGCCCCGCCCCCGCCCCCGGG	4065797	4066096	4066097	4065987	4066016	80	4077759	4078058	4077760	4077875	4077904	154	74
LigP_1605427_2165136	upstream_LG	downstream_LG	32	87.5	142	173	150	181	1.72e-05	GCCCCCGGGGGCGCGCGCGGGCGCGGGGCGCG	GCCCCCGGGGGCCGGCGCGGGCCCGGCGCGCG	1605128	1605427	1605428	1605270	1605301	126	2165136	2165435	2165137	2165286	2165317	118	8
LigP_4063499_4065619	upstream_LG	downstream_LG	36	86.111	190	225	201	236	1.72e-05	CCCCCGGCCGCGGGGCCCGGGGCCCCGCCCGCCCCC	CCCCCGGCCGCGCGGCCCGCGGGCCGGCCCCCCCCC	4063200	4063499	4063500	4063390	4063425	74	4065619	4065918	4065620	4065820	4065855	63	11
LigP_10718453_10829160	upstream_LG	downstream_LG	43	86.047	52	94	88	130	2.78e-07	GGGGGCGCGGGGCGCCCGGGCCGGGGGCCGCCGGCGCCGCGGG	GGGGGGGCCGGGCCCCCGGGCCCGCGGCCGCCGGCGCCCCGGG	10718154	10718453	10718454	10718206	10718248	205	10829160	10829459	10829161	10829248	10829290	169	36
LigP_5621833_5622567	upstream_LG	downstream_LG	37	86.486	72	108	20	56	4.34e-06	GGGCCGCGGGCGGGGGCCCCGGGGCCGGGGCCGGGGG	GGGCCGCGGGCGGCCGGCCCGCGGGCGGGGCCGGGGG	5621534	5621833	5621834	5621606	5621642	191	5622567	5622866	5622568	5622587	5622623	243	52
LigP_1450426_7909360	upstream_LG	downstream_LG	34	85.294	229	262	211	244	0.000268	GGGGGGGCGGGGGCGCGGCCCCCGCCCCGCGCCG	GGGGGGGCCGGGGCCCCCCCCCCGCCCCGGGCCG	1450127	1450426	1450427	1450356	1450389	37	7909360	7909659	7909361	7909571	7909604	55	18
LigP_3383782_3387678	upstream_LG	downstream_LG	35	85.714	7	41	265	299	6.78e-05	GCCCCCCCGGGCCCCGGCCCCCCCCGCCCGCCGGG	GCCCGCCCGCGCCCCGGGCCCCCCGGGCCGCCGGG	3383483	3383782	3383783	3383490	3383524	258	3387678	3387977	3387679	3387943	3387977	0	258
LigP_5622117_5622573	upstream_LG	downstream_LG	29	89.655	137	165	244	272	4.34e-06	GCGCGGGCGCGGGGCGGGCCGGCGGGGGG	GCGCGGCCGCGGGGCGGGGCGGGGGGGGG	5621818	5622117	5622118	5621955	5621983	134	5622573	5622872	5622574	5622817	5622845	27	107
LigP_49851332_49852046	upstream_LG	downstream_LG	33	84.848	5	37	205	237	0.001	GCGGGGCCGCCGGGCCCGCGCCCCGCCCCCGCC	GCGGGGCCGCCGCGGCCCCGCGCCGCCCGCGCC	49851033	49851332	49851333	49851038	49851070	262	49852046	49852345	49852047	49852251	49852283	62	200
LigP_10173321_19776271	upstream_LG	downstream_LG	37	83.784	11	47	144	180	0.001	GCCGGGGCCGCGCGGGGCCGGGGGGGGGCCGGCGGGC	GCCGGGGCGGCGCGCGGCCCCGGGGGGGGGGGCGGGC	10173022	10173321	10173322	10173033	10173069	252	19776271	19776570	19776272	19776415	19776451	119	133
LigP_18994674_19776255	upstream_LG	downstream_LG	37	86.486	236	272	139	175	4.34e-06	GGGGGGGGGGGCCGGGGCGCGGCCCGCGGCGGGGGCG	GGGGGGGGGGGCGGGCGCCCGGCCCGCGCCCGGGGCG	18994375	18994674	18994675	18994611	18994647	27	19776255	19776554	19776256	19776394	19776430	124	97
LigP_13012165_13038422	upstream_LG	downstream_LG	29	86.207	87	115	172	200	0.001	CGCGCCCCCCGCGCCGCGGGCGGGGCGGG	CGCGCCCCGCGCGCGCCGGGCCGGGCGGG	13011866	13012165	13012166	13011953	13011981	184	13038422	13038721	13038423	13038594	13038622	99	85
LigP_5589613_5622566	upstream_LG	downstream_LG	35	88.571	212	246	16	50	2.78e-07	GGGCGCCCGGCCCGCGGGGGGGGGCGGGGCGGCGG	GGGCGGCCGGCCCGCGGGCGGGGCCGGGGGGGCGG	5589314	5589613	5589614	5589526	5589560	53	5622566	5622865	5622567	5622582	5622616	249	196
LigP_35201285_35267837	upstream_LG	downstream_LG	30	86.667	195	224	86	115	0.000268	CCCCCCCGCGCCCGCGGGGGGGGCGGCGGG	CCCCGCCGGGCCCGGGGGGGGCGCGGCGGG	35200986	35201285	35201286	35201181	35201210	75	35267837	35268136	35267838	35267923	35267952	184	109
LigP_867418_868723	upstream_LG	downstream_LG	39	84.615	71	109	189	227	6.78e-05	CGGGGCCGGGGGCCGCCCCGGGGCCCGCCCCCCGGGGGG	CGGGGCCCCGGGCCGGCCCGGGGCCGGCCGCCCGCGGGG	867119	867418	867419	867190	867228	190	868723	869022	868724	868912	868950	72	118
LigP_19776003_19776256	upstream_LG	downstream_LG	30	83.333	37	66	65	94	0.065	GGGCGGGGCCGGCGGCCCCGGGCGCGGGCC	GGGCGCGGCCGGGGGCGCGGGGGGCGGGCC	19775704	19776003	19776004	19775741	19775770	233	19776256	19776555	19776257	19776321	19776350	205	28
LigP_5622532_5622568	upstream_LG	downstream_LG	34	85.294	212	245	66	99	0.000268	CCCCGGGCCCGGGGGCCGCGGCGGCGGGCGCGGG	CCCCCGGCCCGGGCGCCGCGGGGGCCGGGGCGGG	5622233	5622532	5622533	5622445	5622478	54	5622568	5622867	5622569	5622634	5622667	200	146
LigP_7956193_8145827	upstream_LG	downstream_LG	46	82.609	186	231	246	291	0.000268	GGGCGGGCCCCCCCGGGCGGGGCGGGGCGCGCCCGGGCCCCCGGCC	GGGCGGCCCCCCGCGGGGGGGGGGGGGGGCCCGCGGGGCCCCGGCC	7955894	7956193	7956194	7956080	7956125	68	8145827	8146126	8145828	8146073	8146118	8	60
LigP_2810213_2810440	upstream_LG	downstream_LG	37	86.486	55	91	129	165	4.34e-06	CCCGCCCGGGCCCGGCCGCCCCCGGGCCCCGGCCCCC	CCCGCCCCGGCCCGCCCCGCCCGGGGCCCCGGCCCCC	2809914	2810213	2810214	2809969	2810005	208	2810440	2810739	2810441	2810569	2810605	134	74
LigP_10718488_40741952	upstream_LG	downstream_LG	39	82.051	171	209	35	73	0.017	CCGGGGCGCCGGCGGGGGCCCGGCGCCGGGGGGCCCCGC	CCGGGGCGCCGCCCGGGCCCCCGGGCCGCCGGGCCCCGC	10718189	10718488	10718489	10718360	10718398	90	40741952	40742251	40741953	40741987	40742025	226	136
LigP_1605424_1651474	upstream_LG	downstream_LG	31	87.097	63	93	154	184	6.78e-05	GGGGCGCGCCGCCCCGCCCCCCGGCCCCGGC	GGGGCGCCCCGGCGCGCCCCCCGCCCCCGGC	1605125	1605424	1605425	1605188	1605218	206	1651474	1651773	1651475	1651628	1651658	115	91
LigP_55082218_55339404	upstream_LG	downstream_LG	32	84.375	190	221	69	100	0.004	GCGGGCCGGGCCGCCCCCGGGGGCCGGGCGCG	GCGGGCCCCGCCGGCCCCGGCGGCCGCGCGCG	55081919	55082218	55082219	55082109	55082140	78	55339404	55339703	55339405	55339473	55339504	199	121
LigP_49851329_49852065	upstream_LG	downstream_LG	33	84.848	8	40	186	218	0.001	GCGGGGCCGCCGGGCCCGCGCCCCGCCCCCGCC	GCGGGGCCGCCGCGGCCCCGCGCCGCCCGCGCC	49851030	49851329	49851330	49851038	49851070	259	49852065	49852364	49852066	49852251	49852283	81	178
LigP_802846_2456541	upstream_LG	downstream_LG	34	85.294	134	167	55	88	0.000268	CGGGCCCCGCCCCCCGCGCGGCCGGGGGCCGCGG	CGGGCCCCGCCCGCCGCGGGGCGCGCGGCCGCGG	802547	802846	802847	802681	802714	132	2456541	2456840	2456542	2456596	2456629	211	79
LigP_10718491_10719081	upstream_LG	downstream_LG	36	83.333	250	285	234	269	0.004	CCCGGGGCGCGGGGGGCGGGCCGGGGGCGGCGCGCC	CCCGGCGCCCGGGGGGGGGCCCCGGGGCGGGGCGCC	10718192	10718491	10718492	10718442	10718477	14	10719081	10719380	10719082	10719315	10719350	30	16
LigP_49851331_50628412	upstream_LG	downstream_LG	38	84.211	30	67	136	173	0.000268	GCCCCCGCCCGGGCCCCGCCCCCCCGCGCCGCCCCGGC	GCCCCCCCCCGGCCCCCGGGCCCCCGGGCCCCCCCGGC	49851032	49851331	49851332	49851062	49851099	232	50628412	50628711	50628413	50628548	50628585	126	106
LigP_44819568_45406139	upstream_LG	downstream_LG	54	81.481	65	118	48	101	0.000268	GGGGCCCCCGCGGCCCGCGGGGCCGGCCCCCGGGCGGCGGGGCCGGGCGGGCGG	GGGGCCCGGGCGCCCCGCGGGCCCGGGGCCCGGCCGGGGGGGGCGGGGGGGCGG	44819269	44819568	44819569	44819334	44819387	181	45406139	45406438	45406140	45406187	45406240	198	17
LigP_35266985_35267837	upstream_LG	downstream_LG	33	84.848	179	211	124	156	0.001	CGGCCGGCGGGGCGGCCCCGCGCGGGCCCCGCG	CGGCCGGGCGGGCGGCCCCCCCCGGGGCCCGCG	35266686	35266985	35266986	35266865	35266897	88	35267837	35268136	35267838	35267961	35267993	143	55
LigP_19663964_19776222	upstream_LG	downstream_LG	31	87.097	47	77	224	254	6.78e-05	CCCCGGGGCCCCGCCCCCGGCGGGCCCCGGG	CCCCGGGGCCGCGGCCCCGGCGCGCGCCGGG	19663665	19663964	19663965	19663712	19663742	222	19776222	19776521	19776223	19776446	19776476	45	177
LigP_2810231_15332643	upstream_LG	downstream_LG	33	87.879	251	283	64	96	4.34e-06	CGGGCCCGGCGCGCCGCCCGCGCGCCCGCCCCG	CGGGCCCGGCCCGCGGCCCGCCCGCCCCCCCCG	2809932	2810231	2810232	2810183	2810215	16	15332643	15332942	15332644	15332707	15332739	203	187
LigP_5622564_5622563	upstream_LG	downstream_LG	34	85.294	180	213	71	104	0.000268	CCCCGGGCCCGGGGGCCGCGGCGGCGGGCGCGGG	CCCCCGGCCCGGGCGCCGCGGGGGCCGGGGCGGG	5622265	5622564	5622565	5622445	5622478	86	5622563	5622862	5622564	5622634	5622667	195	109
LigP_1564900_1567641	upstream_LG	downstream_LG	38	86.842	236	273	118	155	1.1e-06	GGCGGGGGGGGGGGCGGGCGGGGGGGCGGGGCCGGGGC	GGCGGCGGGGGGCGCGGGCGGCGGGGCGGCCCCGGGGC	1564601	1564900	1564901	1564837	1564874	26	1567641	1567940	1567642	1567759	1567796	144	118
LigP_19776748_44093998	upstream_LG	downstream_LG	62	85.484	120	181	176	237	1.85e-11	CGGGCCGCCCCCGGGCCCGGCGCGGGCCGGGGCCGCGGCCCCGCGGCCCCGCGGCCGGGGGG	CGGGCCGGCCGCGGCCCCGCCGGGGGCCCGGGCCGCGCCCCCGCGGCGCCGCGCCCGGGGGG	19776449	19776748	19776749	19776569	19776630	118	44093998	44094297	44093999	44094174	44094235	62	56
LigP_7630547_7925047	upstream_LG	downstream_LG	29	82.759	23	51	101	129	0.26	GGGGGCGGGCGGCGGGGCCCCGGGGGGGC	GGGGGGGGGGGGGGGGGGCCGGGGGGGGC	7630248	7630547	7630548	7630271	7630299	248	7925047	7925346	7925048	7925148	7925176	170	78
LigP_32405851_32406803	upstream_LG	downstream_LG	32	84.375	22	53	122	153	0.004	GGGCCCGGCGCGGGCCGGGCGGGCGGGGGCGC	GGGCCCGGGGCGGGGGGGGGGGGGGGGGGCGC	32405552	32405851	32405852	32405574	32405605	246	32406803	32407102	32406804	32406925	32406956	146	100
LigP_56118923_56120724	upstream_LG	downstream_LG	29	82.759	125	153	246	274	0.26	CGGGGGGCGCGCGGGCGGGGCCCGGGGGG	CGGGGGGGGCGCGCGCGCGCGCCGGGGGG	56118624	56118923	56118924	56118749	56118777	146	56120724	56121023	56120725	56120970	56120998	25	121
LigP_1605460_1752445	upstream_LG	downstream_LG	45	86.667	43	87	205	249	1.78e-08	CCCCCCGGCCCCGGCCCCCCCCCCCGCCGCCGGGGGCGGCGGGGG	CCCCCCGCCCCCGGGGCCCCCCCCCGGCGCGGGGGGGGGCGGGGG	1605161	1605460	1605461	1605204	1605248	212	1752445	1752744	1752446	1752650	1752694	50	162
LigP_19775651_19776269	upstream_LG	downstream_LG	30	83.333	56	85	58	87	0.065	GGGGGCCGGCGCCGCCCGGGGGCCGGGGGG	GGGGGCGGGCGCGGCCGGGGGCGCGGGGGG	19775352	19775651	19775652	19775408	19775437	214	19776269	19776568	19776270	19776327	19776356	212	2
LigP_39507219_39508078	upstream_LG	downstream_LG	31	87.097	155	185	45	75	6.78e-05	CGCCGCCGCCGCGCCGGCCCCGCGGGCCCCC	CGCCGCGGCCCCCCCGGGCCCGCGGGCCCCC	39506920	39507219	39507220	39507075	39507105	114	39508078	39508377	39508079	39508123	39508153	224	110
LigP_19663647_19776296	upstream_LG	downstream_LG	30	83.333	45	74	179	208	0.065	CCGCCGCCCCGGCCCCGGCGGCCGGCGGCC	CCGCCGCCCCCGGCCCGCGGGCGGGCGGCC	19663348	19663647	19663648	19663393	19663422	225	19776296	19776595	19776297	19776475	19776504	91	134
LigP_42022837_42023309	upstream_LG	downstream_LG	33	84.848	87	119	261	293	0.001	CCGGGGGCGGGGGGGCCCCCCGGGCCCCGGCCC	CCGGGGGGGGGCGGGGCCCCGGGCCCCCGGCCC	42022538	42022837	42022838	42022625	42022657	180	42023309	42023608	42023310	42023570	42023602	6	174
LigP_49851426_49924349	upstream_LG	downstream_LG	39	84.615	217	255	240	278	6.78e-05	CCGCGCCCCGCGCCGCCCCGGCGCCGGGGGCCCCCCCGG	CCGCGCCCCGGCCCCCCCCGGCCCCGGGCCCCCCCCCGG	49851127	49851426	49851427	49851344	49851382	44	49924349	49924648	49924350	49924589	49924627	21	23
LigP_13826268_13864878	upstream_LG	downstream_LG	35	82.857	239	273	140	174	0.017	GCGGGGGGGCGGGGCCCGCGGGCCGGCGGGCGGGC	GCGGGGGGGCCGGGGGCGCGGGGGCGCGGGCGGGC	13825969	13826268	13826269	13826208	13826242	26	13864878	13865177	13864879	13865018	13865052	125	99
LigP_1450399_1837462	upstream_LG	downstream_LG	34	82.353	52	85	170	203	0.065	GGCGCCGCCCGCCCGGGCCCGGGCCGGGCCCCGC	GGCGCCGCCGCCGCGGGCGCGGCCCGGCCCCCGC	1450100	1450399	1450400	1450152	1450185	214	1837462	1837761	1837463	1837632	1837665	96	118
LigP_10718443_10759593	upstream_LG	downstream_LG	37	83.784	213	249	3	39	0.001	CGGCCGGGGCGCCGGCGGGGGCCCGGCGCCGGGGGGC	CGGCGGGGGCGCCGGCCCCGGCCGGGCCCCGGGGGGC	10718144	10718443	10718444	10718357	10718393	50	10759593	10759892	10759594	10759596	10759632	260	210
LigP_1260926_1266365	upstream_LG	downstream_LG	30	90.0	63	92	110	139	1.1e-06	GCGGGCGGGGGCCGGGCGCGCGCGGGGGGG	GCGGCCGGGGGCGGGGGGCGCGCGGGGGGG	1260627	1260926	1260927	1260690	1260719	207	1266365	1266664	1266366	1266475	1266504	160	47
LigP_764343_803032	upstream_LG	downstream_LG	30	83.333	44	73	158	187	0.065	CGGCCCGGGGGGGGGGGCCGGGCCCCCGGC	CGGCCCCGGGCGCGGGCCCGGGGCCCCGGC	764044	764343	764344	764088	764117	226	803032	803331	803033	803190	803219	112	114
LigP_19775775_19776300	upstream_LG	downstream_LG	30	83.333	36	65	171	200	0.065	CGCCCCCGCCGCCCGGGCGGGGGGGCCCGG	CGCCCCCGGCCCGCGGGCGGGCGGCCCCGG	19775476	19775775	19775776	19775512	19775541	234	19776300	19776599	19776301	19776471	19776500	99	135
LigP_49850826_49851034	upstream_LG	downstream_LG	36	83.333	3	38	164	199	0.004	CGGGGCGGGCGGGCGGGCCCGCGGGGGGCCGGGGGG	CGGGGGGGGCGGGCCGGGCCGCGCCGGGCCCGGGGG	49850527	49850826	49850827	49850530	49850565	261	49851034	49851333	49851035	49851198	49851233	100	161
LigP_5622543_5622567	upstream_LG	downstream_LG	34	85.294	201	234	67	100	0.000268	CCCCGGGCCCGGGGGCCGCGGCGGCGGGCGCGGG	CCCCCGGCCCGGGCGCCGCGGGGGCCGGGGCGGG	5622244	5622543	5622544	5622445	5622478	65	5622567	5622866	5622568	5622634	5622667	199	134
LigP_9584483_19776256	upstream_LG	downstream_LG	30	86.667	48	77	81	110	0.000268	GGCCGCCCCGGGGGGCGCGCGGGGCCGGGG	GGCCGCCGGGGGGGGCGGGCGCGGCCGGGG	9584184	9584483	9584484	9584232	9584261	222	19776256	19776555	19776257	19776337	19776366	189	33
LigP_20052524_55738208	upstream_LG	downstream_LG	34	85.294	4	37	113	146	0.000268	GGCCCCGGCCCGCGCCGGGGCCGGGGGCGGCCCG	GGCCCCGGCCCGCCGCGGCGCCCGGGGGGGCCCG	20052225	20052524	20052525	20052229	20052262	262	55738208	55738507	55738209	55738321	55738354	153	109
LigP_48625127_48625127	upstream_LG	downstream_LG	53	83.019	139	191	66	118	4.34e-06	GGCGGGGGGGGGGGGCGGGGCCCGGGCGGGGGGCGGGGGGGGGGCCCGCGGGG	GGCGGGGGGGGCGGGGCGGGGCGGGGGGGGGGGCGGGCGGGGGGGGCGCGGGG	48624828	48625127	48625128	48624967	48625019	108	48625127	48625426	48625128	48625193	48625245	181	73
LigP_8146258_8146198	upstream_LG	downstream_LG	30	83.333	202	231	96	125	0.065	CGCCCGCGCGGGCGCGCGGGCCGGGCCGGG	CGCCCGCCGGGGCGCCCCGGCCGGCCCGGG	8145959	8146258	8146259	8146161	8146190	68	8146198	8146497	8146199	8146294	8146323	174	106
LigP_417395_51964696	upstream_LG	downstream_LG	34	85.294	18	51	127	160	0.000268	GGGGGGCGGGCGGGGGCCCCGGCGGGGGGGGGCC	GGGGGGGGGGCCCGGGCCCGCGCGGGGGGGGGCC	417096	417395	417396	417114	417147	248	51964696	51964995	51964697	51964823	51964856	139	109
LigP_4670430_5622567	upstream_LG	downstream_LG	39	89.744	99	137	80	118	1.14e-09	CGGGCCCGGGCGCCGCCCCCGCCGGCCCCGGCGCCGCGG	CGGGCCCCGGCGCGGCCCCCCCCGGCCCGGGCGCCGCGG	4670131	4670430	4670431	4670230	4670268	162	5622567	5622866	5622568	5622647	5622685	181	19
LigP_10086275_39866559	upstream_LG	downstream_LG	29	86.207	229	257	246	274	0.001	GCCCGGGCCCGGGGCGCGGGGGCGGGGGC	GCCCGGGCCCGCCGCGGCGGGGCGGGGGC	10085976	10086275	10086276	10086205	10086233	42	39866559	39866858	39866560	39866805	39866833	25	17
LigP_2060149_2061279	upstream_LG	downstream_LG	50	86.0	251	300	80	129	4.51e-09	GCGCCCCCCCCCCCCCCCGCCGCCGGGGGGCGGGGCCCGGGGGGCGCCCG	GCGCCCCCCGGCCCCCCCGCCGCCCCGGGGCGCCGCGCGGGGGGCGCCCG	2059850	2060149	2060150	2060101	2060150	-1	2061279	2061578	2061280	2061359	2061408	170	171
LigP_49851329_49851930	upstream_LG	downstream_LG	36	86.111	152	187	24	59	1.72e-05	CGCCCCGGCGGCGCGCCCCCCGGGCCCGGCGCGGCC	CGCCCCGGGCGCGCGCCCCGCGGGCGCGGGGCGGCC	49851030	49851329	49851330	49851182	49851217	112	49851930	49852229	49851931	49851954	49851989	240	128
LigP_10718443_10792290	upstream_LG	downstream_LG	37	91.892	89	125	166	202	7.31e-11	CCGCCGGCGCCGCGGGCGGCCGCGGGGCGGGGGGGCC	CCGCCGGCGCCGCGGGCGGCGGGGGGGCGGGGCGGCC	10718144	10718443	10718444	10718233	10718269	174	10792290	10792589	10792291	10792456	10792492	97	77
LigP_1560983_1567641	upstream_LG	downstream_LG	34	85.294	22	55	213	246	0.000268	CGCCCCGCCCCGCCCCGGCCCGGGCGGCGGCGCC	CGCCCCGCCCGGCGCCGGGCCGGCCGCCGGCGCC	1560684	1560983	1560984	1560706	1560739	244	1567641	1567940	1567642	1567854	1567887	53	191
LigP_5622572_5622567	upstream_LG	downstream_LG	34	85.294	172	205	67	100	0.000268	CCCCGGGCCCGGGGGCCGCGGCGGCGGGCGCGGG	CCCCCGGCCCGGGCGCCGCGGGGGCCGGGGCGGG	5622273	5622572	5622573	5622445	5622478	94	5622567	5622866	5622568	5622634	5622667	199	105
LigP_12551257_19776269	upstream_LG	downstream_LG	36	88.889	217	252	43	78	7.04e-08	CGCGGCCGGGGGGGCGGGGGGCCGGGCCGCGCCGGG	CGCGGCCGGGGGCGCGGGGGGCGGGCCCGGGCCGGG	12550958	12551257	12551258	12551175	12551210	47	19776269	19776568	19776270	19776312	19776347	221	174
LigP_8977738_19776255	upstream_LG	downstream_LG	37	83.784	223	259	41	77	0.001	GGGGGGGGGGCGGGGGCGGGGCGCCGGGCCGGGCGCC	GGGGGGCGGGCCCGGGCCGGGCGCCGGGGGGGGCGCC	8977439	8977738	8977739	8977662	8977698	40	19776255	19776554	19776256	19776296	19776332	222	182
LigP_10718506_10719214	upstream_LG	downstream_LG	36	83.333	235	270	101	136	0.004	CCCGGGGCGCGGGGGGCGGGCCGGGGGCGGCGCGCC	CCCGGCGCCCGGGGGGGGGCCCCGGGGCGGGGCGCC	10718207	10718506	10718507	10718442	10718477	29	10719214	10719513	10719215	10719315	10719350	163	134
LigP_36105130_54449314	upstream_LG	downstream_LG	41	85.366	230	270	210	250	4.34e-06	CCCCGGGGGCCCGGGCGCCCCGGGCGGGCGGGCCGGCGGCC	CCCCGGGGCCCCGGGGGCCCCGGGGGGGGGGGGCGGGGGCC	36104831	36105130	36105131	36105061	36105101	29	54449314	54449613	54449315	54449524	54449564	49	20
LigP_10625986_10718145	upstream_LG	downstream_LG	30	86.667	252	281	261	290	0.000268	CCCGCCCCGGGCCCCCCCCGCCCCCGCCCG	CCCGCCCGCGGCCCCCGCCGCGCCCGCCCG	10625687	10625986	10625987	10625939	10625968	18	10718145	10718444	10718146	10718406	10718435	9	9
LigP_10718491_10810265	upstream_LG	downstream_LG	44	81.818	252	295	111	154	0.004	CGGGGCGCGGGGGGCGGGCCGGGGGCGGCGCGCCGCGCGCCGCC	CGGGCCGCGGGCGGCGGGCGGGGGCCCGCCGGCCGCCCGCCGCC	10718192	10718491	10718492	10718444	10718487	4	10810265	10810564	10810266	10810376	10810419	145	141
LigP_9828411_19776256	upstream_LG	downstream_LG	32	81.25	193	224	128	159	1.0	CGCCCGCCCCCCGCCCCGCGCGGCCCCGGCCG	CGCCCGGCCCGCGCCCGGGGCGCCGCCGGCCG	9828112	9828411	9828412	9828305	9828336	75	19776256	19776555	19776257	19776384	19776415	140	65
LigP_583634_662592	upstream_LG	downstream_LG	29	86.207	219	247	65	93	0.001	CCGGGCCCCGGCGGCCGCGGCGGGGGCGC	CCGGGGCCCGGCGGGCGGGGGGGGGGCGC	583335	583634	583635	583554	583582	52	662592	662891	662593	662657	662685	206	154
LigP_12985296_13038447	upstream_LG	downstream_LG	35	85.714	59	93	226	260	6.78e-05	GGGCGCCGGGGGGGCGGCCGCCGCGCGGCGGGCCG	GGGCGCCGGGCCGGCCGCGGCCGGGCGGCGGGCCG	12984997	12985296	12985297	12985056	12985090	206	13038447	13038746	13038448	13038673	13038707	39	167
LigP_44819428_44847340	upstream_LG	downstream_LG	31	87.097	241	271	82	112	6.78e-05	GCGGGGCCGGGCGGGCGGCCCCCCGGCCCCG	GCGGGGCCGGGCCCCCCGCCCCCCGGCCCCG	44819129	44819428	44819429	44819370	44819400	28	44847340	44847639	44847341	44847422	44847452	187	159
LigP_19775867_19776261	upstream_LG	downstream_LG	29	82.759	20	48	132	160	0.26	GGCGGGCCCCCCGCCCGGGGCGGGGGCGC	GGCGGGCGCCCGGCCCGCGCCCGGGGCGC	19775568	19775867	19775868	19775588	19775616	251	19776261	19776560	19776262	19776393	19776421	139	112
LigP_1605440_1823966	upstream_LG	downstream_LG	35	91.429	166	200	88	122	1.14e-09	GCGGGGCCGGGCCGGGGCGGGGGCGCGGGCGGGGC	GCGGGGCCGGGCCGGGGCGCCGGCGCGGCCGGGGC	1605141	1605440	1605441	1605307	1605341	99	1823966	1824265	1823967	1824054	1824088	177	78
LigP_5621748_5622568	upstream_LG	downstream_LG	37	86.486	157	193	19	55	4.34e-06	GGGCCGCGGGCGGGGGCCCCGGGGCCGGGGCCGGGGG	GGGCCGCGGGCGGCCGGCCCGCGGGCGGGGCCGGGGG	5621449	5621748	5621749	5621606	5621642	106	5622568	5622867	5622569	5622587	5622623	244	138
LigP_45497357_49850950	upstream_LG	downstream_LG	33	81.818	267	299	106	138	0.26	GCGGGGGCGCGGGCCCCCGGGCGGGCCGGGGCG	GCGGGGGGGCGGGGCCCGGGCGGGGGCGGGGCG	45497058	45497357	45497358	45497325	45497357	0	49850950	49851249	49850951	49851056	49851088	161	161
LigP_55354095_58457232	upstream_LG	downstream_LG	34	82.353	29	62	210	243	0.065	GCCCCGCGCGCGCCCGGCCCGGCGCCCCCCCCGC	GCCCCGCCCGCCCCGGGGCCGCCGCCGCCCCCGC	55353796	55354095	55354096	55353825	55353858	237	58457232	58457531	58457233	58457442	58457475	56	181
LigP_1605440_1748399	upstream_LG	downstream_LG	38	86.842	246	283	196	233	1.1e-06	CGGGCCCGGGGGCCGGGCCGCCGCCGCGGCGGGGCCGC	CGGGCCGGGGGGCCCGGGCGGGGCCGCGGCGGGGCCGC	1605141	1605440	1605441	1605387	1605424	16	1748399	1748698	1748400	1748595	1748632	66	50
LigP_290675_290697	upstream_LG	downstream_LG	46	84.783	74	119	142	187	1.1e-06	CCCCGGGGGGGGGCCCCCCCCCGGGGGCGGGGGGGCCCGGCCCCCG	CCCCGGGGCGGGCGCCCCCGCCGCGCGCGGGGGGGGCCGGCCCCCG	290376	290675	290676	290450	290495	180	290697	290996	290698	290839	290884	112	68
LigP_37994960_55091904	upstream_LG	downstream_LG	46	82.609	223	268	65	110	0.000268	GCGGGCCCCGCGGCCGGCGCGGGGGCGCCCGCCCGGGGCCCCGGGC	GCGGGCCGCCCGGCGGGCGGGCGGGCGCCCGGCGGGGGCCCGGGGC	37994661	37994960	37994961	37994884	37994929	31	55091904	55092203	55091905	55091969	55092014	189	158
LigP_1567964_19560159	upstream_LG	downstream_LG	31	90.323	132	162	93	123	2.78e-07	GCCGCGCCGCCCCCGGCCGCCCCCCCCCCGC	GCCGCGGCGCCCCCGCCCGCCCCCCGCCCGC	1567665	1567964	1567965	1567797	1567827	137	19560159	19560458	19560160	19560252	19560282	176	39
LigP_18290710_18300951	upstream_LG	downstream_LG	36	86.111	213	248	6	41	1.72e-05	GGGGCCGCCCCCGCCCGCGGCCCCGCGGGCCCCCGG	GGGGCCGGCCCCCCCCGGGGCCCCCCGGGGCCCCGG	18290411	18290710	18290711	18290624	18290659	51	18300951	18301250	18300952	18300957	18300992	258	207
LigP_10718443_10815109	upstream_LG	downstream_LG	29	89.655	12	40	43	71	4.34e-06	GGCGGCCGCGGGCGCCGCGGGGCCGGGCC	GGCGGCGGCGGGGGGCGCGGGGCCGGGCC	10718144	10718443	10718444	10718156	10718184	259	10815109	10815408	10815110	10815152	10815180	228	31
LigP_10987631_19776256	upstream_LG	downstream_LG	40	85.0	175	214	30	69	1.72e-05	GGGCCCGGGGCGGGCGCGGGGGGCGCCCCCGGGCGGGGGG	GGGCCCGGGCCGGGCGCCGGGGGGGGCGCCGGGCCGGGGG	10987332	10987631	10987632	10987507	10987546	85	19776256	19776555	19776257	19776286	19776325	230	145
LigP_19775816_19776255	upstream_LG	downstream_LG	29	82.759	71	99	138	166	0.26	GGCGGGCCCCCCGCCCGGGGCGGGGGCGC	GGCGGGCGCCCGGCCCGCGCCCGGGGCGC	19775517	19775816	19775817	19775588	19775616	200	19776255	19776554	19776256	19776393	19776421	133	67
LigP_14206922_19776255	upstream_LG	downstream_LG	34	88.235	148	181	51	84	1.1e-06	GGGGCGCGCGGGCCGGGCCGGCGCCGGGCGCCGG	GGGGCGCGGGGGGCGGGCCCGGGCCGGGCGCCGG	14206623	14206922	14206923	14206771	14206804	118	19776255	19776554	19776256	19776306	19776339	215	97
LigP_5599897_5622577	upstream_LG	downstream_LG	38	86.842	72	109	108	145	1.1e-06	GCGGCGGCGGGGGCGGCGCCGCCCGGGCGGGGCCGCCC	GCGGCGGCGGCGGGGGCCCCGCCCGGGCCGGGCGGCCC	5599598	5599897	5599898	5599670	5599707	190	5622577	5622876	5622578	5622685	5622722	154	36
LigP_10335262_10335695	upstream_LG	downstream_LG	34	88.235	257	290	221	254	1.1e-06	CCCGGCCCCCCGGCGCCGGGCGGGCCCGGGCCCC	CCCGCCCCCCCGGCGGCCGGCGGGCCGGGGCCCC	10334963	10335262	10335263	10335220	10335253	9	10335695	10335994	10335696	10335916	10335949	45	36
LigP_32089360_32089863	upstream_LG	downstream_LG	38	84.211	263	300	6	43	0.000268	GGGGCCCGCCCCCGCGGCCCCGGGGCGGCGGCGCCGGG	GGGGCCCCGCCCGGCGCCCCCGGGGGGGCGCCGCCGGG	32089061	32089360	32089361	32089324	32089361	-1	32089863	32090162	32089864	32089869	32089906	256	257
LigP_13038462_13038409	upstream_LG	downstream_LG	30	83.333	156	185	83	112	0.065	GCCCCCCCCGCCCCCCGGGCCGCCCCCCCC	GCCCCCCCCCGCCCCCGCCCCGCCCGCCCC	13038163	13038462	13038463	13038319	13038348	114	13038409	13038708	13038410	13038492	13038521	187	73
LigP_10420197_10502615	upstream_LG	downstream_LG	31	83.871	1	31	118	148	0.017	GCGCGCGGCCGCGCGCGCGGCCGGGCCCGGG	GCGCGCGGCGGCGGGGGCGCCGGGGCCCGGG	10419898	10420197	10420198	10419899	10419929	268	10502615	10502914	10502616	10502733	10502763	151	117
LigP_49851462_49852570	upstream_LG	downstream_LG	35	88.571	148	182	215	249	2.78e-07	CGCCCGGCCCGCGCCCGCCGCGGCCCGCCCGCGCC	CGCCCGGCCCGCGCGCGCGGCGGCGCGCGCGCGCC	49851163	49851462	49851463	49851311	49851345	117	49852570	49852869	49852571	49852785	49852819	50	67
LigP_10271311_10357805	upstream_LG	downstream_LG	29	86.207	139	167	208	236	0.001	CGGCCCCGCCGCGGCCCCCGGCGGCCCCC	CGGCCCCGGCGCGGGCCCGGGCGCCCCCC	10271012	10271311	10271312	10271151	10271179	132	10357805	10358104	10357806	10358013	10358041	63	69
LigP_5622543_5622558	upstream_LG	downstream_LG	34	85.294	201	234	76	109	0.000268	CCCCGGGCCCGGGGGCCGCGGCGGCGGGCGCGGG	CCCCCGGCCCGGGCGCCGCGGGGGCCGGGGCGGG	5622244	5622543	5622544	5622445	5622478	65	5622558	5622857	5622559	5622634	5622667	190	125
LigP_38217749_38223923	upstream_LG	downstream_LG	37	83.784	255	291	154	190	0.001	CGGCCCGGGCCCGGGGCGGGGGGGGGGGGGCCGCGGG	CGGCGCGGGCCGGCGGGGGGCGGGGGGGGGGCGCGGG	38217450	38217749	38217750	38217705	38217741	8	38223923	38224222	38223924	38224077	38224113	109	101
LigP_1605447_45469738	upstream_LG	downstream_LG	35	82.857	85	119	49	83	0.017	CCGGGGGCGGCGGGGGGCCCGGGCCCGGCCCGGCC	CCGGGGGGGGCGGGGCCCCCGGGGGCCGCCCGGCC	1605148	1605447	1605448	1605233	1605267	180	45469738	45470037	45469739	45469787	45469821	216	36
LigP_58477454_58477640	upstream_LG	downstream_LG	30	83.333	47	76	20	49	0.065	CCGCCCCCCCGGGCGGGGGCGCCGCCCCCC	CCGCCCCCCGGGCCGCGGGGGGCGCCCCCC	58477155	58477454	58477455	58477202	58477231	223	58477640	58477939	58477641	58477660	58477689	250	27
LigP_7916748_7920108	upstream_LG	downstream_LG	55	83.636	92	146	164	218	2.78e-07	GCGGGCGGGGGCCCCGGGGGCGCCGGGGGCGGGCGGGGGCCGGCGGGGGCGGGCG	GCGGGCGGGGCCGCGGGGGCCGCCGGGGCCGGGGGGGGCCGCGCGGGGGCGGGCG	7916449	7916748	7916749	7916541	7916595	153	7920108	7920407	7920109	7920272	7920326	81	72
LigP_2456891_39980187	upstream_LG	downstream_LG	29	82.759	183	211	57	85	0.26	CGGGCCCGCGCGGCCCCCCCCCCCCCCGC	CGGGCCGGCCCGGGCCCCCGCGCCCCCGC	2456592	2456891	2456892	2456775	2456803	88	39980187	39980486	39980188	39980244	39980272	214	126
LigP_10718443_10797835	upstream_LG	downstream_LG	41	85.366	188	228	234	274	4.34e-06	GCCCGCCGCGGGCCGCCGCGGCGGGCGGCCGGGGCGCCGGC	GCCCGCCCCGGGGCGGCGGGGCGGGCGCCCGGGCCGCCGGC	10718144	10718443	10718444	10718332	10718372	71	10797835	10798134	10797836	10798069	10798109	25	46
LigP_1567959_29942134	upstream_LG	downstream_LG	46	82.609	138	183	212	257	0.000268	CCGCGCCGCCCCCGGCCGCCCCCCCCCCGCCCGCGCCGCCGGCGCC	CCGCGCCGCCCGCCGCCGCGCCCCGCGCGCGCGCGCCCCCGCCGCC	1567660	1567959	1567960	1567798	1567843	116	29942134	29942433	29942135	29942346	29942391	42	74
LigP_16889061_19776256	upstream_LG	downstream_LG	43	83.721	106	148	81	123	6.78e-05	CCCCGGGCCGGCCGGGGGCCGGGGGCGCCGGCCGCGGCCGGGG	CCCCGCGCCGCCCGGCCGCCGGGGGGGGCGGGCGCGGCCGGGG	16888762	16889061	16889062	16888868	16888910	151	19776256	19776555	19776257	19776337	19776379	176	25
LigP_19516224_19776261	upstream_LG	downstream_LG	29	86.207	245	273	249	277	0.001	CGCCGCGCCCGCCGCGGCGGCGGCGGCGG	CGCCGCGCCCGGCGCGCCGGGGGCCGCGG	19515925	19516224	19516225	19516170	19516198	26	19776261	19776560	19776262	19776510	19776538	22	4
LigP_10718443_32386289	upstream_LG	downstream_LG	32	84.375	57	88	48	79	0.004	GGGCGGGGGGCGCGGGGCGCCCGGGCCGGGGG	GGGCCGGGGGCGCGGCGGGCCCCGGCGGGGGG	10718144	10718443	10718444	10718201	10718232	211	32386289	32386588	32386290	32386337	32386368	220	9
LigP_49851329_55305364	upstream_LG	downstream_LG	31	83.871	172	202	20	50	0.017	CGGGCCCGGCGCGGCCCGGCCCGCCCCCCCC	CGGGCCCCCCGCGCCCCCGCCCCCCCCCCCC	49851030	49851329	49851330	49851202	49851232	97	55305364	55305663	55305365	55305384	55305414	249	152
LigP_2231494_33193860	upstream_LG	downstream_LG	30	83.333	65	94	81	110	0.065	GCGGGGCGGCGCCGGGGGGCCCCCCCCCCG	GCGGCGCGGGGCCGGGGCCCGCCCCCCCCG	2231195	2231494	2231495	2231260	2231289	205	33193860	33194159	33193861	33193941	33193970	189	16
LigP_10717603_10718144	upstream_LG	downstream_LG	31	83.871	60	90	228	258	0.017	GCCCGCGGGGCGCGCCGGGGCCCCGCCCCCG	GCCCGCGGGGCCCCCCGGCGCCGGGCCCCCG	10717304	10717603	10717604	10717364	10717394	209	10718144	10718443	10718145	10718372	10718402	41	168
LigP_1040125_56120724	upstream_LG	downstream_LG	34	85.294	219	252	191	224	0.000268	CGGGCCGCCCGGCGGCGGCGCGCGGGGGCGGGGG	CGGGCGGCCCGCGGGCGGCGGGCGGGGCCGGGGG	1039826	1040125	1040126	1040045	1040078	47	56120724	56121023	56120725	56120915	56120948	75	28
LigP_2456894_2490899	upstream_LG	downstream_LG	32	84.375	21	52	70	101	0.004	GCGGGCGGGGCCCGCCGGCCGCGCCCCCGCCC	GCGGGCGGGCCCCCCGCGCCCCGCCCCCGCCC	2456595	2456894	2456895	2456616	2456647	247	2490899	2491198	2490900	2490969	2491000	198	49
LigP_5616400_5622575	upstream_LG	downstream_LG	32	84.375	101	132	224	255	0.004	GGGGCCGGGGGGGCCGCCCGCGCCGCCCCCCC	GGGGCGGGGGGGGGCGGGCGCGCCCCCCCCCC	5616101	5616400	5616401	5616202	5616233	167	5622575	5622874	5622576	5622799	5622830	44	123
LigP_18774376_18775008	upstream_LG	downstream_LG	30	86.667	76	105	221	250	0.000268	CCGCCCGCGGCCGCCCCCCCCCCGCCCCCG	CCGCCCGCCCCCCCCCGCCCCCCGCCCCCG	18774077	18774376	18774377	18774153	18774182	194	18775008	18775307	18775009	18775229	18775258	49	145
LigP_19774766_19776288	upstream_LG	downstream_LG	38	84.211	240	277	34	71	0.000268	GGGGGGGGGGGGCGGGGGCGGGGGGCCGGGGGGGGGGC	GGGGGGGGCGGGCGCGGCCGGGGGCGCGGGGGGCGGGC	19774467	19774766	19774767	19774707	19774744	22	19776288	19776587	19776289	19776322	19776359	228	206
LigP_41750422_41788914	upstream_LG	downstream_LG	30	93.333	164	193	170	199	4.51e-09	CCCCCGCCCGGGGCCGCCCCCGGGCGGGGG	CCCCCGCCCGGGGGCGGCCCCGGGCGGGGG	41750123	41750422	41750423	41750287	41750316	106	41788914	41789213	41788915	41789084	41789113	100	6
LigP_30229078_30544589	upstream_LG	downstream_LG	32	87.5	85	116	44	75	1.72e-05	CCCCGCCCGCCGGCCCCCCGGGCCGGGCGGGG	CCCCCCCCCCCGGCCCCGGGGGCCGGGCGGGG	30228779	30229078	30229079	30228864	30228895	183	30544589	30544888	30544590	30544633	30544664	224	41
LigP_48739074_48739968	upstream_LG	downstream_LG	51	84.314	204	254	239	289	2.78e-07	CGGGGGCCCCCCGCCCCGGGCGCCGCGCCCCCCCGCGGCCGCGCGGCCCGG	CGGGGGCCCCCGCCCCGGGGGGCCCCGCCCCCCCGCGGGCCCGCGGGCCGG	48738775	48739074	48739075	48738979	48739029	45	48739968	48740267	48739969	48740207	48740257	10	35
LigP_45791757_45792236	upstream_LG	downstream_LG	33	87.879	95	127	79	111	4.34e-06	CCCGGGCCGCCGCGGCCCCGGGGCCCGCCGGGC	CCCGGGCCGCCGCCGCCGCGGGGGCCGGCGGGC	45791458	45791757	45791758	45791553	45791585	172	45792236	45792535	45792237	45792315	45792347	188	16
LigP_49850825_49851030	upstream_LG	downstream_LG	36	83.333	4	39	168	203	0.004	CGGGGCGGGCGGGCGGGCCCGCGGGGGGCCGGGGGG	CGGGGGGGGCGGGCCGGGCCGCGCCGGGCCCGGGGG	49850526	49850825	49850826	49850530	49850565	260	49851030	49851329	49851031	49851198	49851233	96	164
LigP_32405890_32677870	upstream_LG	downstream_LG	30	90.0	144	173	213	242	1.1e-06	CCCCCCCCCGGGGCCGCCGGCGCCCCCCGG	CCCCCCCCCCGGGGCGCCGCCGCCCCCCGG	32405591	32405890	32405891	32405735	32405764	126	32677870	32678169	32677871	32678083	32678112	57	69
LigP_2270341_2271383	upstream_LG	downstream_LG	38	81.579	139	176	206	243	0.065	CGCGGCCGGGCCGGGCCCGGGGGGCGCGGGGCGGGGCG	CGCGGCCGCGCCCGGCCGCGGGCGCGGGCGGCGGGGCG	2270042	2270341	2270342	2270181	2270218	123	2271383	2271682	2271384	2271589	2271626	56	67
LigP_2456895_49930018	upstream_LG	downstream_LG	47	85.106	54	100	149	195	2.78e-07	CCCCCGGGCCCCGGCGCCCGCCCCGCGCGCGGCCGCCCCCCCCCCCC	CCCCCGGGCCCCGCCCCCCGCCGCCCGCCCGGCCCCGCCCCCCCCCC	2456596	2456895	2456896	2456650	2456696	199	49930018	49930317	49930019	49930167	49930213	104	95
LigP_19733072_19776256	upstream_LG	downstream_LG	44	84.091	32	75	138	181	1.72e-05	CGGCCCCCGCGGGGGGGGCCGGGGGCCGGGCCGCGCCCGCGGCG	CGGCCCCGGGGGGGGGGGCGGGCGCCCGGCCCGCGCCCGGGGCG	19732773	19733072	19733073	19732805	19732848	224	19776256	19776555	19776257	19776394	19776437	118	106
LigP_10718467_11195570	upstream_LG	downstream_LG	38	86.842	243	280	136	173	1.1e-06	GGGCGCGGCGGGGGCCGCGGGCGGGCGGCGGCCCGGGG	GGGCGCGGGGGGGGGCGCGGGGGGGCGGGGGCGCGGGG	10718168	10718467	10718468	10718411	10718448	19	11195570	11195869	11195571	11195706	11195743	126	107
LigP_32405908_33424088	upstream_LG	downstream_LG	33	87.879	241	273	127	159	4.34e-06	CCCGGCCCCGCCGGCCCCCCCCCCCCCCCGGGG	CCCGCCCCCGGCGCCCCGCCCCCCCCCCCGGGG	32405609	32405908	32405909	32405850	32405882	26	33424088	33424387	33424089	33424215	33424247	140	114
LigP_19776768_20052003	upstream_LG	downstream_LG	162	94.444	136	297	61	222	3.910000000000001e-71	GGCCCCGCGGCCCCGCGGCCGGGGGGCCGGGGCCGGCCGCGGGGCCGCGCGCCCCGGCGCGCCCGGCCGGGCGCGCGCGGCCCCGCCCCCCCCCCCGGCGGCGCGCGCGGCCCCCGGCCCCCGCGCGCGCCGGGGCCGCGGCCCCGCGGCCCCGCGGCCGCC	GGCCCCGCGGCCCCGCGGCCGGGGGGCCGGGGGCCGCCGCGGGGCCGCGCCCCCCGGGGGGCCCGGCGGGGCGCGCGCCGCCCCGCCGCCCCCCCCGGCGGCGCGCGCGGCCCCCGGCCCCCGCGCGCGCCGGGGCCGCGGCCCCGCGGCCCCGCCGCCGCC	19776469	19776768	19776769	19776605	19776766	2	20052003	20052302	20052004	20052064	20052225	77	75
LigP_417266_417695	upstream_LG	downstream_LG	37	86.486	58	94	171	207	4.34e-06	CCCCGGGGCGGCGGCCGCCCCCGGGCGCGCCCCCCCC	CCCCGCGGCGGCGGCCCCCCCCCGGCCCCCCCCCCCC	416967	417266	417267	417025	417061	205	417695	417994	417696	417866	417902	92	113
LigP_1605428_1668708	upstream_LG	downstream_LG	41	82.927	89	129	79	119	0.001	CCCCCCCCCCCGCCGCCGGGGGCGGCGGGGGGCCCGGGCCC	CCCCCCCCCGCCCGGCCGGGGGCCCCGGCGGGCCGGGGCCC	1605129	1605428	1605429	1605218	1605258	170	1668708	1669007	1668709	1668787	1668827	180	10
LigP_35267340_35267851	upstream_LG	downstream_LG	32	87.5	138	169	25	56	1.72e-05	CCCCGGCCCGGGGCGGGGGGCGGGGCGGCCGC	CCCCGGGCCGGGGGGGGGGGCGCGGGGGCCGC	35267041	35267340	35267341	35267179	35267210	130	35267851	35268150	35267852	35267876	35267907	243	113
LigP_10718444_10832598	upstream_LG	downstream_LG	29	82.759	146	174	23	51	0.26	GCGGGGCGCCCCCGGCCCCGCCGGCCGGG	GCGGGGGGGCCCGGGCCCCCCGGGCCGGG	10718145	10718444	10718445	10718291	10718319	125	10832598	10832897	10832599	10832621	10832649	248	123
LigP_71207_73511	upstream_LG	downstream_LG	29	86.207	165	193	269	297	0.001	CCCCGGGGCCCCGCCGGCCCGGGGCGCCG	CCCCGGGCCCCGGCGGGCCCGGGGGGCCG	70908	71207	71208	71073	71101	106	73511	73810	73512	73780	73808	2	104
LigP_4791698_5622567	upstream_LG	downstream_LG	37	83.784	124	160	83	119	0.001	CCGGCCCCCGGCGCCGCGCGCCGCGGCCGGGGCGCCG	CCGGGCCCCGGCGCGGCCCCCCCCGGCCCGGGCGCCG	4791399	4791698	4791699	4791523	4791559	139	5622567	5622866	5622568	5622650	5622686	180	41
LigP_2810213_9970352	upstream_LG	downstream_LG	31	87.097	226	256	81	111	6.78e-05	GCCCCCGGGCCCCGGCCGCCCCCCGGCCCCG	GCCCGCGGGCCCCGCCCGCCCGCGGGCCCCG	2809914	2810213	2810214	2810140	2810170	43	9970352	9970651	9970353	9970433	9970463	188	145
LigP_6752740_19776258	upstream_LG	downstream_LG	32	81.25	74	105	186	217	1.0	CCCGGGGCGGCCCCCCCGGCCCCCCCCGGGGC	CCCGGGGCCGCGGCCCCGGCGCGCGCCGGGGC	6752441	6752740	6752741	6752515	6752546	194	19776258	19776557	19776259	19776444	19776475	82	112
LigP_1913168_1913438	upstream_LG	downstream_LG	31	87.097	139	169	6	36	6.78e-05	GCGCGCCCCCCGCGGCGCGCCCCCGCCCGGC	GCGCGCGCCCCCCGGCGGGCGCCCGCCCGGC	1912869	1913168	1913169	1913008	1913038	130	1913438	1913737	1913439	1913444	1913474	263	133
LigP_40090767_45792209	upstream_LG	downstream_LG	32	84.375	91	122	177	208	0.004	CCGCGGCCGCGGGGCGGGGGGGGGGGGGGGGC	CCGCGCCCGCGGGGCCGGGCCCGGGGGGGGGC	40090468	40090767	40090768	40090559	40090590	177	45792209	45792508	45792210	45792386	45792417	91	86
LigP_49339890_56120724	upstream_LG	downstream_LG	43	81.395	209	251	246	288	0.017	CGGGGCGGCCGGGGCGCGGCGGGCGCCCGCCCCGGCCGGGGGG	CGGGGCGGCGCGGGCGGGGGGGGCGCGCGCGCGCGCCGGGGGG	49339591	49339890	49339891	49339800	49339842	48	56120724	56121023	56120725	56120970	56121012	11	37
LigP_5622532_5622567	upstream_LG	downstream_LG	34	85.294	212	245	67	100	0.000268	CCCCGGGCCCGGGGGCCGCGGCGGCGGGCGCGGG	CCCCCGGCCCGGGCGCCGCGGGGGCCGGGGCGGG	5622233	5622532	5622533	5622445	5622478	54	5622567	5622866	5622568	5622634	5622667	199	145
LigP_19663438_19776283	upstream_LG	downstream_LG	59	81.356	135	193	9	67	6.78e-05	GGGCGCGGGCGGGCGCGCGGCGCGCGCGCGCGGGCCGGCGCCCCGGGGGGGCGGCGGGC	GGGCGCGGCCGGGGGCGCGGGGGGCGGGCCCGGGCCGGGCGCCGGGGGGGGCGCCGGGC	19663139	19663438	19663439	19663274	19663332	106	19776283	19776582	19776284	19776292	19776350	232	126
LigP_1513305_1513696	upstream_LG	downstream_LG	32	87.5	44	75	128	159	1.72e-05	GGGCGGGGGGCCCGGGGCGGCCCCCCCCGCCG	GGGCGGGGGGCCCGCGGCGGGGGCCCCCGCCG	1513006	1513305	1513306	1513050	1513081	224	1513696	1513995	1513697	1513824	1513855	140	84
LigP_32405830_32440410	upstream_LG	downstream_LG	38	81.579	215	252	164	201	0.065	GGCCGCCGGCGCCCCCCGGCCCCCCGCCCCCGCGGGGC	GGCCGCGGGGGCCCGCCGGGCCCCCCCCGGCGCGGGGC	32405531	32405830	32405831	32405746	32405783	47	32440410	32440709	32440411	32440574	32440611	98	51
LigP_1567958_29942134	upstream_LG	downstream_LG	46	82.609	139	184	212	257	0.000268	CCGCGCCGCCCCCGGCCGCCCCCCCCCCGCCCGCGCCGCCGGCGCC	CCGCGCCGCCCGCCGCCGCGCCCCGCGCGCGCGCGCCCCCGCCGCC	1567659	1567958	1567959	1567798	1567843	115	29942134	29942433	29942135	29942346	29942391	42	73
LigP_5619193_5622573	upstream_LG	downstream_LG	31	87.097	204	234	228	258	6.78e-05	CGGGGCGGGGGCCGGCCGGCGGGCCCCCCCC	CGGGGCGGGGGGGGGCGGGCGCGCCCCCCCC	5618894	5619193	5619194	5619098	5619128	65	5622573	5622872	5622574	5622801	5622831	41	24
LigP_19775629_19776256	upstream_LG	downstream_LG	32	87.5	11	42	257	288	1.72e-05	GGCGCGCGGCGCGGGCGGCGCCCCGGGGGCCG	GGCGCGCGCCGCGCCCGGCGCGCCGGGGGCCG	19775330	19775629	19775630	19775341	19775372	257	19776256	19776555	19776257	19776513	19776544	11	246
LigP_19514964_19776266	upstream_LG	downstream_LG	34	88.235	70	103	251	284	1.1e-06	CGGGGCGGGGCGCGCCGCGCCCCCGGCGCCGGGG	CGGGGCGGCGCGCGCCGCGCCCGGCGCGCCGGGG	19514665	19514964	19514965	19514735	19514768	196	19776266	19776565	19776267	19776517	19776550	15	181
LigP_1566240_1567598	upstream_LG	downstream_LG	29	86.207	177	205	230	258	0.001	GCCCCGGCGGGGGGGCGGCGGCGGGGCGG	GCCCGGGCCGGGGGGCGCCGGCGGCGCGG	1565941	1566240	1566241	1566118	1566146	94	1567598	1567897	1567599	1567828	1567856	41	53
LigP_10335237_10335898	upstream_LG	downstream_LG	33	84.848	58	90	70	102	0.001	GCCGGCCCCCGCCCCCCCCGCCGCGCCCCCGGG	GCCGCCCCCCCCCCCCCCCCCGGGGCCCCCGGG	10334938	10335237	10335238	10334996	10335028	209	10335898	10336197	10335899	10335968	10336000	197	12
LigP_60440_70777	upstream_LG	downstream_LG	33	87.879	215	247	174	206	4.34e-06	GCGGCCCCCGCGGGGGGGGGGCGGGGGCCGGGG	GCGGCCCCGGCGGGGCGGGGGCGGCGGCGGGGG	60141	60440	60441	60356	60388	52	70777	71076	70778	70951	70983	93	41
LigP_19663928_19776258	upstream_LG	downstream_LG	39	82.051	250	288	260	298	0.017	GGGGGGCCCGGCGGCGCCCGCCCCCGCCGCCGCGCCGGG	GGGGGGCGGGGCGGCGCGCGCCGCGCCCGGCGCGCCGGG	19663629	19663928	19663929	19663879	19663917	11	19776258	19776557	19776259	19776518	19776556	1	10
LigP_308645_308649	upstream_LG	downstream_LG	37	86.486	169	205	133	169	4.34e-06	GCCCCGCCCGCGGCCCCGGGCCCGCGGCCGCCCCCGG	GCCCCGCCCGGGGCCGCGCGCGCGCGGCCCCCCCCGG	308346	308645	308646	308515	308551	94	308649	308948	308650	308782	308818	130	36
LigP_23421894_24029376	upstream_LG	downstream_LG	35	85.714	258	292	22	56	6.78e-05	CGGGGGGGGGGGGCCGGCGGCGGCGCCCCCCCGGG	CGGGGGCGCGGGGGCGGCGGCGGCCCCCCCGCGGG	23421595	23421894	23421895	23421853	23421887	7	24029376	24029675	24029377	24029398	24029432	243	236
LigP_10718495_10820975	upstream_LG	downstream_LG	29	82.759	52	80	110	138	0.26	GCGGCCGCGGGGCGGGGGGGCCGGCCCCG	GCGGCCGGGCGGCGGGCGGGGGGGCCCCG	10718196	10718495	10718496	10718248	10718276	219	10820975	10821274	10820976	10821085	10821113	161	58
LigP_19663749_19776256	upstream_LG	downstream_LG	31	87.097	262	292	190	220	6.78e-05	CCCCGGGGCCCCGCCCCCGGCGGGCCCCGGG	CCCCGGGGCCGCGGCCCCGGCGCGCGCCGGG	19663450	19663749	19663750	19663712	19663742	7	19776256	19776555	19776257	19776446	19776476	79	72
LigP_19732508_19776255	upstream_LG	downstream_LG	35	82.857	172	206	9	43	0.017	GCCGGGGCGGGGGGCCCCCCCCCCCGCGGCCCGGG	GCCGGGCCGGGGGGCGCGCCCCGCCCCCGCCCGGG	19732209	19732508	19732509	19732381	19732415	93	19776255	19776554	19776256	19776264	19776298	256	163
LigP_10289420_10836069	upstream_LG	downstream_LG	31	83.871	12	42	149	179	0.017	GCGGGGCCGGGGGCGGGGGGCGCCGGGGCCC	GCGGGGCCGGCGCCCGGGGGGGCCGCGGCCC	10289121	10289420	10289421	10289133	10289163	257	10836069	10836368	10836070	10836218	10836248	120	137
LigP_10395938_10718160	upstream_LG	downstream_LG	33	84.848	250	282	247	279	0.001	GCCGCGCGCGCGCGCCGCCCGCCCCGCCCGCCC	GCCGCCCGCCCGCGGCCCCCGCCGCGCCCGCCC	10395639	10395938	10395939	10395889	10395921	17	10718160	10718459	10718161	10718407	10718439	20	3
LigP_1644769_1652072	upstream_LG	downstream_LG	29	89.655	184	212	29	57	4.34e-06	GGCGCCCGGGGGGGGGCGGCCCGGGGGGG	GGCGCCGGGGGGGCGGCGGCGCGGGGGGG	1644470	1644769	1644770	1644654	1644682	87	1652072	1652371	1652073	1652101	1652129	242	155
LigP_10718443_10870838	upstream_LG	downstream_LG	29	86.207	258	286	99	127	0.001	CCGGCGGGCGGGCGCGGCGGGGGCCGCGG	CCGGGGGGCGGGCGGGGGGGGGGGCGCGG	10718144	10718443	10718444	10718402	10718430	13	10870838	10871137	10870839	10870937	10870965	172	159
LigP_5622744_5679280	upstream_LG	downstream_LG	46	84.783	56	101	189	234	1.1e-06	GCGCCGCCCCCGGGCCCCGCGCCGCCCCGCCCCCCCGGGCCGCCCC	GCGCCGCCCCCCGCGCCGGCGCCGGCCCGGCCCCCCGGCCCGCCCC	5622445	5622744	5622745	5622501	5622546	198	5679280	5679579	5679281	5679469	5679514	65	133
LigP_10712629_10718144	upstream_LG	downstream_LG	54	83.333	230	283	218	271	1.1e-06	CGCCGGCCCGGCGGCCCGCGCGGCCCCCGGGCGCGGCGCGCCCGGCCGCGCCCC	CGCCCGCCCGCCGGCCCGCGGGGCCCCCCGGCGCCGGGCCCCCGCCGGCGCCCC	10712330	10712629	10712630	10712560	10712613	16	10718144	10718443	10718145	10718362	10718415	28	12
LigP_15379125_15413433	upstream_LG	downstream_LG	29	82.759	169	197	193	221	0.26	CCCCGCGCGGGCGCCCGGCGCCCGCCCCC	CCCCGGGCGGGCCCCCCGGGGCCGCCCCC	15378826	15379125	15379126	15378995	15379023	102	15413433	15413732	15413434	15413626	15413654	78	24
LigP_49807031_49851025	upstream_LG	downstream_LG	36	91.667	92	127	254	289	2.89e-10	GGCGGGCGGGGGGCCCCCGCCGGCGGCGGGGGGGGC	GGCGGGCGGGGGGCCGCCGCGGGCCGCGGGGGGGGC	49806732	49807031	49807032	49806824	49806859	172	49851025	49851324	49851026	49851279	49851314	10	162
LigP_1863834_1864543	upstream_LG	downstream_LG	30	83.333	146	175	41	70	0.065	GGCCCGCGGGGGCGGCCGCGGCCCGCCCCG	GGCCCGCCCGGGCGCCCCCGGCCCGGCCCG	1863535	1863834	1863835	1863681	1863710	124	1864543	1864842	1864544	1864584	1864613	229	105
LigP_1295729_1354582	upstream_LG	downstream_LG	40	82.5	46	85	227	266	0.004	CCCCGCGCGCCCCGGCCCGCGCCCCGCCCCCCGCCCCGGG	CCCCGCCCCCCCCGCCGCGCGCCCGCCCCCCCCCCCCGGG	1295430	1295729	1295730	1295476	1295515	214	1354582	1354881	1354583	1354809	1354848	33	181
LigP_13022471_13038385	upstream_LG	downstream_LG	37	89.189	214	250	74	110	1.78e-08	CCCCGCCCGGGGGCGCCCCCCCGGCGGCCGGGCCCGG	CCCCGCCCGGGGGGCCCCCCCGGGCGGCGGGGCCCGG	13022172	13022471	13022472	13022386	13022422	49	13038385	13038684	13038386	13038459	13038495	189	140
LigP_1254282_1567650	upstream_LG	downstream_LG	30	86.667	209	238	14	43	0.000268	CCGCCGCCGGCGCCGGCCCCGCGCGCGGGC	CCGCCGCCGCCGCCGGGCCCCGGCGCGGGC	1253983	1254282	1254283	1254192	1254221	61	1567650	1567949	1567651	1567664	1567693	256	195
LigP_4066071_4328227	upstream_LG	downstream_LG	30	86.667	31	60	25	54	0.000268	GGGGGGGCCCCGGGGCGGGGGGGGGGCCGG	GGGGGGGCGCGGGGGCGGGGCCGGGGCCGG	4065772	4066071	4066072	4065803	4065832	239	4328227	4328526	4328228	4328252	4328281	245	6
LigP_509018_541133	upstream_LG	downstream_LG	33	84.848	41	73	13	45	0.001	GGGGGGGCCCGGGGGGGGGGGGGGGGCGGGGGG	GGGGGGGGGCGGCGGGGGGGGGGGCCCGGGGGG	508719	509018	509019	508760	508792	226	541133	541432	541134	541146	541178	254	28
LigP_55081487_55484871	upstream_LG	downstream_LG	31	83.871	105	135	40	70	0.017	CGCCGCCCGCCGGCCCGCGCGGCGGCCGGCG	CGCCGCCGGGCGGCCCGGGCGCCGGGCGGCG	55081188	55081487	55081488	55081293	55081323	164	55484871	55485170	55484872	55484911	55484941	229	65
LigP_9819419_19776255	upstream_LG	downstream_LG	52	82.692	135	186	28	79	1.72e-05	GCGGGGGCCGGGCCCGGGGGGCGCGGCCGGGGGGGGGCGGGGCCCGGGGGCG	GCGGGGGGCGGGCCCGGGCCGGGCGCCGGGGGGGGCGCCGGGCCGGGGGGCG	9819120	9819419	9819420	9819255	9819306	113	19776255	19776554	19776256	19776283	19776334	220	107
LigP_6229381_15982196	upstream_LG	downstream_LG	38	86.842	41	78	173	210	1.1e-06	GGCCCCCGGGGGCGCCCGGGGGCGCCCGCCGCGGGCGC	GGCCCCCGGGGCCCCCCGGGGGGGCCCCCCCCGGGCGC	6229082	6229381	6229382	6229123	6229160	221	15982196	15982495	15982197	15982369	15982406	89	132
LigP_1725978_1858678	upstream_LG	downstream_LG	37	86.486	249	285	142	178	4.34e-06	GGCGCCGCCCCGCGCCCGGCCCCCCCCGGCGCGGGGG	GGCGCCGCCCCGGCCCGGGCCGCCCCCGGGGCGGGGG	1725679	1725978	1725979	1725928	1725964	14	1858678	1858977	1858679	1858820	1858856	121	107
LigP_7903671_49813662	upstream_LG	downstream_LG	53	84.906	240	292	170	222	1.78e-08	CCCGCCGCCCCCGGGGGGGCGGCGCCCCCCCGCGGCGCCCCCCCCGGGGGCGG	CCCGCCGCCCCGGGGGGCGGGGGGCCCCCCCGCCCCCCCCCCCCCGGCGGCGG	7903372	7903671	7903672	7903612	7903664	7	49813662	49813961	49813663	49813832	49813884	77	70
LigP_19663675_19776255	upstream_LG	downstream_LG	30	83.333	17	46	220	249	0.065	CCGCCGCCCCGGCCCCGGCGGCCGGCGGCC	CCGCCGCCCCCGGCCCGCGGGCGGGCGGCC	19663376	19663675	19663676	19663393	19663422	253	19776255	19776554	19776256	19776475	19776504	50	203
LigP_5622535_5622553	upstream_LG	downstream_LG	34	85.294	209	242	81	114	0.000268	CCCCGGGCCCGGGGGCCGCGGCGGCGGGCGCGGG	CCCCCGGCCCGGGCGCCGCGGGGGCCGGGGCGGG	5622236	5622535	5622536	5622445	5622478	57	5622553	5622852	5622554	5622634	5622667	185	128
LigP_5604846_5622575	upstream_LG	downstream_LG	31	83.871	102	132	208	238	0.017	GCGCCCCCCCCCGCCGGGGGGCCCCCCCCCG	GCGCGCCCCCCCCCCGGGCGGCGCCGCCCCG	5604547	5604846	5604847	5604649	5604679	167	5622575	5622874	5622576	5622783	5622813	61	106
LigP_5610367_5622571	upstream_LG	downstream_LG	40	82.5	174	213	241	280	0.004	GCGCGCGGGGGGCCGGGGGCCCGGGCGGCGGGGGCCGGGC	GCGCGCGCGCGGCCGCGGGGCGGGGCGGGGGGGGGCGGGC	5610068	5610367	5610368	5610242	5610281	86	5622571	5622870	5622572	5622812	5622851	19	67
LigP_1605434_1652842	upstream_LG	downstream_LG	31	87.097	19	49	69	99	6.78e-05	CCCGGCCCCGGGCCCGCCGCGCCCCGCCCGC	CCCGGCCCCCGGCCCCGCGGGCCCCGCCCGC	1605135	1605434	1605435	1605154	1605184	250	1652842	1653141	1652843	1652911	1652941	200	50
LigP_45093163_45125946	upstream_LG	downstream_LG	33	84.848	221	253	57	89	0.001	CGGGCGGCGGGCCCGCCGGCCCCGGGCGGGGGC	CGGGCGGCGGGCCGCGCGCCCCCGGGGGGGGGC	45092864	45093163	45093164	45093085	45093117	46	45125946	45126245	45125947	45126003	45126035	210	164
LigP_20052302_49458775	upstream_LG	downstream_LG	31	83.871	222	252	32	62	0.017	CCGCGGCCCCGGCCCGCGCCGGGGCCGGGGG	CCGCGGCCGCGGCCGCCCCCGGGGCGGGGGG	20052003	20052302	20052303	20052225	20052255	47	49458775	49459074	49458776	49458807	49458837	237	190
LigP_10830260_10835219	upstream_LG	downstream_LG	30	83.333	135	164	147	176	0.065	GCCCGCGGCCCGCGCCCCCCCCCCCCCCGC	GCCCGCCGCCGGCCCCCCGCCCGCCCCCGC	10829961	10830260	10830261	10830096	10830125	135	10835219	10835518	10835220	10835366	10835395	123	12
LigP_18521886_19776249	upstream_LG	downstream_LG	39	89.744	259	297	148	186	1.14e-09	GCCCCGGCGGGGGGGGCGCGGGGCCGGCCCGCGCCCGGG	GCCCCGGGGGGGGGGGCGGGCGCCCGGCCCGCGCCCGGG	18521587	18521886	18521887	18521846	18521884	2	19776249	19776548	19776250	19776397	19776435	113	111
LigP_10718529_10719130	upstream_LG	downstream_LG	36	83.333	212	247	185	220	0.004	CCCGGGGCGCGGGGGGCGGGCCGGGGGCGGCGCGCC	CCCGGCGCCCGGGGGGGGGCCCCGGGGCGGGGCGCC	10718230	10718529	10718530	10718442	10718477	52	10719130	10719429	10719131	10719315	10719350	79	27
LigP_49851493_51843748	upstream_LG	downstream_LG	31	87.097	201	231	87	117	6.78e-05	CCCCCCGCGGCCCCCCGCGGCGCGCGCCGCC	CCCCCCGCCCCCCCCCCCGGGGCGCGCCGCC	49851194	49851493	49851494	49851395	49851425	68	51843748	51844047	51843749	51843835	51843865	182	114
LigP_7862916_56087719	upstream_LG	downstream_LG	37	83.784	91	127	153	189	0.001	CCCCGCCCCCCGGCCCGGCCCCGCCCCCCGGCCGCCC	CCCCGGCCCCCCGCCCCCCCCCGCCCCCGCGCCGCCC	7862617	7862916	7862917	7862708	7862744	172	56087719	56088018	56087720	56087872	56087908	110	62
LigP_1605424_16441756	upstream_LG	downstream_LG	31	83.871	96	126	254	284	0.017	CCCCCCCCGCCGCCGGGGGCGGCGGGGGGCC	CCCCGCCCGCCGCCGCGCCCGCCGGGGGGCC	1605125	1605424	1605425	1605221	1605251	173	16441756	16442055	16441757	16442010	16442040	15	158
LigP_10292771_10294218	upstream_LG	downstream_LG	34	85.294	162	195	203	236	0.000268	CCCCGGGCGGGCCCGGCGCCCCCGGGGGGCGGGC	CCCCGGCCGCGCCCGGCGGCCCGGGCGGGCGGGC	10292472	10292771	10292772	10292634	10292667	104	10294218	10294517	10294219	10294421	10294454	63	41
LigP_5591921_5622508	upstream_LG	downstream_LG	29	82.759	85	113	142	170	0.26	CGGCGCGGCGGCCCCGGGGCCCGGCGCCG	CGGCGCGGCCCCCCCCGGCCCGGGCGCCG	5591622	5591921	5591922	5591707	5591735	186	5622508	5622807	5622509	5622650	5622678	129	57
LigP_1450402_1452084	upstream_LG	downstream_LG	42	85.714	50	91	183	224	1.1e-06	GCGCCGCCCGCCCGGGCCCGGGCCGGGCCCCGCCCGCCCCGG	GCGCCCCCCGCGCGGCCCCCGGCCGGCCCCCGCCGGCCCCGG	1450103	1450402	1450403	1450153	1450194	208	1452084	1452383	1452085	1452267	1452308	75	133
LigP_3388085_3435063	upstream_LG	downstream_LG	29	86.207	129	157	18	46	0.001	CCGGGCCCGGCCGGGCCCCCCCGCCCCCC	CCGGGCCCGGCCCGCGCCGCCCGCCCCCC	3387786	3388085	3388086	3387915	3387943	142	3435063	3435362	3435064	3435081	3435109	253	111
LigP_49851466_51489193	upstream_LG	downstream_LG	30	83.333	230	259	267	296	0.065	CCCCGCGGCCCCCCGCGGCGCGCGCCGCCC	CCCCGCCGCCCGCCCCGGGGGGCGCCGCCC	49851167	49851466	49851467	49851397	49851426	40	51489193	51489492	51489194	51489460	51489489	3	37
LigP_2785571_2887796	upstream_LG	downstream_LG	32	87.5	16	47	261	292	1.72e-05	CGCGGCCCCCGGGGGGGCCGCCCGCCCCGGCC	CGCGCCCCCGGGGGCGCCCGCCCGCCCCGGCC	2785272	2785571	2785572	2785288	2785319	252	2887796	2888095	2887797	2888057	2888088	7	245
LigP_5621915_5622558	upstream_LG	downstream_LG	32	87.5	162	193	61	92	1.72e-05	GCGGCGGCCGGCCCGGGGGGGCCCGGCGGGCC	GCGGGGGCCGGGGCGGGGCGGCCCGGCGGGCC	5621616	5621915	5621916	5621778	5621809	106	5622558	5622857	5622559	5622619	5622650	207	101
LigP_1605440_1619362	upstream_LG	downstream_LG	39	84.615	72	110	95	133	6.78e-05	CCCGGCCCCCCCCCCCGCCGCCGGGGGCGGCGGGGGGCC	CCCGCCCCCCCGCCCCGCGGCGGGGCGGGGCGGGGGGCC	1605141	1605440	1605441	1605213	1605251	189	1619362	1619661	1619363	1619457	1619495	166	23
LigP_1855983_1863464	upstream_LG	downstream_LG	42	83.333	225	266	141	182	0.000268	GGGCCGGGCGCGCGCGCCCCCCGCGGCGCCGGCCGGGGCCCC	GGGCCGGGCGCGGGCGCCGGCGGCGGCGCGCGCCGGGCCCCC	1855684	1855983	1855984	1855909	1855950	33	1863464	1863763	1863465	1863605	1863646	117	84
LigP_15760031_19776272	upstream_LG	downstream_LG	34	82.353	46	79	256	289	0.065	GGGGGGGGCGGGGGGGGGGCCCGGGCGGCGCCCG	GGGGGGGGGGGCGGGGCGGCGCGCGCCGCGCCCG	15759732	15760031	15760032	15759778	15759811	220	19776272	19776571	19776273	19776528	19776561	10	210
LigP_417227_581592	upstream_LG	downstream_LG	53	81.132	204	256	24	76	0.001	CCGGCGGGGGGGGGCCCCGCCCGGCCCGGGGCCGGCCGGGGGGGGGGCCGCGC	CCGGCGGGGGCGGGCCGGGGGCGGCCCCGGGCCGCCCCGGGGGCGGGGCGCGC	416928	417227	417228	417132	417184	43	581592	581891	581593	581616	581668	223	180
LigP_15433246_19776255	upstream_LG	downstream_LG	29	86.207	185	213	214	242	0.001	CCCCCGCCCCCGGGCCGGGGGCCCCGGGG	CCCCGGCCCGCGGGCGGGCGGCCCCGGGG	15432947	15433246	15433247	15433132	15433160	86	19776255	19776554	19776256	19776469	19776497	57	29
LigP_10335237_10335833	upstream_LG	downstream_LG	33	84.848	58	90	135	167	0.001	GCCGGCCCCCGCCCCCCCCGCCGCGCCCCCGGG	GCCGCCCCCCCCCCCCCCCCCGGGGCCCCCGGG	10334938	10335237	10335238	10334996	10335028	209	10335833	10336132	10335834	10335968	10336000	132	77
LigP_1513295_1864599	upstream_LG	downstream_LG	38	84.211	117	154	23	60	0.000268	GGGGGGGGCGGCGGCCCCGGGCGCCCCCGCGCGGCGGG	GGGGGGGGCCCCGGGCCCCGGCGCCCCGGCGGGGCGGG	1512996	1513295	1513296	1513113	1513150	145	1864599	1864898	1864600	1864622	1864659	239	94
LigP_1103008_4065677	upstream_LG	downstream_LG	34	82.353	215	248	6	39	0.065	GGGGGCGGGGGCGGGGGCGCCCCCGCGGGGCGGG	GGGGGCGGCGGCCCGGGCGGCCGCGCGGCGCGGG	1102709	1103008	1103009	1102924	1102957	51	4065677	4065976	4065678	4065683	4065716	260	209
LigP_15110517_19776255	upstream_LG	downstream_LG	37	83.784	127	163	159	195	0.001	CCGGGGCGGGGCGCGCGGCCGCGGGGGGGGGGGGGCG	CCGGGGCGGCGCGCGGCCCCGGGGGGGGGGGCGGGCG	15110218	15110517	15110518	15110345	15110381	136	19776255	19776554	19776256	19776414	19776450	104	32
LigP_49851329_49869299	upstream_LG	downstream_LG	45	82.222	45	89	86	130	0.001	CCCCGCCCCCCCGCGCCGCCCCGGCGCGCCCCGGCCGCGCCCCCC	CCCCCCCCCCCGGGGCCGGCCCGGGGCCCCCGGCCCGCGCCCCCC	49851030	49851329	49851330	49851075	49851119	210	49869299	49869598	49869300	49869385	49869429	169	41
LigP_1644599_2229975	upstream_LG	downstream_LG	38	84.211	172	209	31	68	0.000268	GGGGCGCGGCGCGCCGGGCCCCGCCGGGCCCCCCGGGG	GGGGCGGGGCGGGCCGGGGCCGCCCGCGCCCCCCGGGG	1644300	1644599	1644600	1644472	1644509	90	2229975	2230274	2229976	2230006	2230043	231	141
LigP_7944179_10718134	upstream_LG	downstream_LG	40	85.0	218	257	261	300	1.72e-05	CCGCCCGCGGCCGCCCCCGCGGCGGCCGGCCGGCCGGCGG	CCGCCCGCGGCCCCCGCCGCGCCCGCCCGCCGGCCCGCGG	7943880	7944179	7944180	7944098	7944137	42	10718134	10718433	10718135	10718395	10718434	-1	43
LigP_13039120_36214952	upstream_LG	downstream_LG	33	84.848	88	120	186	218	0.001	GGGGCCGGGGCGGCCGGCGGGCGCGGGCGGGGG	GGGGCCGCGCCGGCCCGCGGGCGGGGGCCGGGG	13038821	13039120	13039121	13038909	13038941	179	36214952	36215251	36214953	36215138	36215170	81	98
LigP_1955241_2061274	upstream_LG	downstream_LG	31	83.871	159	189	213	243	0.017	CCCCCCCCCCCCGGCGGCGGGCGGGCGCCGG	CCCCCCCGCCCCCGGGGCGGGGGGGCCCCGG	1954942	1955241	1955242	1955101	1955131	110	2061274	2061573	2061275	2061487	2061517	56	54
LigP_49851343_49869065	upstream_LG	downstream_LG	38	89.474	258	295	185	222	4.51e-09	CCCCCCGCCCGCCCGGCCCGCGCCCGCCGCGGCCCGCC	CCCCCCGCCGGCCCCGCCCGCCCCCGCGGCGGCCCGCC	49851044	49851343	49851344	49851302	49851339	4	49869065	49869364	49869066	49869250	49869287	77	73
LigP_1228778_4534991	upstream_LG	downstream_LG	33	84.848	7	39	258	290	0.001	CGGGCGCCGCCGGCGCGCGGGGGGCGGCGGGGG	CGGGGGCCCCCGCCGCGCGGGCGGCCGCGGGGG	1228479	1228778	1228779	1228486	1228518	260	4534991	4535290	4534992	4535249	4535281	9	251
LigP_1399304_1450103	upstream_LG	downstream_LG	29	89.655	184	212	91	119	4.34e-06	CGGGGCCCCCGCGCGGGGGGCGGGGGCCC	CGGGGCCCCCGCGGCGCGGGCGGGGGCCC	1399005	1399304	1399305	1399189	1399217	87	1450103	1450402	1450104	1450194	1450222	180	93
LigP_1228835_8308109	upstream_LG	downstream_LG	31	83.871	169	199	93	123	0.017	GCCGCCGGCGCCCCGCGGCCCCCGCCCGGGC	GCCGCCGCCGCCGCCCGGCCCCGGGCCGGGC	1228536	1228835	1228836	1228705	1228735	100	8308109	8308408	8308110	8308202	8308232	176	76
LigP_5622547_5622567	upstream_LG	downstream_LG	34	85.294	197	230	67	100	0.000268	CCCCGGGCCCGGGGGCCGCGGCGGCGGGCGCGGG	CCCCCGGCCCGGGCGCCGCGGGGGCCGGGGCGGG	5622248	5622547	5622548	5622445	5622478	69	5622567	5622866	5622568	5622634	5622667	199	130
LigP_19776554_20052002	upstream_LG	downstream_LG	90	86.667	189	278	18	107	5.240000000000001e-21	GCCCCGGCGCGCGCCGGGGCCGCGGCCCCGGGGCCGCCCGCCCGCGGGCCGGGGGCGGCGGGGGGGCCGCGGCCCCCGGCGCGCCGGGCG	GCCCCCGCGCGCGCCGGGGCCGCGGCCCCGCGGCCCCGCCGCCGCCGGCCGGCGCCGGCCGGGGGGCCCCGGCCCCCGGCGCGGCGGGCG	19776255	19776554	19776555	19776444	19776533	21	20052002	20052301	20052003	20052020	20052109	192	171
LigP_50429056_50432055	upstream_LG	downstream_LG	34	82.353	259	292	73	106	0.065	CGCCCCCGGGGGGCCCGGGGCGGGGGGCGGGGGG	CGCCCCCGGCGGGGGCGGGCGGGGGGCCGGGGGG	50428757	50429056	50429057	50429016	50429049	7	50432055	50432354	50432056	50432128	50432161	193	186
LigP_19776644_44094056	upstream_LG	downstream_LG	62	85.484	224	285	118	179	1.85e-11	CGGGCCGCCCCCGGGCCCGGCGCGGGCCGGGGCCGCGGCCCCGCGGCCCCGCGGCCGGGGGG	CGGGCCGGCCGCGGCCCCGCCGGGGGCCCGGGCCGCGCCCCCGCGGCGCCGCGCCCGGGGGG	19776345	19776644	19776645	19776569	19776630	14	44094056	44094355	44094057	44094174	44094235	120	106
LigP_45469338_45469593	upstream_LG	downstream_LG	36	86.111	168	203	132	167	1.72e-05	CCCCGCGCGGGGGCGCGGCGGGGGGCCCGCGCGCGG	CCCCGCCCCGGGGCGCGCCGGGGGGGCCGGGCGCGG	45469039	45469338	45469339	45469207	45469242	96	45469593	45469892	45469594	45469725	45469760	132	36
LigP_2637218_16896706	upstream_LG	downstream_LG	33	81.818	62	94	176	208	0.26	CCCCGCCCGCGCCCCCGCCCCCGCCCGCGCCCC	CCCCGCCCCCCCCCCCCCCCGCGGCCGCCCCCC	2636919	2637218	2637219	2636981	2637013	205	16896706	16897005	16896707	16896882	16896914	91	114
LigP_48442796_48444317	upstream_LG	downstream_LG	35	88.571	2	36	247	281	2.78e-07	GGGGCGCGGGCGGGCGGGCGGGGGGGGGGGGGGGG	GGGGCGGGGGGGGGCGGCCGGGGGCGGGGGGGGGG	48442497	48442796	48442797	48442499	48442533	263	48444317	48444616	48444318	48444564	48444598	18	245
LigP_16542282_16542255	upstream_LG	downstream_LG	35	85.714	84	118	127	161	6.78e-05	CGCGGGGCGCCGGCGGGGGCCGCCCGGGGCCGGGG	CGCGCGGCGCCGGGGGGCGCCCCCCGCGGCCGGGG	16541983	16542282	16542283	16542067	16542101	181	16542255	16542554	16542256	16542382	16542416	138	43
LigP_10335228_10338679	upstream_LG	downstream_LG	33	84.848	264	296	54	86	0.001	CGCGGCCCGCGGCCGCCGCGCCCGGCGCCCGGC	CGCGGCCGGCGGCGGCCGGGCCCCCCGCCCGGC	10334929	10335228	10335229	10335193	10335225	3	10338679	10338978	10338680	10338733	10338765	213	210
LigP_51294758_51296250	upstream_LG	downstream_LG	50	82.0	250	299	116	165	0.000268	GGGCCCCCCCGGCGCCGGCCCCCGCGCCGGCCGGCGCGGGGGGCGCGCCC	GGGCCCCCGCCGCGCCCGCCCCCCGGCCCGCCCGCGCGGGCGCCGCGCCC	51294459	51294758	51294759	51294709	51294758	0	51296250	51296549	51296251	51296366	51296415	134	134
LigP_2039768_2061318	upstream_LG	downstream_LG	29	86.207	24	52	20	48	0.001	GGCGCCCGGGGGCCCGGGCGGGGGGGGGG	GGCGCCCGGGGCCCCGGCCGCCGGGGGGG	2039469	2039768	2039769	2039493	2039521	247	2061318	2061617	2061319	2061338	2061366	251	4
LigP_15379127_15379300	upstream_LG	downstream_LG	29	93.103	27	55	194	222	1.78e-08	CGCGGGCCGGGCGCCGGGCCCCGGCGGGG	CGCGGGCCGGCCGCCGGGCCCCGGGGGGG	15378828	15379127	15379128	15378855	15378883	244	15379300	15379599	15379301	15379494	15379522	77	167
LigP_19663918_19776255	upstream_LG	downstream_LG	31	87.097	93	123	191	221	6.78e-05	CCCCGGGGCCCCGCCCCCGGCGGGCCCCGGG	CCCCGGGGCCGCGGCCCCGGCGCGCGCCGGG	19663619	19663918	19663919	19663712	19663742	176	19776255	19776554	19776256	19776446	19776476	78	98
LigP_1698755_1700040	upstream_LG	downstream_LG	33	87.879	176	208	253	285	4.34e-06	GGGCCCCCCGCCCCGGGCCCCCCCGGCCCCCCG	GGGCCCCGGGCCCGGGCCCCCCCCGGCCCCCCG	1698456	1698755	1698756	1698632	1698664	91	1700040	1700339	1700041	1700293	1700325	14	77
LigP_10335251_10335257	upstream_LG	downstream_LG	35	82.857	30	64	77	111	0.017	GCCCCGCCCCCCCGGCCGGCCCCCGCCCCCCCCGC	GCCCCCCCCCCCGGCCCCGCCCGCGGCCCCCCCGC	10334952	10335251	10335252	10334982	10335016	235	10335257	10335556	10335258	10335334	10335368	188	47
LigP_54131599_54159368	upstream_LG	downstream_LG	34	82.353	38	71	213	246	0.065	GGGGGGGGGGCGGCCGGGGCCGGCCGGGGGCGCC	GGGGGGGGGGGGGGGGGCGCGGGCGGGGGGCGCC	54131300	54131599	54131600	54131338	54131371	228	54159368	54159667	54159369	54159581	54159614	53	175
LigP_2456930_40777809	upstream_LG	downstream_LG	29	89.655	75	103	6	34	4.34e-06	CGGGCGGGGGCCGGCCGCCCCCCGGCCCC	CGGGCGGGCGCGGGCCGCCCCCCGCCCCC	2456631	2456930	2456931	2456706	2456734	196	40777809	40778108	40777810	40777815	40777843	265	69
LigP_10335258_12751876	upstream_LG	downstream_LG	55	80.0	38	92	87	141	0.017	CCGGCCCCCGCCCCCCCCGCCGCGCCCCCGGGCCGCCGGGGCCGCGCCCCCCCCC	CCGGCCCCCCCCGCCCCCCCCCCCCCCCGGGCCCGCCCCGGCCCCCCCCCCCCCC	10334959	10335258	10335259	10334997	10335051	207	12751876	12752175	12751877	12751963	12752017	158	49
LigP_19775814_19776256	upstream_LG	downstream_LG	29	82.759	73	101	137	165	0.26	GGCGGGCCCCCCGCCCGGGGCGGGGGCGC	GGCGGGCGCCCGGCCCGCGCCCGGGGCGC	19775515	19775814	19775815	19775588	19775616	198	19776256	19776555	19776257	19776393	19776421	134	64
LigP_13038762_13051567	upstream_LG	downstream_LG	46	82.609	12	57	90	135	0.000268	GGGGGGGCCCCCCGGGCGGGGCGGGCGGGGCGGGGGCGGGGGGGGG	GGGGGGGCCCGGGGGGGGGGGGGGGCCGGGGGGGGGGGGGGGGGGG	13038463	13038762	13038763	13038475	13038520	242	13051567	13051866	13051568	13051657	13051702	164	78
LigP_41352148_41353157	upstream_LG	downstream_LG	45	82.222	8	52	146	190	0.001	CCCCGCGCCCGCCCCCCCCCCCGGCGGGGCCCCCCCCGCGGCCCG	CCCCGGGCCCCCCCCCCCCCGGGGGGCGGGCCCCCCCCCGGCCCG	41351849	41352148	41352149	41351857	41351901	247	41353157	41353456	41353158	41353303	41353347	109	138
LigP_2046247_2246054	upstream_LG	downstream_LG	29	86.207	99	127	249	277	0.001	GGCCCGGGGCCCGGCGGCCGCCCCCGGGC	GGCCCGGGCCCCGGGGGCGGCCGCCGGGC	2045948	2046247	2046248	2046047	2046075	172	2246054	2246353	2246055	2246303	2246331	22	150
LigP_10230587_10286690	upstream_LG	downstream_LG	37	86.486	88	124	129	165	4.34e-06	GGGCCGGGGGCGGGGGGCCGGGCCGCGGCGGCGGCCG	GGGCCGGGGGCGGGGCCCCGGGCCCCGCCGGGGGCCG	10230288	10230587	10230588	10230376	10230412	175	10286690	10286989	10286691	10286819	10286855	134	41
LigP_19664038_19776246	upstream_LG	downstream_LG	31	83.871	81	111	176	206	0.017	CGCCGCGGCGGGCCGCGGCCGGGGGGGGGGG	CGCCGGGGCGGCGCGCGGCCCCGGGGGGGGG	19663739	19664038	19664039	19663820	19663850	188	19776246	19776545	19776247	19776422	19776452	93	95
LigP_47019956_47094325	upstream_LG	downstream_LG	34	85.294	76	109	81	114	0.000268	GGGGGGGCGGGCGGGGCGGGCCCGGGGGCGGGGG	GGGGGGGGGGGGGGGGGGGGCCGGGGGGGGGGGG	47019657	47019956	47019957	47019733	47019766	190	47094325	47094624	47094326	47094406	47094439	185	5
LigP_19527892_19776256	upstream_LG	downstream_LG	33	90.909	156	188	20	52	1.78e-08	CGGGGGGCGCGCCCGGCCGGGGGGCGGGCCCCG	CGGGGGGGGCGCCGGGCCGGGGGGCGCGCCCCG	19527593	19527892	19527893	19527749	19527781	111	19776256	19776555	19776257	19776276	19776308	247	136
LigP_19662571_19776259	upstream_LG	downstream_LG	36	94.444	49	84	136	171	1.18e-12	GGGGGGGGGGGCGGGGGCCCCGCCCGCGCCCGGGGC	GGGGGGGGGGGCGGGCGCCCGGCCCGCGCCCGGGGC	19662272	19662571	19662572	19662321	19662356	215	19776259	19776558	19776260	19776395	19776430	128	87
LigP_10335282_10350446	upstream_LG	downstream_LG	46	84.783	11	56	64	109	1.1e-06	CGGCCGGCCCCCGCCCCCCCCGCCGCGCCCCCGGGCCGCCGGGGCC	CGGCGGGCCCGCGCCCCCCCCGCCGGGGCCCGCGGCCCCCGGGGCC	10334983	10335282	10335283	10334994	10335039	243	10350446	10350745	10350447	10350510	10350555	190	53
LigP_47019997_47108205	upstream_LG	downstream_LG	35	82.857	120	154	206	240	0.017	CGCGCCCCCGGGCCCGCGGGGCCGGGGCGGGCGCC	CGCGCCCCCGCGGCCGCCGGGCCCGCGGGGGCGCC	47019698	47019997	47019998	47019818	47019852	145	47108205	47108504	47108206	47108411	47108445	59	86
LigP_5337562_19776286	upstream_LG	downstream_LG	38	86.842	166	203	70	107	1.1e-06	CCGCCGGCCGCCGCGCCGGGGCCGCGCGGCCGCCGGGG	CCGCCGGCCGCCGGCCCCGCGCCGCCCGGCCGCCGGGG	5337263	5337562	5337563	5337429	5337466	96	19776286	19776585	19776287	19776356	19776393	192	96
LigP_48625161_48628106	upstream_LG	downstream_LG	42	90.476	177	218	27	68	1.85e-11	CCCGCCCGCCCCCCGGGGGGCGGGCGGCCGGGCGCCCGGGCC	CCCGCCCGGCGCCCGGGGGGCGGGGGGCCGGGGGCCCGGGCC	48624862	48625161	48625162	48625039	48625080	81	48628106	48628405	48628107	48628133	48628174	231	150
LigP_10334287_10334838	upstream_LG	downstream_LG	32	87.5	243	274	61	92	1.72e-05	GCCGCGCGCCGCGCCGGCGGGGGGCGGGGCCC	GCCGGGCGCGGCGCGGGGGGGGGGCGGGGCCC	10333988	10334287	10334288	10334231	10334262	25	10334838	10335137	10334839	10334899	10334930	207	182
LigP_10718444_12737722	upstream_LG	downstream_LG	38	86.842	64	101	109	146	1.1e-06	GGCGCGGGGCGCCCGGGCCGGGGGCCGCCGGCGCCGCG	GGCGCGGGCGGCCCGGCCCGGGGGGCGCCGGGGCCGCG	10718145	10718444	10718445	10718209	10718246	198	12737722	12738021	12737723	12737831	12737868	153	45
LigP_49850827_49851030	upstream_LG	downstream_LG	36	83.333	2	37	168	203	0.004	CGGGGCGGGCGGGCGGGCCCGCGGGGGGCCGGGGGG	CGGGGGGGGCGGGCCGGGCCGCGCCGGGCCCGGGGG	49850528	49850827	49850828	49850530	49850565	262	49851030	49851329	49851031	49851198	49851233	96	166
LigP_19775562_19776259	upstream_LG	downstream_LG	32	87.5	78	109	254	285	1.72e-05	GGCGCGCGGCGCGGGCGGCGCCCCGGGGGCCG	GGCGCGCGCCGCGCCCGGCGCGCCGGGGGCCG	19775263	19775562	19775563	19775341	19775372	190	19776259	19776558	19776260	19776513	19776544	14	176
LigP_10335253_10352466	upstream_LG	downstream_LG	30	86.667	46	75	73	102	0.000268	GCCCCCGCCCCCCCCGCCGCGCCCCCGGGC	GCCCCCCCCCCCCCGGGCGCGCCCCGGGGC	10334954	10335253	10335254	10335000	10335029	224	10352466	10352765	10352467	10352539	10352568	197	27
LigP_49851330_49876502	upstream_LG	downstream_LG	33	84.848	242	274	222	254	0.001	CCCGCGGCCCCCCCCGCGGCCCGCGGCGGCCCC	CCCGCGGCCGCCGCCCCGGCCCCGGGCGGCCCC	49851031	49851330	49851331	49851273	49851305	25	49876502	49876801	49876503	49876724	49876756	45	20
LigP_308554_506483	upstream_LG	downstream_LG	42	83.333	131	172	64	105	0.000268	CCCCCCCCCCCCCGGCCGGGCGCGCGGGGCGGCGCCCGCGCC	CCCCCCCGCCCCGGGCGGGGCCCGCCGGGCGCCGCCCCCGCC	308255	308554	308555	308386	308427	127	506483	506782	506484	506547	506588	194	67
LigP_13012450_54576047	upstream_LG	downstream_LG	33	84.848	182	214	246	278	0.001	GCCCCCCCCGGGCGCCGCGGGCCCCCCGGCGGG	GCCCCCCCCCGGCCCCCCGCGCCCCCCGCCGGG	13012151	13012450	13012451	13012333	13012365	85	54576047	54576346	54576048	54576293	54576325	21	64
LigP_4066006_4375691	upstream_LG	downstream_LG	44	84.091	249	292	77	120	1.72e-05	GCCCGCCGGCCCCCCGGCCCGCCGCCCGCCGCCCCCCCCCCGCG	GCCCGCCGCCCCGCCCGCCCGCGGGCCGGCCCCCCCCCCCCGCG	4065707	4066006	4066007	4065956	4065999	7	4375691	4375990	4375692	4375768	4375811	179	172
LigP_10718444_10769465	upstream_LG	downstream_LG	37	86.486	260	296	51	87	4.34e-06	GCGGGCGGGCGCGGCGGGGGCCGCGGGCGGGCGGCGG	GCGGGGGGGCGCGGCGCGGGGGGCGGGCCGGCGGCGG	10718145	10718444	10718445	10718405	10718441	3	10769465	10769764	10769466	10769516	10769552	212	209
LigP_13014909_19776261	upstream_LG	downstream_LG	54	81.481	167	220	161	214	0.000268	CCCGGGGCCGGCGGCCGGGCGCGGCCCGGGGGGGCGCGGGGGCCGGGGGGGGGG	CCCGGGGCCGCGGCCCCGGCGCGCGCCGGGGCGGCGCGCGGCCCCGGGGGGGGG	13014610	13014909	13014910	13014777	13014830	79	19776261	19776560	19776262	19776422	19776475	85	6
LigP_35013532_35267840	upstream_LG	downstream_LG	39	82.051	82	120	160	198	0.017	GCCCCGCCGGCGGGGGCGGGGGCCGCGCCCCCCCCCCGC	GCCCCGCGGGCGCGCGCGGGGGCGGCCCCGGCCCCCCGC	35013233	35013532	35013533	35013315	35013353	179	35267840	35268139	35267841	35268000	35268038	101	78
LigP_5621996_5622567	upstream_LG	downstream_LG	32	87.5	6	37	239	270	1.72e-05	GCGGGGCGGGCCGGGGCGGGGGGGCCGCGCCC	GCGGGGCGGGGCGGGGGGGGGCGGGCGCGCCC	5621697	5621996	5621997	5621703	5621734	262	5622567	5622866	5622568	5622806	5622837	29	233
LigP_4063971_4065649	upstream_LG	downstream_LG	35	88.571	233	267	145	179	2.78e-07	CCCCCCCCCCGGCCCCGGCCCCCCCCCCGCGCGGC	CCCCCCCCCCGCCCCGGGGCCCCCCCCCGCCCGGC	4063672	4063971	4063972	4063905	4063939	32	4065649	4065948	4065650	4065794	4065828	120	88
LigP_44961008_45468865	upstream_LG	downstream_LG	36	83.333	171	206	240	275	0.004	GGGGCCGGCGGCCGGGGGGGCGGCCGGGGGGGGGGG	GGGGCGGGCGCCCCGGGGGGGGGGGGGGGGGGGGGG	44960709	44961008	44961009	44960880	44960915	93	45468865	45469164	45468866	45469105	45469140	24	69
LigP_5623057_42333952	upstream_LG	downstream_LG	34	88.235	147	180	177	210	1.1e-06	CGGCCGCGGGCCCCCCGGCGCGGCGCGCGGGCGC	CGGCCGGGGCCCCCCCGGCCCGGCCCGCGGGCGC	5622758	5623057	5623058	5622905	5622938	119	42333952	42334251	42333953	42334129	42334162	89	30
LigP_10335229_10335592	upstream_LG	downstream_LG	31	83.871	157	187	147	177	0.017	CGGGCCCCCCGCCCCCCGCCCCCCGGGGCCG	CGGGGCCCCCCCCCCGCGCCGCGCGGGGCCG	10334930	10335229	10335230	10335087	10335117	112	10335592	10335891	10335593	10335739	10335769	122	10
LigP_1117115_1117240	upstream_LG	downstream_LG	32	87.5	164	195	32	63	1.72e-05	GGGGCCGGGGCCCGCCGGGCCCGGGGCGGCGG	GGGGCCGGGGGCGGCCGGGCCCGCGGGGGCGG	1116816	1117115	1117116	1116980	1117011	104	1117240	1117539	1117241	1117272	1117303	236	132
LigP_11506142_19776276	upstream_LG	downstream_LG	41	85.366	236	276	120	160	4.34e-06	GGCCCCGGGCGGGGGGGCGCCGGCCCGCCGCGCGCCCGGGG	GGCCCCGGGGGGGGGGGCGGGCGCCCGGCCCGCGCCCGGGG	11505843	11506142	11506143	11506079	11506119	23	19776276	19776575	19776277	19776396	19776436	139	116
LigP_7904607_7908284	upstream_LG	downstream_LG	32	81.25	106	137	154	185	1.0	CCCCCGCCGGCCCGGCGCCGCCGCCCCCGCCG	CCCCCGCGCGCCCGGGGCCCCGGCCCCGGCCG	7904308	7904607	7904608	7904414	7904445	162	7908284	7908583	7908285	7908438	7908469	114	48
LigP_13038762_13070336	upstream_LG	downstream_LG	31	87.097	24	54	75	105	6.78e-05	CGGGCGGGGCGGGCGGGGCGGGGGCGGGGGG	CGGGGGGGGCGGGGGGGGCCGGGGCCGGGGG	13038463	13038762	13038763	13038487	13038517	245	13070336	13070635	13070337	13070411	13070441	194	51
LigP_19570529_19776255	upstream_LG	downstream_LG	36	88.889	9	44	91	126	7.04e-08	GGCCCCGCCCCGCCCCGCCCCCGGGGGGGGCCGGCG	GGCCCCGCGCCGCCCGGCCGCCGGGGGGGGCGGGCG	19570230	19570529	19570530	19570239	19570274	255	19776255	19776554	19776256	19776346	19776381	173	82
LigP_18436441_46467893	upstream_LG	downstream_LG	29	86.207	223	251	31	59	0.001	CCGGGGCCCGGGGCCGCCCCGCGGGGGCG	CCGGGCCCCGGGGCCCGCCGGCGGGGGCG	18436142	18436441	18436442	18436365	18436393	48	46467893	46468192	46467894	46467924	46467952	240	192
LigP_18636608_18855180	upstream_LG	downstream_LG	31	83.871	17	47	96	126	0.017	CCCCCCGCGCGCGCGCCCCCGGCCCCCCCCG	CCCCCCGCCCGGCCGCCCCGGGGCCCCCCCG	18636309	18636608	18636609	18636326	18636356	252	18855180	18855479	18855181	18855276	18855306	173	79
LigP_58477395_58477704	upstream_LG	downstream_LG	36	83.333	60	95	182	217	0.004	GCCCCGGCCCCCCCCCCCCCGCGGGCCCGCCCCGGC	GCCCCGGCGCGCCCCCCCCGGGGCCCCCGCCCCGGC	58477096	58477395	58477396	58477156	58477191	204	58477704	58478003	58477705	58477886	58477921	82	122
LigP_19774600_19776255	upstream_LG	downstream_LG	34	91.176	147	180	17	50	4.51e-09	GGGGGGCGCCGGGCCGCGGGGGGCGCCCGGCCCC	GGGGGGCGCCGGGCCGGGGGGCGCGCCCCGCCCC	19774301	19774600	19774601	19774448	19774481	119	19776255	19776554	19776256	19776272	19776305	249	130
LigP_10335251_10335592	upstream_LG	downstream_LG	31	83.871	135	165	147	177	0.017	CGGGCCCCCCGCCCCCCGCCCCCCGGGGCCG	CGGGGCCCCCCCCCCGCGCCGCGCGGGGCCG	10334952	10335251	10335252	10335087	10335117	134	10335592	10335891	10335593	10335739	10335769	122	12
LigP_58477121_58477647	upstream_LG	downstream_LG	37	81.081	47	83	88	124	0.26	GGCCGCCCCCCCCCGCCCCCCCGGCGCCGCCCCCCGG	GGCCCCCCCGCCCCGGCGCCCCGGGGGCCCCCCCCGG	58476822	58477121	58477122	58476869	58476905	216	58477647	58477946	58477648	58477735	58477771	175	41
LigP_19664046_19776261	upstream_LG	downstream_LG	39	82.051	132	170	257	295	0.017	GGGGGGCCCGGCGGCGCCCGCCCCCGCCGCCGCGCCGGG	GGGGGGCGGGGCGGCGCGCGCCGCGCCCGGCGCGCCGGG	19663747	19664046	19664047	19663879	19663917	129	19776261	19776560	19776262	19776518	19776556	4	125
LigP_1234098_1236639	upstream_LG	downstream_LG	31	83.871	206	236	249	279	0.017	GCGGGGGCGCGCCCGCGCCCGGCGCGCGGCC	GCGGGGGGGCGGCCGCGGCCGCCCCGCGGCC	1233799	1234098	1234099	1234005	1234035	63	1236639	1236938	1236640	1236888	1236918	20	43
LigP_13038762_13039294	upstream_LG	downstream_LG	31	87.097	8	38	104	134	6.78e-05	GCCCGGGGGGGCCCCCCGGGCGGGGCGGGCG	GCCCGGGGGGCCCCGCCGGGCCGGGCCGGCG	13038463	13038762	13038763	13038471	13038501	261	13039294	13039593	13039295	13039398	13039428	165	96
LigP_19776478_20052081	upstream_LG	downstream_LG	33	93.939	237	269	171	203	7.31e-11	CCCGCCCCCCCCCCCGGGGCCGCGCGCCGCCCC	CCCGCCCCCCCCCCCGGCGCCGCGGGCCGCCCC	19776179	19776478	19776479	19776416	19776448	30	20052081	20052380	20052082	20052252	20052284	96	66
LigP_13038708_13043136	upstream_LG	downstream_LG	38	86.842	204	241	106	143	1.1e-06	GCGGGGCGCGGCCGCGGGGGCGCGGCGGGCGCCGCCCC	GCGGGGGGCGGCCGCGGGGGCCCGGGGGGGGGCGCCCC	13038409	13038708	13038709	13038613	13038650	58	13043136	13043435	13043137	13043242	13043279	156	98
LigP_10835604_10835632	upstream_LG	downstream_LG	39	87.179	56	94	185	223	2.78e-07	GGCGGGCGGGGGCGGGCGGGGGGCCGGCGGCGGGCCGGG	GGCGCGCGGGGGCGGGGGGGGGGGGGGCGGCGGGGCGGG	10835305	10835604	10835605	10835361	10835399	205	10835632	10835931	10835633	10835817	10835855	76	129
LigP_44891135_49851030	upstream_LG	downstream_LG	32	84.375	4	35	153	184	0.004	CGCGCCGGGGCCGGCCGGGGCGCCGCGGGGGC	CGCGCCGGGCCCGGGGGGCGCGCCGCCGGGGC	44890836	44891135	44891136	44890840	44890871	264	49851030	49851329	49851031	49851183	49851214	115	149
LigP_19619374_19776255	upstream_LG	downstream_LG	29	86.207	234	262	89	117	0.001	CCGCCCGGCCGGGGCGGGGCGCGGGCGCG	CCGCCCGGCCGCCGGGGGGGGCGGGCGCG	19619075	19619374	19619375	19619309	19619337	37	19776255	19776554	19776256	19776344	19776372	182	145
LigP_12790072_12791136	upstream_LG	downstream_LG	37	83.784	24	60	4	40	0.001	GGGCGGCCGCGGGGGCCCCGGGGGCGGCGGCCGGGGC	GGGCGGGCGCCGGGGCCCGGCGCGCGGCGGGCGGGGC	12789773	12790072	12790073	12789797	12789833	239	12791136	12791435	12791137	12791140	12791176	259	20
LigP_2270340_2272806	upstream_LG	downstream_LG	39	82.051	125	163	67	105	0.017	CCCGGGGGGGGGGCGCGCGGCCGGGCCGGGCCCGGGGGG	CCCGCGGGGGGGCCGCGCCCGCGGGCCGGGGGCGGGGGG	2270041	2270340	2270341	2270166	2270204	136	2272806	2273105	2272807	2272873	2272911	194	58
LigP_5586694_18633315	upstream_LG	downstream_LG	31	83.871	235	265	79	109	0.017	CGCGGCCCCGGGCCGGGGCGGCGGGGGGGGG	CGCGGCCCCCGGGCGCCGCGGGGGGGGGGGG	5586395	5586694	5586695	5586630	5586660	34	18633315	18633614	18633316	18633394	18633424	190	156
LigP_880236_888740	upstream_LG	downstream_LG	33	84.848	101	133	209	241	0.001	GCCGGCCCGCCCGCGGGCCCCGGGGCCGCGGGG	GCCGGCCCCCCCGCCGGCGGCGGGGCCCCGGGG	879937	880236	880237	880038	880070	166	888740	889039	888741	888949	888981	58	108
LigP_12975017_13038444	upstream_LG	downstream_LG	32	84.375	54	85	28	59	0.004	CCCGCCCGCCCCCCCGGCCGGGGCCCCCCGGG	CCCGCCCGCCCCGCCCGGGGGGCCCCCCCGGG	12974718	12975017	12975018	12974772	12974803	214	13038444	13038743	13038445	13038472	13038503	240	26
LigP_4046297_4065666	upstream_LG	downstream_LG	30	86.667	116	145	212	241	0.000268	GGGCGGGGGCGGGCGCCGGGGCCCCCCCGC	GGGCGGGGCCCGGGGCCGGGCCCCCCCCGC	4045998	4046297	4046298	4046114	4046143	154	4065666	4065965	4065667	4065878	4065907	58	96
LigP_1605448_1691332	upstream_LG	downstream_LG	32	84.375	252	283	180	211	0.004	GGGCCGCCGCCGCGGCGGGGCCGCGCCCCCGG	GGGCCGCGGCCGGGGGGGGGGGGCGCCCCCGG	1605149	1605448	1605449	1605401	1605432	16	1691332	1691631	1691333	1691512	1691543	88	72
LigP_19653858_19776255	upstream_LG	downstream_LG	43	81.395	24	66	160	202	0.017	GCGCGGGCCGGGGCCGGGCGGGCCCCCGCGGCGGCGGGCGGGC	GCGCGCGCCGGGGCGGCGCGCGGCCCCGGGGGGGGGGGCGGGC	19653559	19653858	19653859	19653583	19653625	233	19776255	19776554	19776256	19776415	19776457	97	136
LigP_13038715_13089107	upstream_LG	downstream_LG	31	87.097	79	109	9	39	6.78e-05	GCGGGCGGGGCGGGGGCGGGGGGGGGCCGGG	GCGGGCGGGGGGGCGGCGCGGGGGGGGCGGG	13038416	13038715	13038716	13038495	13038525	190	13089107	13089406	13089108	13089116	13089146	260	70
LigP_18419317_18879910	upstream_LG	downstream_LG	33	84.848	95	127	225	257	0.001	CGGGCGCGCGGCGGCGCGGGCGGCCGGCCCCGC	CGGGCGCGCGGCGCGGCGGGGGGGGGGCCCCGC	18419018	18419317	18419318	18419113	18419145	172	18879910	18880209	18879911	18880135	18880167	42	130
LigP_2583586_2586058	upstream_LG	downstream_LG	29	82.759	1	29	42	70	0.26	GCCCCCCGGCGGCGGGCCGGCGCCGCCCC	GCCCCCCGCCGCCGGGGCCGCGCGGCCCC	2583287	2583586	2583587	2583288	2583316	270	2586058	2586357	2586059	2586100	2586128	229	41
LigP_56121111_56140895	upstream_LG	downstream_LG	39	82.051	195	233	260	298	0.017	GCCCCGGCCGCGCGCCCGCCCGCGCCCCCCCGGCGGCGC	GCCCCGGCCCCGCCCCGGGCCGCGGCCCCCGGGGGGCGC	56120812	56121111	56121112	56121007	56121045	66	56140895	56141194	56140896	56141155	56141193	1	65
LigP_10335240_10335639	upstream_LG	downstream_LG	31	83.871	146	176	100	130	0.017	CGGGCCCCCCGCCCCCCGCCCCCCGGGGCCG	CGGGGCCCCCCCCCCGCGCCGCGCGGGGCCG	10334941	10335240	10335241	10335087	10335117	123	10335639	10335938	10335640	10335739	10335769	169	46
LigP_71196_73401	upstream_LG	downstream_LG	34	85.294	154	187	216	249	0.000268	GCCGCGCCCCCCCCGGGCGCGGCCCCGGGGCCCC	GCCGCCCCCCGCCCGGGCCGGGGCCCGGGGCCCC	70897	71196	71197	71051	71084	112	73401	73700	73402	73617	73650	50	62
LigP_10718453_49850976	upstream_LG	downstream_LG	33	84.848	83	115	38	70	0.001	CGGCGCCGCGGGCGGCCGCGGGGCGGGGGGGCC	CGGCCCCGCGGGCCCCCCCGGCGCGGGGGGGCC	10718154	10718453	10718454	10718237	10718269	184	49850976	49851275	49850977	49851014	49851046	229	45
LigP_5621800_5622526	upstream_LG	downstream_LG	37	86.486	105	141	61	97	4.34e-06	GGGCCGCGGGCGGGGGCCCCGGGGCCGGGGCCGGGGG	GGGCCGCGGGCGGCCGGCCCGCGGGCGGGGCCGGGGG	5621501	5621800	5621801	5621606	5621642	158	5622526	5622825	5622527	5622587	5622623	202	44
LigP_13038726_13039361	upstream_LG	downstream_LG	31	87.097	44	74	37	67	6.78e-05	GCCCGGGGGGGCCCCCCGGGCGGGGCGGGCG	GCCCGGGGGGCCCCGCCGGGCCGGGCCGGCG	13038427	13038726	13038727	13038471	13038501	225	13039361	13039660	13039362	13039398	13039428	232	7
LigP_49867566_49869807	upstream_LG	downstream_LG	36	83.333	178	213	230	265	0.004	CGCCCCCGCCCCGCCCCGCGCCCGCCCGGGGCCGCG	CGCCCCCGCGGCCCCCCCCGCCCGGCCCGGGCCGCG	49867267	49867566	49867567	49867445	49867480	86	49869807	49870106	49869808	49870037	49870072	34	52
LigP_49851408_49890306	upstream_LG	downstream_LG	29	82.759	256	284	196	224	0.26	CGCCGGGGGCCCCCCCGGGGGCCGCGGCC	CGCCGGGCGCGCCCGCGGCGGCGGCGGCC	49851109	49851408	49851409	49851365	49851393	15	49890306	49890605	49890307	49890502	49890530	75	60
LigP_12681892_13038415	upstream_LG	downstream_LG	34	85.294	213	246	255	288	0.000268	GCCGGGCCCGCGGCGGCCCGGGGGCGCGCCGGGC	GCCGGGCCGGCCGCGGCCGGGCGGCGGGCCGGGC	12681593	12681892	12681893	12681806	12681839	53	13038415	13038714	13038416	13038670	13038703	11	42
LigP_1450372_1451211	upstream_LG	downstream_LG	31	87.097	246	276	99	129	6.78e-05	GGCCCGGCCGCGCGCGGGCGGGCGCGCGCCC	GGCCGGGCGGCGCGCGGGGCGGCGCGCGCCC	1450073	1450372	1450373	1450319	1450349	23	1451211	1451510	1451212	1451310	1451340	170	147
LigP_17766918_17775256	upstream_LG	downstream_LG	29	93.103	40	68	137	165	1.78e-08	CCCGCCCCCGGGGCCCCCGCCCCGCCCCG	CCCGCCGCCGGGCCCCCCGCCCCGCCCCG	17766619	17766918	17766919	17766659	17766687	231	17775256	17775555	17775257	17775393	17775421	134	97
LigP_14005973_14434019	upstream_LG	downstream_LG	30	83.333	151	180	146	175	0.065	GCGCCCCCGGCGCGCGGGGGCCCCCCGCCC	GCGCCCCCCGCCCGGGGGGGGGCCCCGCCC	14005674	14005973	14005974	14005825	14005854	119	14434019	14434318	14434020	14434165	14434194	124	5
LigP_13038872_13040497	upstream_LG	downstream_LG	36	83.333	52	87	239	274	0.004	CGCGGGGGCGCGGCGGGCGCCGCCCCCCGCCCGCCC	CGCGGGCGCGCGGGGGGCGGGCCCCCCCCCCCGCCC	13038573	13038872	13038873	13038625	13038660	212	13040497	13040796	13040498	13040736	13040771	25	187
LigP_19679985_19776289	upstream_LG	downstream_LG	31	83.871	151	181	118	148	0.017	CGGCGCCGGGGGCGCGGGGGGGGGCCCGGCC	CGGCCCCGGGGGGGGGGGCGGGCGCCCGGCC	19679686	19679985	19679986	19679837	19679867	118	19776289	19776588	19776290	19776407	19776437	151	33
LigP_12696103_19776252	upstream_LG	downstream_LG	29	86.207	246	274	143	171	0.001	GGGGCGGCCGCGGGGCCCGCGCCGGGGGC	GGGGCGGGCGCCCGGCCCGCGCCCGGGGC	12695804	12696103	12696104	12696050	12696078	25	19776252	19776551	19776253	19776395	19776423	128	103
LigP_10335236_10350435	upstream_LG	downstream_LG	46	84.783	57	102	75	120	1.1e-06	CGGCCGGCCCCCGCCCCCCCCGCCGCGCCCCCGGGCCGCCGGGGCC	CGGCGGGCCCGCGCCCCCCCCGCCGGGGCCCGCGGCCCCCGGGGCC	10334937	10335236	10335237	10334994	10335039	197	10350435	10350734	10350436	10350510	10350555	179	18
LigP_19776007_19776255	upstream_LG	downstream_LG	30	83.333	33	62	66	95	0.065	GGGCGGGGCCGGCGGCCCCGGGCGCGGGCC	GGGCGCGGCCGGGGGCGCGGGGGGCGGGCC	19775708	19776007	19776008	19775741	19775770	237	19776255	19776554	19776256	19776321	19776350	204	33
LigP_3388103_3563623	upstream_LG	downstream_LG	47	82.979	116	162	133	179	6.78e-05	CCCGGCCGGGCCCCCCCGCCCCCCCCGGCGGCCCGGGGGGCCCGGGG	CCCGGCCCGGCCCCCCCGGCCCCGCCCCCGGCGGGGGGGGCCGGGGG	3387804	3388103	3388104	3387920	3387966	137	3563623	3563922	3563624	3563756	3563802	120	17
LigP_12989996_13038451	upstream_LG	downstream_LG	29	86.207	71	99	250	278	0.001	CGCGCGCGCGCGGGGGGCCGGGGCGCGCC	CGCGCGCGCGGCCGGGGCCGGGGGGCGCC	12989697	12989996	12989997	12989768	12989796	200	13038451	13038750	13038452	13038701	13038729	21	179
LigP_48625085_48629009	upstream_LG	downstream_LG	80	81.25	120	199	61	140	7.04e-08	CCGGGGGGCGCGGGGGGCGGGGCCGGCGGGCGGCCGGGCGGGGCGGCGGGGGGCGGGGGCGGGCGGGGGGGGGGGGCGGG	CCGGGGGGCGGGGCGGGCGGGGGCCCCGGCGGGCCGGGGGGGGCCGGGGCGGGCCGGGGCGGGGGGGGGGGCGGGCCGGG	48624786	48625085	48625086	48624906	48624985	100	48629009	48629308	48629010	48629070	48629149	159	59
