LigP_ID	query_ID	subject_ID	length	perc_id	q_start	q_end	s_start	s_end	evalue	q_seq	s_seq	start_harbor	end_harbor	end_LG1	start_homolog1	end_homolog1	LG1_distance	start_harbor2	end_harbor2	end_LG2	start_homolog2	end_homolog2	LG2_distance	Ligshift
LigP_5229449_5234224	upstream_LG	downstream_LG	45	82.222	51	95	9	53	0.001	GGGGGCCCCGGGGCCCCGGCCGGCGGGGGCCGCCGCCCCCCCGGG	GGGGCCCCCGGGCCCCCGGCGGGCGCCGGCCCCCCGCCCCCCGGG	5229150	5229449	5229450	5229201	5229245	204	5234224	5234523	5234225	5234233	5234277	246	42
LigP_112778748_133833376	upstream_LG	downstream_LG	31	87.097	258	288	228	258	6.78e-05	CGCGCGCCCGGGGGGCGGCGCGGCCCCGGGG	CGCGCGGCCGGGGCGCCGCGCGGCCGCGGGG	112778449	112778748	112778749	112778707	112778737	11	133833376	133833675	133833377	133833604	133833634	41	30
LigP_5227276_5227659	upstream_LG	downstream_LG	40	85.0	95	134	142	181	1.72e-05	CGGGCGGCGGGCGGCCCCGCCCCGGCCCCCGCGCCCGGCC	CGGGCCGCGGGCGGCCCCCCGCCCGCCCGCGCCCCCGGCC	5226977	5227276	5227277	5227072	5227111	165	5227659	5227958	5227660	5227801	5227840	118	47
LigP_5227134_5269380	upstream_LG	downstream_LG	29	82.759	139	167	174	202	0.26	CCCGCGGGGCGGCGGCGGCGGGCCCCCCC	CCCGCGGCGGGGGGGCGCCGGCCCCCCCC	5226835	5227134	5227135	5226974	5227002	132	5269380	5269679	5269381	5269554	5269582	97	35
LigP_5227155_5291406	upstream_LG	downstream_LG	30	83.333	152	181	34	63	0.065	GGCCGGGCGCGCCGCGGCGCCCGCCCGGGG	GGCCGGGGCCGCCGCCGCGGCCGCCGGGGG	5226856	5227155	5227156	5227008	5227037	118	5291406	5291705	5291407	5291440	5291469	236	118
LigP_5227156_122504034	upstream_LG	downstream_LG	31	87.097	121	151	10	40	6.78e-05	CGGGGCGGCGGCGGCGGGCCCCCCCCCGGGG	CGGGGGGGGGGCGGCCGGCCCCCCCCGGGGG	5226857	5227156	5227157	5226978	5227008	148	122504034	122504333	122504035	122504044	122504074	259	111
LigP_5227180_5227123	upstream_LG	downstream_LG	29	82.759	251	279	9	37	0.26	CCCCGGGGGCGGGCCGGCCGGCCCCGGGG	CCCCGGGGCCGGCCGGCCCGCCCCCGGGG	5226881	5227180	5227181	5227132	5227160	20	5227123	5227422	5227124	5227132	5227160	262	242
LigP_5227229_5288430	upstream_LG	downstream_LG	30	86.667	44	73	243	272	0.000268	CCCGCGGGGCGGCGGCGGCGGGCCCCCCCC	CCCGCGGGGGGGCGGGCGCGCGCCCCCCCC	5226930	5227229	5227230	5226974	5227003	226	5288430	5288729	5288431	5288673	5288702	27	199
LigP_5227340_5233977	upstream_LG	downstream_LG	35	82.857	188	222	247	281	0.017	CGGGGGCCGGGCCCCGGGCCCCCGGCCCCCCCCCC	CGGGCGCCGGCCCCCCGCCCCCCGGGCCGCCCCCC	5227041	5227340	5227341	5227229	5227263	77	5233977	5234276	5233978	5234224	5234258	18	59
LigP_68742658_68751402	upstream_LG	downstream_LG	31	87.097	151	181	175	205	6.78e-05	CCCGCCCCGGCGCCGGCCGCGCGCCCCGCCC	CCCGCCCCGGCCCCGGCCCCGCCCCGCGCCC	68742359	68742658	68742659	68742510	68742540	118	68751402	68751701	68751403	68751577	68751607	94	24
LigP_5234662_5281434	upstream_LG	downstream_LG	30	86.667	131	160	39	68	0.000268	CCGGCCCCGCCCCGCCCCCCGCGCCGGCCC	CCGGCCGCCCCCCGCCCCCCGGGGCGGCCC	5234363	5234662	5234663	5234494	5234523	139	5281434	5281733	5281435	5281473	5281502	231	92
LigP_64637900_64638726	upstream_LG	downstream_LG	41	82.927	93	133	132	172	0.001	GGGGGGCCCCGCCGGGCCCCCCGGCCCCCCGGGCCGGGGGG	GGGGCGCCCCGCCGGGCGGGCGGGCCCCCGGGCCCGGGGGG	64637601	64637900	64637901	64637694	64637734	166	64638726	64639025	64638727	64638858	64638898	127	39
LigP_72221655_72222949	upstream_LG	downstream_LG	29	86.207	148	176	14	42	0.001	GCGCCCCCGGGCCCCGCCCCCCCGCCCCG	GCGCCCCCGGGGCCCGGCGGCCCGCCCCG	72221356	72221655	72221656	72221504	72221532	123	72222949	72223248	72222950	72222963	72222991	257	134
LigP_5226803_5226909	upstream_LG	downstream_LG	31	87.097	19	49	207	237	6.78e-05	GGCCCGGCCGCGGGGGGGGGGGGGGGGGGGG	GGCCCGCCCCCGGGGGCGGGGGGGGCGGGGG	5226504	5226803	5226804	5226523	5226553	250	5226909	5227208	5226910	5227116	5227146	62	188
LigP_2154542_2154626	upstream_LG	downstream_LG	44	81.818	23	66	61	104	0.004	GCGGCGCGGGCGGCGCCGGGCCGGGCCCGCGGCCCCGGGGGCGG	GCGGCGGGGGCGGCGGGGCGCCCGGGCCCCGGCCCCGGCGGCGG	2154243	2154542	2154543	2154266	2154309	233	2154626	2154925	2154627	2154687	2154730	195	38
LigP_102346098_108121239	upstream_LG	downstream_LG	31	93.548	221	251	209	239	1.14e-09	GCGGCCGGCCGGCGGGCGGGGGCGGCGCGGG	GCGGCCGGCCGGCGGCCGGGGGCGGGGCGGG	102345799	102346098	102346099	102346020	102346050	48	108121239	108121538	108121240	108121448	108121478	60	12
LigP_64342407_64342420	upstream_LG	downstream_LG	41	87.805	51	91	4	44	1.78e-08	GGGGGGGGGCCGGGCGGGGGGGGGCGGGCCGGGCCCGGGCG	GGGGGGGGGCCGGGCCGGGGGGGGGGCGGCGGGGCCGGGCG	64342108	64342407	64342408	64342159	64342199	208	64342420	64342719	64342421	64342424	64342464	255	47
LigP_5227221_5844474	upstream_LG	downstream_LG	30	83.333	229	258	180	209	0.065	GGCCCCGGGGCGCGGCCCCGCGGGGCGGGG	GGCCCGGGGGCGGCGCCCCCCCGGGCGGGG	5226922	5227221	5227222	5227151	5227180	41	5844474	5844773	5844475	5844654	5844683	90	49
LigP_57499762_57501230	upstream_LG	downstream_LG	30	86.667	70	99	57	86	0.000268	GGCGCCGCCCGCGCCCGGCGCCGCGGGCGG	GGCGCCGCCCGGGGCGGGCGGCGCGGGCGG	57499463	57499762	57499763	57499533	57499562	200	57501230	57501529	57501231	57501287	57501316	213	13
LigP_5227225_5228611	upstream_LG	downstream_LG	47	85.106	135	181	168	214	2.78e-07	GGGGGCGGGCGCGGGCGGCGGGCGGCCCCGCCCCGGCCCCCGCGCCC	GGGGGCGGGCGCGGGGGGGGGGCGCCCGGGCCCCGCCCCCCCCGCCC	5226926	5227225	5227226	5227061	5227107	118	5228611	5228910	5228612	5228779	5228825	85	33
LigP_5227149_5233368	upstream_LG	downstream_LG	31	83.871	216	246	247	277	0.017	CGGGCGCGGGCGGCGGGCGGCCCCGCCCCGG	CGGGGGCGGGGGGCGCGGGGCGCCGCCCCGG	5226850	5227149	5227150	5227066	5227096	53	5233368	5233667	5233369	5233615	5233645	22	31
LigP_119487209_119491713	upstream_LG	downstream_LG	29	86.207	58	86	235	263	0.001	CGGGGGGCCGGGGGCGGGGCGCGCCCGGG	CGGGCGGCCGGGGGCGCCGCGCCCCCGGG	119486910	119487209	119487210	119486968	119486996	213	119491713	119492012	119491714	119491948	119491976	36	177
LigP_5227134_120128018	upstream_LG	downstream_LG	43	86.047	129	171	125	167	2.78e-07	CCCGCCCCGCCCCGCGGGGCGGCGGCGGCGGGCCCCCCCCCGG	CCCGCGCCGCCCCGGCGGGCGGGGGCCCCGGGCCCCCCCCCGG	5226835	5227134	5227135	5226964	5227006	128	120128018	120128317	120128019	120128143	120128185	132	4
LigP_89782096_108121240	upstream_LG	downstream_LG	30	83.333	241	270	150	179	0.065	CCGGCGGGCGCCGCCGGGGGGCGGGCGCGG	CCGGGGGGGGCCGGCGGGCGGGGGGCGCGG	89781797	89782096	89782097	89782038	89782067	29	108121240	108121539	108121241	108121390	108121419	120	91
LigP_5227249_6481216	upstream_LG	downstream_LG	34	85.294	179	212	13	46	0.000268	CGCCCCCGGGGGCGGGCCGGCCGGCCCCGGGGCG	CGCCCCGGGGGGGGGGGCGGCCCGGCCCGGGGCG	5226950	5227249	5227250	5227129	5227162	87	6481216	6481515	6481217	6481229	6481262	253	166
LigP_5227180_5235033	upstream_LG	downstream_LG	47	80.851	141	187	182	228	0.017	CGGCGCCCGCCCGGGGCCGCCGGCGGGCGCGGCCGCGCCGGGGGCGG	CGGCGCGCCCCCGGGGGCCCCGCCGGGCCCGGCCCGGCCGGGCGCGG	5226881	5227180	5227181	5227022	5227068	112	5235033	5235332	5235034	5235215	5235261	71	41
LigP_2154520_2159344	upstream_LG	downstream_LG	36	88.889	222	257	79	114	7.04e-08	GGGGCGCCCCGGCCCCCCCCCCCCCCCCGGGCCCCC	GGGGCGCCCCGGCGGCCCCCCCCCCGCCCGGCCCCC	2154221	2154520	2154521	2154443	2154478	42	2159344	2159643	2159345	2159423	2159458	185	143
LigP_5234611_5326078	upstream_LG	downstream_LG	48	83.333	58	105	69	116	1.72e-05	CCCGCGCCCGCCCCGCCCCGCGGGGCGCCGGCGGCGGCCCCCCCCCCG	CCCGCGCCCCCCCCCGCCCCCGGGGCCCCGGGCGCGGCCCGCCCCCCG	5234312	5234611	5234612	5234370	5234417	194	5326078	5326377	5326079	5326147	5326194	183	11
LigP_5234132_5234233	upstream_LG	downstream_LG	40	82.5	84	123	76	115	0.004	GGGCGGGCGGGCGGGGGGGCCGGGGCGCGGGGCCGGGGGG	GGGCGGGCCGGCGCCGGGGCCGCGGGGGGGGCCCGGGGGG	5233833	5234132	5234133	5233917	5233956	176	5234233	5234532	5234234	5234309	5234348	184	8
LigP_5226802_5226884	upstream_LG	downstream_LG	31	87.097	20	50	232	262	6.78e-05	GGCCCGGCCGCGGGGGGGGGGGGGGGGGGGG	GGCCCGCCCCCGGGGGCGGGGGGGGCGGGGG	5226503	5226802	5226803	5226523	5226553	249	5226884	5227183	5226885	5227116	5227146	37	212
LigP_113873313_113875064	upstream_LG	downstream_LG	41	87.805	97	137	199	239	1.78e-08	GGGGGGGCGGGGCGCCCCGGGGGGCCCGGGGCGGGGGGGCC	GGGGGGGCCGGGGGCCCCGCGGGGCCCGGGCCGCGGGGGCC	113873014	113873313	113873314	113873111	113873151	162	113875064	113875363	113875065	113875263	113875303	60	102
LigP_108121539_108121586	upstream_LG	downstream_LG	47	85.106	168	214	96	142	2.78e-07	GGCCCCCCCCGGCCCGGGCCGCGGCGCCCCGGCGCCGGGCCCCGCCC	GGCCCCCCGCGCCCCGGGCCCGGGCGCCGCGGGGGCGGGCCCCGCCC	108121240	108121539	108121540	108121408	108121454	85	108121586	108121885	108121587	108121682	108121728	157	72
LigP_119743314_119942200	upstream_LG	downstream_LG	29	86.207	100	128	155	183	0.001	CCCGCCCCCGGCCCCCGCCCCCGGCCCCG	CCCGGCCCCGGCGCCCCCCCCCGCCCCCG	119743015	119743314	119743315	119743115	119743143	171	119942200	119942499	119942201	119942355	119942383	116	55
LigP_46134955_46238078	upstream_LG	downstream_LG	42	80.952	239	280	78	119	0.065	GGGGGGGCCGGGCGGGGGGCCGGCCCCCCGCCCCCGCGCGCG	GGGGGGGCCCGGCCCGGGCCCGCCGCCCCGCGCCCGCCCGCG	46134656	46134955	46134956	46134895	46134936	19	46238078	46238377	46238079	46238156	46238197	180	161
LigP_5225977_5226815	upstream_LG	downstream_LG	36	91.667	256	291	149	184	2.89e-10	GGGGGCCGCCGCCGCCGCCCCCCGGGGCGGCGCGGG	GGGGCCCGCCGCCGCCGCCCCGCGGGGCGGGGCGGG	5225678	5225977	5225978	5225934	5225969	8	5226815	5227114	5226816	5226964	5226999	115	107
LigP_5225276_5226773	upstream_LG	downstream_LG	38	81.579	162	199	83	120	0.065	GGCGCGGGGCGGGCGGGCGGGCGGCGGGGGGGCGCCCG	GGCGGGGGCCGGGCGCGCGGGGGCGGGGGGGGCCCCCG	5224977	5225276	5225277	5225139	5225176	100	5226773	5227072	5226774	5226856	5226893	179	79
LigP_57499759_57500709	upstream_LG	downstream_LG	57	82.456	240	296	195	251	4.34e-06	CGGGGGGGGCGGGGGGGGGCCGGGGGGCGGCGCCGGCGCCGGGCCCCGCCGCCGGCC	CGGGGGGGGGGCGGGCGGGGCGGGGGCGGGCGCCCGCCCCGGCCCCCGCCCCCGGCC	57499460	57499759	57499760	57499700	57499756	3	57500709	57501008	57500710	57500904	57500960	48	45
LigP_5227171_5291077	upstream_LG	downstream_LG	29	89.655	13	41	214	242	4.34e-06	GCCCCCGCCGGCCCCCCCGGGCCCGCCCC	GCCCCCCCCGGCCCCCCCGGCCCCCCCCC	5226872	5227171	5227172	5226885	5226913	258	5291077	5291376	5291078	5291291	5291319	57	201
LigP_5227140_5229363	upstream_LG	downstream_LG	31	83.871	94	124	179	209	0.017	CCGGGGCCCCGCCGCCGGCCCCGCCCGCGCC	CCGGGGCCCCGGCCGCGGCCGGGCCCGCGCC	5226841	5227140	5227141	5226935	5226965	175	5229363	5229662	5229364	5229542	5229572	90	85
LigP_5227260_6389908	upstream_LG	downstream_LG	35	85.714	186	220	198	232	6.78e-05	GGCCGGCCCCGGGGCGCGGCCCCGCGGGGCGGGGC	GGCCGGCCCCGGCGCCCGGCCCGGGGGGGGGGGGC	5226961	5227260	5227261	5227147	5227181	79	6389908	6390207	6389909	6390106	6390140	67	12
LigP_5234085_5234238	upstream_LG	downstream_LG	40	82.5	131	170	71	110	0.004	GGGCGGGCGGGCGGGGGGGCCGGGGCGCGGGGCCGGGGGG	GGGCGGGCCGGCGCCGGGGCCGCGGGGGGGGCCCGGGGGG	5233786	5234085	5234086	5233917	5233956	129	5234238	5234537	5234239	5234309	5234348	189	60
LigP_5227260_5227692	upstream_LG	downstream_LG	40	85.0	111	150	109	148	1.72e-05	CGGGCGGCGGGCGGCCCCGCCCCGGCCCCCGCGCCCGGCC	CGGGCCGCGGGCGGCCCCCCGCCCGCCCGCGCCCCCGGCC	5226961	5227260	5227261	5227072	5227111	149	5227692	5227991	5227693	5227801	5227840	151	2
LigP_5234532_5240370	upstream_LG	downstream_LG	31	90.323	206	236	172	202	2.78e-07	CCCGCCCGGGGCCGCCGGCGGGCGCCGCCGC	CCCGCCCGGGCCCGGCGGCGGGCGCGGCCGC	5234233	5234532	5234533	5234439	5234469	63	5240370	5240669	5240371	5240542	5240572	97	34
LigP_5226744_5226835	upstream_LG	downstream_LG	34	85.294	95	128	7	40	0.000268	GGGGGGGGGGGGGGGCGCCGGGCGCCCCGCGGGC	GGGGGCGGGGGGGGCCCCCGGGCCCCCGGCGGGC	5226445	5226744	5226745	5226540	5226573	171	5226835	5227134	5226836	5226842	5226875	259	88
LigP_46285686_65572020	upstream_LG	downstream_LG	29	86.207	107	135	150	178	0.001	CCGGGGCCCCGGCCCCCGGGGGGGGCGCG	CCGGCGCCCGGGCGCCCGGGGCGGGCGCG	46285387	46285686	46285687	46285494	46285522	164	65572020	65572319	65572021	65572170	65572198	121	43
LigP_108104347_108121272	upstream_LG	downstream_LG	33	87.879	141	173	111	143	4.34e-06	GGGGGGCCGCCGCGCGGGCGGCGGGGGCGGGGG	GGGGGGCCGGCGGGCGGGGGGCGCGGGCGGGGG	108104048	108104347	108104348	108104189	108104221	126	108121272	108121571	108121273	108121383	108121415	156	30
LigP_5234640_5240027	upstream_LG	downstream_LG	29	82.759	214	242	202	230	0.26	CGGGGCGGGCGGGGCCCCGCCGGCCCGCG	CGGGGCGGGGCGGGCGCCGGCCGCCCGCG	5234341	5234640	5234641	5234555	5234583	57	5240027	5240326	5240028	5240229	5240257	69	12
LigP_57499761_57514269	upstream_LG	downstream_LG	29	89.655	172	200	138	166	4.34e-06	GGCCCGGCGCGGGGCGCCCCCGCCCGGGC	GGCCCGGCCCCGGGCGCCCCGGCCCGGGC	57499462	57499761	57499762	57499634	57499662	99	57514269	57514568	57514270	57514407	57514435	133	34
LigP_2859441_5226841	upstream_LG	downstream_LG	32	87.5	190	221	45	76	1.72e-05	CCGCGGGCCGGGCGCGGGGGGGGGGGCGGGGG	CCGCGGGGCGGGCCCGGGGGGGCCGGCGGGGG	2859142	2859441	2859442	2859332	2859363	78	5226841	5227140	5226842	5226886	5226917	223	145
LigP_5227277_34208277	upstream_LG	downstream_LG	32	87.5	37	68	163	194	1.72e-05	CGCGCCGCGGCGCCCGCCCGGGGCCGCCGGCG	CGCGCCCCGGGGCCCGCCCGCGGCCGCGGGCG	5226978	5227277	5227278	5227015	5227046	231	34208277	34208576	34208278	34208440	34208471	105	126
LigP_66068776_66069557	upstream_LG	downstream_LG	30	83.333	74	103	191	220	0.065	GGGGGGCCCGGGCCCGGCGCCCCCCCCGCG	GGGGGCCCGGGGCCCGGGGGGCCCCCCGCG	66068477	66068776	66068777	66068551	66068580	196	66069557	66069856	66069558	66069748	66069777	79	117
LigP_80498103_108121241	upstream_LG	downstream_LG	31	83.871	11	41	223	253	0.017	CGCCCCCCGGGCGCCGGCCGCGCGCCGGCGG	CGCCCCCCGGCCGGCGGCGGCCGGCCGGCGG	80497804	80498103	80498104	80497815	80497845	258	108121241	108121540	108121242	108121464	108121494	46	212
LigP_5234545_5239942	upstream_LG	downstream_LG	29	89.655	170	198	107	135	4.34e-06	CGGGGGCCGGGCGCGCCGCGGCGCCCGCC	CGGGGGCCGGGCCCCCCGCGCCGCCCGCC	5234246	5234545	5234546	5234416	5234444	101	5239942	5240241	5239943	5240049	5240077	164	63
LigP_5234114_5234224	upstream_LG	downstream_LG	40	82.5	102	141	85	124	0.004	GGGCGGGCGGGCGGGGGGGCCGGGGCGCGGGGCCGGGGGG	GGGCGGGCCGGCGCCGGGGCCGCGGGGGGGGCCCGGGGGG	5233815	5234114	5234115	5233917	5233956	158	5234224	5234523	5234225	5234309	5234348	175	17
LigP_5227221_5227291	upstream_LG	downstream_LG	32	84.375	230	261	142	173	0.004	GCCCCGGGGCGCGGCCCCGCGGGGCGGGGCCC	GCCCCGGGGCCGGGCCGCGGCGGGCGGGGCCC	5226922	5227221	5227222	5227152	5227183	38	5227291	5227590	5227292	5227433	5227464	126	88
LigP_5224979_5226823	upstream_LG	downstream_LG	35	88.571	72	106	84	118	2.78e-07	GCCCGGGGCGGGCCCGCGGCGGGGCGGCGGGGCGG	GCCCCGGGCGGGCCGGCGCCGGGGCCGCGGGGCGG	5224680	5224979	5224980	5224752	5224786	193	5226823	5227122	5226824	5226907	5226941	181	12
LigP_5227316_5227722	upstream_LG	downstream_LG	40	85.0	55	94	79	118	1.72e-05	CGGGCGGCGGGCGGCCCCGCCCCGGCCCCCGCGCCCGGCC	CGGGCCGCGGGCGGCCCCCCGCCCGCCCGCGCCCCCGGCC	5227017	5227316	5227317	5227072	5227111	205	5227722	5228021	5227723	5227801	5227840	181	24
LigP_5227260_5299822	upstream_LG	downstream_LG	32	87.5	223	254	147	178	1.72e-05	GGGCGGCGGCGGCCGCGCCCGCCCCCGGCCCC	GGGCGGCGGCCCCCCCGCCCGCCGCCGGCCCC	5226961	5227260	5227261	5227184	5227215	45	5299822	5300121	5299823	5299969	5300000	121	76
LigP_5227256_5879844	upstream_LG	downstream_LG	36	83.333	177	212	164	199	0.004	CCGGGGGCGGGCCGGCCGGCCCCGGGGCGCGGCCCC	CCGGCGGCGGGCGGGCGGCCCCCGGGGGGGGGCCCC	5226957	5227256	5227257	5227134	5227169	87	5879844	5880143	5879845	5880008	5880043	100	13
LigP_86659545_86671755	upstream_LG	downstream_LG	38	84.211	139	176	212	249	0.000268	GCCGCCCGGGGGGGGGGCCCCCCCCCGCCGCCCGCCCC	GCCGGCCGGGGGGGGGCCCCGGCCCCGCCCCCCCCCCC	86659246	86659545	86659546	86659385	86659422	123	86671755	86672054	86671756	86671967	86672004	50	73
LigP_5200508_5226838	upstream_LG	downstream_LG	31	87.097	161	191	268	298	6.78e-05	CGGGGCCGGGCGGCGCGGGGGCCCGGGCCGG	CGGGGGCGGGGGGGGCGGGGGCCGGGGCCGG	5200209	5200508	5200509	5200370	5200400	108	5226838	5227137	5226839	5227106	5227136	1	107
LigP_91818100_108121267	upstream_LG	downstream_LG	36	86.111	14	49	71	106	1.72e-05	CGGGGCCGGCGGCGGCCCGGGGCCCCGCGGGCCCCC	CGGGGCCGGCGGGCGCCCGGCGCGCCGCCGGCCCCC	91817801	91818100	91818101	91817815	91817850	250	108121267	108121566	108121268	108121338	108121373	193	57
LigP_5227272_43576226	upstream_LG	downstream_LG	36	88.889	173	208	258	293	7.04e-08	CGGCCGGCCCCGGGGCGCGGCCCCGCGGGGCGGGGC	CGGCCGGCCCCCGGGCGCGGCCGCGGGGGGGGGGGC	5226973	5227272	5227273	5227146	5227181	91	43576226	43576525	43576227	43576484	43576519	6	85
LigP_4795186_5226899	upstream_LG	downstream_LG	42	83.333	61	102	80	121	0.000268	GGCGCCCCCGCCGCCCGGGCGGGGGCGCCCCGCGGCCGCCCC	GGCGCGCCCGGCCCCCGGGGGGGGGCCCGCCGCCGCCGCCCC	4794887	4795186	4795187	4794948	4794989	197	5226899	5227198	5226900	5226979	5227020	178	19
LigP_5234559_5290921	upstream_LG	downstream_LG	41	90.244	238	278	83	123	7.31e-11	CCCCGCCCCGCCCCCCGCGCCGGCCCCGCCCCCCCCGCCCC	CCCCCCCCCGCCCCCCGCCCCGCCCCCCCCCCCCCCGCCCC	5234260	5234559	5234560	5234498	5234538	21	5290921	5291220	5290922	5291004	5291044	176	155
LigP_5131867_5226870	upstream_LG	downstream_LG	31	83.871	87	117	57	87	0.017	CGGGGCCGGCCCCGGGCCCCCGCGGGGGCCG	CGGGGCCGGCGGCGGGGCCCCGGGCGGGCCG	5131568	5131867	5131868	5131655	5131685	182	5226870	5227169	5226871	5226927	5226957	212	30
LigP_108121572_108121612	upstream_LG	downstream_LG	47	85.106	135	181	70	116	2.78e-07	GGCCCCCCCCGGCCCGGGCCGCGGCGCCCCGGCGCCGGGCCCCGCCC	GGCCCCCCGCGCCCCGGGCCCGGGCGCCGCGGGGGCGGGCCCCGCCC	108121273	108121572	108121573	108121408	108121454	118	108121612	108121911	108121613	108121682	108121728	183	65
LigP_76680973_76696714	upstream_LG	downstream_LG	32	84.375	124	155	228	259	0.004	GCGGGGGGCCGCCGGGGGGCCCCCCCCGCGCC	GCGGCGGGCCGGCGGGGGCGCGCCCCCGCGCC	76680674	76680973	76680974	76680798	76680829	144	76696714	76697013	76696715	76696942	76696973	40	104
LigP_65858059_65858116	upstream_LG	downstream_LG	49	83.673	201	249	70	118	4.34e-06	CCCGCCCCCCCGCGCGGGGCCCCCGCCCCGCCCGGGGCGCCGGGGGGGG	CCCGCCCCCCGCCGCGCGGCCCCCGCCGGGCGGGGGGGGCCGGGGGGGG	65857760	65858059	65858060	65857961	65858009	50	65858116	65858415	65858117	65858186	65858234	181	131
LigP_5227125_5229997	upstream_LG	downstream_LG	36	83.333	254	289	127	162	0.004	GGGCGGCCCCGCCCCGGCCCCCGCGCCCGGCCCCGG	GGGCGCCCCCGCCCCGCCCCGGCCGGCCGGCCCCGG	5226826	5227125	5227126	5227080	5227115	10	5229997	5230296	5229998	5230124	5230159	137	127
LigP_5225005_5226820	upstream_LG	downstream_LG	35	88.571	46	80	87	121	2.78e-07	GCCCGGGGCGGGCCCGCGGCGGGGCGGCGGGGCGG	GCCCCGGGCGGGCCGGCGCCGGGGCCGCGGGGCGG	5224706	5225005	5225006	5224752	5224786	219	5226820	5227119	5226821	5226907	5226941	178	41
LigP_5234607_5474534	upstream_LG	downstream_LG	33	87.879	117	149	163	195	4.34e-06	GGCGCGCCGCGGCGCCCGCCCGGGGCCGCCGGC	GGCGCGCCGGGGCGCGCGCGCGGCGCCGCCGGC	5234308	5234607	5234608	5234425	5234457	150	5474534	5474833	5474535	5474697	5474729	104	46
LigP_70491185_70834221	upstream_LG	downstream_LG	32	84.375	139	170	48	79	0.004	GGGGGGGGCCCGGGGCCCCCCCCCCCCCCCCC	GGGGCGGGCCCGGGCGCCCCCCCGCGCCCCCC	70490886	70491185	70491186	70491025	70491056	129	70834221	70834520	70834222	70834269	70834300	220	91
LigP_5234652_5291173	upstream_LG	downstream_LG	31	87.097	246	276	103	133	6.78e-05	CCCCCGCCCCGCCGCCCCCCCGGCCCGCCCC	CCCCCGGCCCCCCCCCCCCCCGGCGCGCCCC	5234353	5234652	5234653	5234599	5234629	23	5291173	5291472	5291174	5291276	5291306	166	143
LigP_5226777_5226922	upstream_LG	downstream_LG	31	87.097	45	75	194	224	6.78e-05	GGCCCGGCCGCGGGGGGGGGGGGGGGGGGGG	GGCCCGCCCCCGGGGGCGGGGGGGGCGGGGG	5226478	5226777	5226778	5226523	5226553	224	5226922	5227221	5226923	5227116	5227146	75	149
LigP_5234110_5234233	upstream_LG	downstream_LG	40	82.5	106	145	76	115	0.004	GGGCGGGCGGGCGGGGGGGCCGGGGCGCGGGGCCGGGGGG	GGGCGGGCCGGCGCCGGGGCCGCGGGGGGGGCCCGGGGGG	5233811	5234110	5234111	5233917	5233956	154	5234233	5234532	5234234	5234309	5234348	184	30
LigP_2154540_2155047	upstream_LG	downstream_LG	50	84.0	202	251	1	50	1.1e-06	GGGGCGCCCCGGCCCCCCCCCCCCCCCCGGGCCCCCGGGCGGCCCCCCCC	GGGGCGCCGCGGGCCCCGCGCCCCGCCCGGGCCCCCCCCCGGCCCCCCCC	2154241	2154540	2154541	2154443	2154492	48	2155047	2155346	2155048	2155048	2155097	249	201
LigP_57474326_57499456	upstream_LG	downstream_LG	30	93.333	2	31	45	74	4.51e-09	CGGCGCCCCGCGGGGGGGGGGGCCCCGCCC	CGGCCCCCCGGGGGGGGGGGGGCCCCGCCC	57474027	57474326	57474327	57474029	57474058	268	57499456	57499755	57499457	57499501	57499530	225	43
LigP_5227182_5343460	upstream_LG	downstream_LG	40	82.5	1	40	11	50	0.004	GGCCCCCGCCGGCCCCCCCGGGCCCGCCCCGCGGCCCCGG	GGCCCCCGCCCCCCCCCGCCGGCCGGCCCCCCGGGCCCGG	5226883	5227182	5227183	5226884	5226923	259	5343460	5343759	5343461	5343471	5343510	249	10
LigP_5227131_5227774	upstream_LG	downstream_LG	40	85.0	240	279	27	66	1.72e-05	CGGGCGGCGGGCGGCCCCGCCCCGGCCCCCGCGCCCGGCC	CGGGCCGCGGGCGGCCCCCCGCCCGCCCGCGCCCCCGGCC	5226832	5227131	5227132	5227072	5227111	20	5227774	5228073	5227775	5227801	5227840	233	213
LigP_5226759_5226765	upstream_LG	downstream_LG	34	85.294	80	113	77	110	0.000268	GGGGGGGGGGGGGGGCGCCGGGCGCCCCGCGGGC	GGGGGCGGGGGGGGCCCCCGGGCCCCCGGCGGGC	5226460	5226759	5226760	5226540	5226573	186	5226765	5227064	5226766	5226842	5226875	189	3
LigP_70436770_70437251	upstream_LG	downstream_LG	47	80.851	206	252	143	189	0.017	CCCCCGCCGCCCGGCGCGCCCCGCGCGCCCCGCCCCGGCCCCGGGCC	CCCCCCCCGCGCGGCCCCCCCCCCCCGCCGCGCCCCGCCCCCCGGCC	70436471	70436770	70436771	70436677	70436723	47	70437251	70437550	70437252	70437394	70437440	110	63
LigP_10501685_10502008	upstream_LG	downstream_LG	29	89.655	181	209	266	294	4.34e-06	CCCCCGCGGGCCGCCCCCCGGGGGGGCGG	CCCCCGGGGGGCGGCCCCCGGGGGGGCGG	10501386	10501685	10501686	10501567	10501595	90	10502008	10502307	10502009	10502274	10502302	5	85
LigP_34916227_34916383	upstream_LG	downstream_LG	31	83.871	103	133	153	183	0.017	GCCGCCGGCCCCCCGGGGCCCCGCGGCCCCG	GCCGGCGGCGCCCCCGGGCCCCCCGGGCCCG	34915928	34916227	34916228	34916031	34916061	166	34916383	34916682	34916384	34916536	34916566	116	50
LigP_5227249_5227653	upstream_LG	downstream_LG	40	85.0	122	161	148	187	1.72e-05	CGGGCGGCGGGCGGCCCCGCCCCGGCCCCCGCGCCCGGCC	CGGGCCGCGGGCGGCCCCCCGCCCGCCCGCGCCCCCGGCC	5226950	5227249	5227250	5227072	5227111	138	5227653	5227952	5227654	5227801	5227840	112	26
LigP_2152792_2154127	upstream_LG	downstream_LG	50	82.0	141	190	160	209	0.000268	CCCCCGGCGCGGGGCGGCGCCCGCCCCCGCCCCCCCCGCCCGCGGGCCCG	CCCCGGGCGCGGGGCCGCGCCGGGCCCCCGCCCCCGGGGCCGCGGGCCCG	2152493	2152792	2152793	2152634	2152683	109	2154127	2154426	2154128	2154287	2154336	90	19
LigP_5227107_5233869	upstream_LG	downstream_LG	40	85.0	89	128	48	87	1.72e-05	CCCCCCGGGCCCGCCCCGCGGCCCCGGCGCCGGCCCGCCC	CCCCCCGGCCCCGCGCCCCGGCCCCCCCGCCCGCCCGCCC	5226808	5227107	5227108	5226897	5226936	171	5233869	5234168	5233870	5233917	5233956	212	41
LigP_5227202_5227262	upstream_LG	downstream_LG	32	84.375	249	280	171	202	0.004	GCCCCGGGGCGCGGCCCCGCGGGGCGGGGCCC	GCCCCGGGGCCGGGCCGCGGCGGGCGGGGCCC	5226903	5227202	5227203	5227152	5227183	19	5227262	5227561	5227263	5227433	5227464	97	78
LigP_5227280_5231732	upstream_LG	downstream_LG	43	83.721	1	43	126	168	6.78e-05	GCGGCGGCGGCGGGCCCCCCCCCGGGGGCCGGGCGCGCCGCGG	GCGGGGGCGGCGCCCCCCCCCCCGGGCGCCGCCCCCGCCGCGG	5226981	5227280	5227281	5226982	5227024	256	5231732	5232031	5231733	5231858	5231900	131	125
LigP_5234552_5369788	upstream_LG	downstream_LG	33	87.879	268	300	105	137	4.34e-06	CCCCGCCCCCCCCGCCCCGGCGGGCGGGCCGGC	CCCCCCCCCCCCCGCGCCGGCGGCGGGGCCGGC	5234253	5234552	5234553	5234521	5234553	-1	5369788	5370087	5369789	5369893	5369925	162	163
LigP_5130147_5226698	upstream_LG	downstream_LG	29	86.207	186	214	83	111	0.001	CGCCCCCGGGGCCCCCGCCGCCCGCCCCC	CGCCCCCGGGCCGCCGGCGGCCCGCCCCC	5129848	5130147	5130148	5130034	5130062	85	5226698	5226997	5226699	5226781	5226809	188	103
LigP_118608486_118609342	upstream_LG	downstream_LG	31	87.097	42	72	242	272	6.78e-05	CGGGGGGGCCGCCCGGGGGCGCCCGGGGGGC	CGGGGGGGGCGGCCGGGCGCGCGCGGGGGGC	118608187	118608486	118608487	118608229	118608259	227	118609342	118609641	118609343	118609584	118609614	27	200
LigP_5234569_5239885	upstream_LG	downstream_LG	29	89.655	146	174	164	192	4.34e-06	CGGGGGCCGGGCGCGCCGCGGCGCCCGCC	CGGGGGCCGGGCCCCCCGCGCCGCCCGCC	5234270	5234569	5234570	5234416	5234444	125	5239885	5240184	5239886	5240049	5240077	107	18
LigP_86672149_88544282	upstream_LG	downstream_LG	29	82.759	106	134	124	152	0.26	GGGCCCGGCGCGGGGGGGGGGGCGGGGCC	GGGCCCGCGGCGCGGGGGGCGGGGGGGCC	86671850	86672149	86672150	86671956	86671984	165	88544282	88544581	88544283	88544406	88544434	147	18
LigP_123413641_123611782	upstream_LG	downstream_LG	30	86.667	22	51	177	206	0.000268	GCCCCCCCGCGCCCCCCCCGCCGCGCCGGC	GCCCCCGCCCGCGCCCCCCGCGGCGCCGGC	123413342	123413641	123413642	123413364	123413393	248	123611782	123612081	123611783	123611959	123611988	93	155
LigP_76680439_76680647	upstream_LG	downstream_LG	33	90.909	260	292	122	154	1.78e-08	CCGCCGCCCGCCCCCGCGCCGGGGGGCCGGGCG	CCGCCCCCCGCCGGCGCGCCGGGGGGCCGGGCG	76680140	76680439	76680440	76680400	76680432	7	76680647	76680946	76680648	76680769	76680801	145	138
LigP_5226801_5226870	upstream_LG	downstream_LG	31	87.097	21	51	246	276	6.78e-05	GGCCCGGCCGCGGGGGGGGGGGGGGGGGGGG	GGCCCGCCCCCGGGGGCGGGGGGGGCGGGGG	5226502	5226801	5226802	5226523	5226553	248	5226870	5227169	5226871	5227116	5227146	23	225
LigP_106868223_108121238	upstream_LG	downstream_LG	30	83.333	117	146	121	150	0.065	CGGGGGCCCCGCCCCCGGGGCGGGCCGGCG	CGGGGGCGCCGGCGCCGGGGCCGGCGGGCG	106867924	106868223	106868224	106868041	106868070	153	108121238	108121537	108121239	108121359	108121388	149	4
LigP_5225240_5226912	upstream_LG	downstream_LG	31	87.097	110	140	208	238	6.78e-05	GGCCGCCCCGCCGCGGGGCGCGGGGGGGGCG	GGCCGGCCCGCCCCCGGGGGCGGGGGGGGCG	5224941	5225240	5225241	5225051	5225081	159	5226912	5227211	5226913	5227120	5227150	61	98
LigP_133833692_133842680	upstream_LG	downstream_LG	31	83.871	110	140	153	183	0.017	CGGGCGCCGCGGGCCGCCGCGCGGCCGCCCG	CGGGCCCCGCGGCCCGCGGGGCCGCCGCCCG	133833393	133833692	133833693	133833503	133833533	159	133842680	133842979	133842681	133842833	133842863	116	43
LigP_5130043_5226856	upstream_LG	downstream_LG	29	86.207	182	210	174	202	0.001	CGCGGCCGCCCCCCCCGCCGGCCGCGGGC	CGCGGCCGCGCCCGCCGGCGGCCCCGGGC	5129744	5130043	5130044	5129926	5129954	89	5226856	5227155	5226857	5227030	5227058	97	8
LigP_5234189_5234252	upstream_LG	downstream_LG	40	82.5	27	66	57	96	0.004	GGGCGGGCGGGCGGGGGGGCCGGGGCGCGGGGCCGGGGGG	GGGCGGGCCGGCGCCGGGGCCGCGGGGGGGGCCCGGGGGG	5233890	5234189	5234190	5233917	5233956	233	5234252	5234551	5234253	5234309	5234348	203	30
LigP_5225736_5226813	upstream_LG	downstream_LG	32	87.5	188	219	212	243	1.72e-05	CGGCCGCGCCGGCCGCCGCCCCCCGGCGGGCG	CGGCCGCGCCCGCCGGCGGCCCCGGGCGGGCG	5225437	5225736	5225737	5225625	5225656	80	5226813	5227112	5226814	5227025	5227056	56	24
LigP_5227240_5232634	upstream_LG	downstream_LG	46	84.783	183	228	231	276	1.1e-06	CCCCCCGCCCCCGGGGGCGGGCCGGCCGGCCCCGGGGCGCGGCCCC	CCCCCCGGGCCCGGGGGCGCGGCGCCCGCCCCGGGGGCGCGGCCCC	5226941	5227240	5227241	5227124	5227169	71	5232634	5232933	5232635	5232865	5232910	23	48
LigP_5226765_5226835	upstream_LG	downstream_LG	34	85.294	74	107	7	40	0.000268	GGGGGGGGGGGGGGGCGCCGGGCGCCCCGCGGGC	GGGGGCGGGGGGGGCCCCCGGGCCCCCGGCGGGC	5226466	5226765	5226766	5226540	5226573	192	5226835	5227134	5226836	5226842	5226875	259	67
LigP_5234090_5234239	upstream_LG	downstream_LG	40	82.5	126	165	70	109	0.004	GGGCGGGCGGGCGGGGGGGCCGGGGCGCGGGGCCGGGGGG	GGGCGGGCCGGCGCCGGGGCCGCGGGGGGGGCCCGGGGGG	5233791	5234090	5234091	5233917	5233956	134	5234239	5234538	5234240	5234309	5234348	190	56
LigP_5234608_5237686	upstream_LG	downstream_LG	32	87.5	199	230	222	253	1.72e-05	CCCCCCGCGCCGGCCCCGCCCCCCCCGCCCCG	CCCCCCGCGCGCGCCCCCCGCCCCCCGCCCCG	5234309	5234608	5234609	5234508	5234539	69	5237686	5237985	5237687	5237908	5237939	46	23
LigP_5227299_5279622	upstream_LG	downstream_LG	34	85.294	38	71	36	69	0.000268	CCGCCGGCGGGCGCGGCCGCGCCGGGGGCGGGCG	CCGCCGGCCCGCCCGGCCCCGCCGCGGGCGGGCG	5227000	5227299	5227300	5227038	5227071	228	5279622	5279921	5279623	5279658	5279691	230	2
LigP_62653000_65572020	upstream_LG	downstream_LG	41	85.366	242	282	229	269	4.34e-06	GGGGGCGGCCGGGCGCCGGGGCCCGGCGGGGGGCGGGCCCG	GGGGGCGGCCCGGCGGCGGGGCCGGGGGGCCGGCGGGCCCG	62652701	62653000	62653001	62652943	62652983	17	65572020	65572319	65572021	65572249	65572289	30	13
LigP_5227229_5295763	upstream_LG	downstream_LG	45	84.444	152	196	127	171	4.34e-06	GCGGCCCCGCCCCGGCCCCCGCGCCCGGCCCCGGCCCCCGCCCCC	GCGGCCCGGCCCCGGCCGCCCCCCCCGGGGGCGGCCCCCGCCCCC	5226930	5227229	5227230	5227082	5227126	103	5295763	5296062	5295764	5295890	5295934	128	25
LigP_107565642_108121241	upstream_LG	downstream_LG	31	83.871	84	114	176	206	0.017	GCCCGGCGCGGGCGCCCCGCCGCCCGCGCCG	GCCCGGCGCCGGGGCGCCGCGGCCCGGGCCG	107565343	107565642	107565643	107565427	107565457	185	108121241	108121540	108121242	108121417	108121447	93	92
LigP_5227228_5233506	upstream_LG	downstream_LG	60	83.333	160	219	226	285	7.04e-08	CGCCCCGGCCCCCGCGCCCGGCCCCGGCCCCCGCCCCCCCCGCCCCCGGGGGCGGGCCGG	CGCCCCGCCCCCCCCCCCCGGCCCCCCCCCCCCGCCCCCCCCCCCCCGGCGGCGGCCCGG	5226929	5227228	5227229	5227089	5227148	80	5233506	5233805	5233507	5233732	5233791	14	66
LigP_108121538_108121794	upstream_LG	downstream_LG	30	90.0	125	154	161	190	1.1e-06	GCCGGCCCCGGCGCCGGCGCCCCCGCCCGC	GCCGGCGCCGGCCCCGGCGGCCCCGCCCGC	108121239	108121538	108121539	108121364	108121393	145	108121794	108122093	108121795	108121955	108121984	109	36
LigP_5226784_5226825	upstream_LG	downstream_LG	34	85.294	55	88	17	50	0.000268	GGGGGGGGGGGGGGGCGCCGGGCGCCCCGCGGGC	GGGGGCGGGGGGGGCCCCCGGGCCCCCGGCGGGC	5226485	5226784	5226785	5226540	5226573	211	5226825	5227124	5226826	5226842	5226875	249	38
LigP_5227143_5230153	upstream_LG	downstream_LG	34	85.294	22	55	17	50	0.000268	CCCCGCCCCCGCGCGCCCGGCCCCCGCCGGCCCC	CCCCGCGCGCGCGCGGCCCGCCCCCGCGGGCCCC	5226844	5227143	5227144	5226866	5226899	244	5230153	5230452	5230154	5230170	5230203	249	5
LigP_64638072_86805405	upstream_LG	downstream_LG	36	88.889	16	51	249	284	7.04e-08	GGGGCCCCCCCCCCCCGCCCCCCGCCCCGGGCCCCG	GGGGCCCCCCCGCCCGGCCCCCCCCCCCGGCCCCCG	64637773	64638072	64638073	64637789	64637824	248	86805405	86805704	86805406	86805654	86805689	15	233
LigP_5227199_5227653	upstream_LG	downstream_LG	40	85.0	172	211	148	187	1.72e-05	CGGGCGGCGGGCGGCCCCGCCCCGGCCCCCGCGCCCGGCC	CGGGCCGCGGGCGGCCCCCCGCCCGCCCGCGCCCCCGGCC	5226900	5227199	5227200	5227072	5227111	88	5227653	5227952	5227654	5227801	5227840	112	24
LigP_5227134_5354667	upstream_LG	downstream_LG	33	84.848	23	55	171	203	0.001	GGGGCCCCCCCCGCCCCCGCGCGCCCGGCCCCC	GGGGCCCCCCCGGGCCCGGCGCCCCCCGCCCCC	5226835	5227134	5227135	5226858	5226890	244	5354667	5354966	5354668	5354838	5354870	96	148
LigP_117986631_117986993	upstream_LG	downstream_LG	31	87.097	160	190	228	258	6.78e-05	GCCGGCGGCGCCCCCCGGCCCCCGCCCCGGC	GCCGGCCGCGCGCCCCGCCCCGCGCCCCGGC	117986332	117986631	117986632	117986492	117986522	109	117986993	117987292	117986994	117987221	117987251	41	68
LigP_5203483_5226872	upstream_LG	downstream_LG	36	91.667	162	197	231	266	2.89e-10	CCCGGGGGCGCGGGGGGCGGGGGCCGGCGCGGGGCG	CCCGGGGGCGGGGGGGGCGGGGGCCGGGGCCGGGCG	5203184	5203483	5203484	5203346	5203381	102	5226872	5227171	5226873	5227103	5227138	33	69
LigP_69639229_69639938	upstream_LG	downstream_LG	29	82.759	2	30	177	205	0.26	GGGCGGCCGGCGCCCCCCGCCGGGCCCCG	GGGCCGCCGGGGGCCCCCGGCCGGCCCCG	69638930	69639229	69639230	69638932	69638960	269	69639938	69640237	69639939	69640115	69640143	94	175
LigP_6612325_6612389	upstream_LG	downstream_LG	39	84.615	81	119	115	153	6.78e-05	CGGGGCCGGGGGCGCGGGGCCCGGGGCCGGGGCGGCGGG	CGGGGCCGCGGGCGCCGGGGCCGGGCCCCGGGCGCCGGG	6612026	6612325	6612326	6612107	6612145	180	6612389	6612688	6612390	6612504	6612542	146	34
LigP_5227202_5233659	upstream_LG	downstream_LG	60	83.333	186	245	73	132	7.04e-08	CGCCCCGGCCCCCGCGCCCGGCCCCGGCCCCCGCCCCCCCCGCCCCCGGGGGCGGGCCGG	CGCCCCGCCCCCCCCCCCCGGCCCCCCCCCCCCGCCCCCCCCCCCCCGGCGGCGGCCCGG	5226903	5227202	5227203	5227089	5227148	54	5233659	5233958	5233660	5233732	5233791	167	113
LigP_5227303_5234625	upstream_LG	downstream_LG	30	86.667	236	265	271	300	0.000268	CCCCGGGCCCCCGGCCCCCCCCCCGGGGCG	CCCCGGCCCCCCGGGGCCCCCCCGGGGGCG	5227004	5227303	5227304	5227240	5227269	34	5234625	5234924	5234626	5234896	5234925	-1	35
LigP_5234608_124874747	upstream_LG	downstream_LG	31	87.097	27	57	57	87	6.78e-05	CGCCGGCCCGCCCGGGGCCCCGCCGCCGGCC	CGCCGGCCCCCCCGCGGGCCCCCCGCCGGCC	5234309	5234608	5234609	5234336	5234366	242	124874747	124875046	124874748	124874804	124874834	212	30
LigP_57494201_57499456	upstream_LG	downstream_LG	37	83.784	154	190	8	44	0.001	CCCCCCGGGCCGGGGGCCCCCCGGCCGGGCCCCCGGC	CCCCCCGGGCCCGGCGGCCCCCCGCGGCGCCCCCGGC	57493902	57494201	57494202	57494056	57494092	109	57499456	57499755	57499457	57499464	57499500	255	146
LigP_70834521_71132417	upstream_LG	downstream_LG	29	93.103	88	116	50	78	1.78e-08	GCGGGGCGCGCGGGGGGCGGCCCCGGCCC	GCGGCGCGCGGGGGGGGCGGCCCCGGCCC	70834222	70834521	70834522	70834310	70834338	183	71132417	71132716	71132418	71132467	71132495	221	38
LigP_6301317_6306271	upstream_LG	downstream_LG	32	84.375	77	108	165	196	0.004	CCCCGGGCCGGGGGGGGGGGGCCCCCGGGGGG	CCCCGGGCCGGCGGGCCGGGGGGCCCGGGGGG	6301018	6301317	6301318	6301095	6301126	191	6306271	6306570	6306272	6306436	6306467	103	88
LigP_46238064_46238079	upstream_LG	downstream_LG	41	85.366	51	91	99	139	4.34e-06	CGGGGCCGCCGGGGGGGCGGCGGGGCGGGCGCGCCCGGGCC	CGGGGCGGCCGGGGGGGCCGCGGGGGGGCCCGGCCCGGGCC	46237765	46238064	46238065	46237816	46237856	208	46238079	46238378	46238080	46238178	46238218	160	48
LigP_57483304_57484248	upstream_LG	downstream_LG	30	86.667	161	190	72	101	0.000268	GGCCGCCGCCCCCCGCGCCCCCGGGGCCGG	GGCCCCCGCCCCCCGCCCCCCGGGGCCCGG	57483005	57483304	57483305	57483166	57483195	109	57484248	57484547	57484249	57484320	57484349	198	89
LigP_57346769_57499468	upstream_LG	downstream_LG	36	80.556	48	83	223	258	1.0	CCCCCCGCCCGCGCCCCCCCGCCCCGGGCGGGCCCC	CCCCCCGGCCCCCCCCCGCCCCCCCCGGCCGGCCCC	57346470	57346769	57346770	57346518	57346553	216	57499468	57499767	57499469	57499691	57499726	41	175
LigP_12239699_65572020	upstream_LG	downstream_LG	35	82.857	70	104	105	139	0.017	GGCCGGGGGCGCGGGGGCGGCGGGGGGGGCGGGGG	GGCCGGCGGGGCCGGGGCGCCCGGGGGGGGGGGGG	12239400	12239699	12239700	12239470	12239504	195	65572020	65572319	65572021	65572125	65572159	160	35
LigP_108121539_108122345	upstream_LG	downstream_LG	33	84.848	121	153	51	83	0.001	CCCGCCGGCCCCGGCGCCGGCGCCCCCGCCCGC	CCCGCCGGCCGCGCCCCGGGGGCCCCCGCCCGC	108121240	108121539	108121540	108121361	108121393	146	108122345	108122644	108122346	108122396	108122428	216	70
LigP_6612330_6619224	upstream_LG	downstream_LG	39	82.051	44	82	163	201	0.017	GCGGCGGCGCCGGGGGGCGGCGCGGCGGGGGCCGGGGCC	GCGGCGGGCCCGCGGGGGGGCGGGGCGGGGCCCCGGGCC	6612031	6612330	6612331	6612075	6612113	217	6619224	6619523	6619225	6619387	6619425	98	119
LigP_108014514_108121238	upstream_LG	downstream_LG	45	84.444	128	172	159	203	4.34e-06	CGCCGCGGCGCGGGGGCCCGGGGCGCGGGGGGGCGGCGGGGGGGG	CGCCGGGGCGCCGCGGCCCGGGCCGGGGGGGGCCGGCGGGCGGGG	108014215	108014514	108014515	108014343	108014387	127	108121238	108121537	108121239	108121397	108121441	96	31
LigP_5227140_5233910	upstream_LG	downstream_LG	40	85.0	56	95	7	46	1.72e-05	CCCCCCGGGCCCGCCCCGCGGCCCCGGCGCCGGCCCGCCC	CCCCCCGGCCCCGCGCCCCGGCCCCCCCGCCCGCCCGCCC	5226841	5227140	5227141	5226897	5226936	204	5233910	5234209	5233911	5233917	5233956	253	49
LigP_831094_979176	upstream_LG	downstream_LG	33	84.848	27	59	211	243	0.001	GGGGGGGGGGCGCCCCCCGCCGGCCCCCGCCCC	GGGGGGGGGGCCGGCCCGGCCGGCCCCCCCCCC	830795	831094	831095	830822	830854	240	979176	979475	979177	979387	979419	56	184
LigP_68432126_68449101	upstream_LG	downstream_LG	34	88.235	6	39	25	58	1.1e-06	CCCCCGCGCCGGGGGCCGCGCCCCCCCGCCCGCC	CCCCCGGGCCGCGGGGCGCGCCCCCCCCCCCGCC	68431827	68432126	68432127	68431833	68431866	260	68449101	68449400	68449102	68449126	68449159	241	19
LigP_64637993_64638296	upstream_LG	downstream_LG	36	83.333	126	161	239	274	0.004	CCCCGGGCGGCGGGCGCGCCGCCGCGGGCGGGGCCC	CCCCGGGGGGCGGCCGCGCCCCCCCCGGGGGGGCCC	64637694	64637993	64637994	64637820	64637855	138	64638296	64638595	64638297	64638535	64638570	25	113
LigP_76680439_76680662	upstream_LG	downstream_LG	33	90.909	260	292	107	139	1.78e-08	CCGCCGCCCGCCCCCGCGCCGGGGGGCCGGGCG	CCGCCCCCCGCCGGCGCGCCGGGGGGCCGGGCG	76680140	76680439	76680440	76680400	76680432	7	76680662	76680961	76680663	76680769	76680801	160	153
LigP_76680498_76680626	upstream_LG	downstream_LG	33	90.909	201	233	143	175	1.78e-08	CCGCCGCCCGCCCCCGCGCCGGGGGGCCGGGCG	CCGCCCCCCGCCGGCGCGCCGGGGGGCCGGGCG	76680199	76680498	76680499	76680400	76680432	66	76680626	76680925	76680627	76680769	76680801	124	58
LigP_76680346_76680658	upstream_LG	downstream_LG	33	87.879	205	237	225	257	4.34e-06	GGCGGGGGCGGGGGCGGGGGGGCGGCGCGGGGC	GGCGGGGGGGGGGGGGGGGGGGGCGCGCGGGGC	76680047	76680346	76680347	76680252	76680284	62	76680658	76680957	76680659	76680883	76680915	42	20
LigP_108121538_108222471	upstream_LG	downstream_LG	36	83.333	215	250	25	60	0.004	CCGCCCCCGGCCGCCGGCCGGCCGCCGCCGGCCGGG	CCGCCCCCGGGCGCGGCCCGGCCCGCGCCGGGCGGG	108121239	108121538	108121539	108121454	108121489	49	108222471	108222770	108222472	108222496	108222531	239	190
LigP_35036227_65572020	upstream_LG	downstream_LG	30	90.0	12	41	93	122	1.1e-06	CGCCCCGGGGGGGGGGGGGCCCCCGCCGGG	CGCCCGGGGGGGGGGGGGGGGCCCGCCGGG	35035928	35036227	35036228	35035940	35035969	258	65572020	65572319	65572021	65572113	65572142	177	81
LigP_76680971_114024895	upstream_LG	downstream_LG	30	86.667	75	104	46	75	0.000268	CGCCCGGCGGGGCCGGGGGCCGCGCCCGGC	CGCCCGGCGCGGGGGGGGGCCGCCCCCGGC	76680672	76680971	76680972	76680747	76680776	195	114024895	114025194	114024896	114024941	114024970	224	29
LigP_5227116_5227768	upstream_LG	downstream_LG	40	85.0	255	294	33	72	1.72e-05	CGGGCGGCGGGCGGCCCCGCCCCGGCCCCCGCGCCCGGCC	CGGGCCGCGGGCGGCCCCCCGCCCGCCCGCGCCCCCGGCC	5226817	5227116	5227117	5227072	5227111	5	5227768	5228067	5227769	5227801	5227840	227	222
LigP_5234656_5380671	upstream_LG	downstream_LG	31	87.097	207	237	192	222	6.78e-05	CGGGGCCCCGCCGGCCCGCGGGGGCGGGGGG	CGGGGCCCCGCCGCCCCCGGGGCGCGGGGGG	5234357	5234656	5234657	5234564	5234594	62	5380671	5380970	5380672	5380863	5380893	77	15
LigP_108121632_108121881	upstream_LG	downstream_LG	30	90.0	31	60	74	103	1.1e-06	GCCGGCCCCGGCGCCGGCGCCCCCGCCCGC	GCCGGCGCCGGCCCCGGCGGCCCCGCCCGC	108121333	108121632	108121633	108121364	108121393	239	108121881	108122180	108121882	108121955	108121984	196	43
LigP_3144410_75768342	upstream_LG	downstream_LG	35	82.857	63	97	241	275	0.017	GCCCGGCGCGGGCGGGGGCGGCGGGCGGGCGGGGG	GCCCCGCGCGGGCCCGGGGGGCGCGCGGGGGGGGG	3144111	3144410	3144411	3144174	3144208	202	75768342	75768641	75768343	75768583	75768617	24	178
LigP_6301419_6302363	upstream_LG	downstream_LG	35	82.857	171	205	175	209	0.017	CCCCCCCCCCCCCCCCCGGGGGCCCCCCCGCCCGC	CCCCCGCCGCCCCCCCGGCGGGGCCCCCCCCCCGC	6301120	6301419	6301420	6301291	6301325	94	6302363	6302662	6302364	6302538	6302572	90	4
LigP_5227275_5312620	upstream_LG	downstream_LG	29	86.207	230	258	147	175	0.001	CCCCGGCCCCCCCGGCGCCGGCCCGGGGG	CCCCCGCCCCCCCGCGGCCGGCCCCGGGG	5226976	5227275	5227276	5227206	5227234	41	5312620	5312919	5312621	5312767	5312795	124	83
LigP_5227249_93168005	upstream_LG	downstream_LG	39	89.744	251	289	19	57	1.14e-09	CCCGCCCCCGGCCCCCCCGGCGCCGGCCCGGGGGCCGGG	CCCGCCCGCGGCCCCCCCGGCCCCCGCCCGCGGGCCGGG	5226950	5227249	5227250	5227201	5227239	10	93168005	93168304	93168006	93168024	93168062	242	232
LigP_119743263_120117624	upstream_LG	downstream_LG	32	87.5	67	98	16	47	1.72e-05	CCCCGGCCCCCGGGGGCCGGGGCCCCCCCGGG	CCCCCGCCCCCCGGGGCCGGGGGCGCCCCGGG	119742964	119743263	119743264	119743031	119743062	201	120117624	120117923	120117625	120117640	120117671	252	51
LigP_5227260_5228530	upstream_LG	downstream_LG	47	85.106	100	146	249	295	2.78e-07	GGGGGCGGGCGCGGGCGGCGGGCGGCCCCGCCCCGGCCCCCGCGCCC	GGGGGCGGGCGCGGGGGGGGGGCGCCCGGGCCCCGCCCCCCCCGCCC	5226961	5227260	5227261	5227061	5227107	153	5228530	5228829	5228531	5228779	5228825	4	149
LigP_19199392_111540500	upstream_LG	downstream_LG	29	82.759	30	58	43	71	0.26	CGGGCCGGGGCGGGGGCCGGCCCCCCCGC	CGGGCCGCGGGGGGGGGCCGGCCCCCCGC	19199093	19199392	19199393	19199123	19199151	241	111540500	111540799	111540501	111540543	111540571	228	13
LigP_5234553_5235050	upstream_LG	downstream_LG	33	81.818	155	187	217	249	0.26	CCCCCCCCGGGGGCCGGGCGCGCCGCGGCGCCC	CCCCCCCCCGGGGGCGCGCCCGCGGGGGCGCCC	5234254	5234553	5234554	5234409	5234441	112	5235050	5235349	5235051	5235267	5235299	50	62
LigP_5234600_5240433	upstream_LG	downstream_LG	31	90.323	138	168	109	139	2.78e-07	CCCGCCCGGGGCCGCCGGCGGGCGCCGCCGC	CCCGCCCGGGCCCGGCGGCGGGCGCGGCCGC	5234301	5234600	5234601	5234439	5234469	131	5240433	5240732	5240434	5240542	5240572	160	29
LigP_6301345_6314802	upstream_LG	downstream_LG	32	84.375	95	126	131	162	0.004	CCGGCGGGGGGGGGCCCCCCCGCGGCGCCCGC	CCGGCGGGGCCGGGCCGGCCCGCGGCGGCCGC	6301046	6301345	6301346	6301141	6301172	173	6314802	6315101	6314803	6314933	6314964	137	36
LigP_70834528_71357353	upstream_LG	downstream_LG	31	87.097	197	227	193	223	6.78e-05	CCCCGCGGGGGCGGGGGCCGGGCGCCGGGGG	CCCCGCGCGGGCGGGGCCCGGGGGCGGGGGG	70834229	70834528	70834529	70834426	70834456	72	71357353	71357652	71357354	71357546	71357576	76	4
LigP_5136923_5226859	upstream_LG	downstream_LG	32	84.375	199	230	3	34	0.004	GGCGGCGGCCGGCCGGGCGCGGGGGGGGGGGG	GGCGGGGGCCGGGCGCGCGGGGGCGGGGGGGG	5136624	5136923	5136924	5136823	5136854	69	5226859	5227158	5226860	5226862	5226893	265	196
LigP_67469230_67498301	upstream_LG	downstream_LG	31	87.097	191	221	115	145	6.78e-05	CCCGGGGCCCCCGCCCCCCGGGGGCGGCCCG	CCCGGGGCCGGCGCCCCCCGCGGGGGGCCCG	67468931	67469230	67469231	67469122	67469152	78	67498301	67498600	67498302	67498416	67498446	154	76
LigP_5227103_84830667	upstream_LG	downstream_LG	31	87.097	185	215	76	106	6.78e-05	CGGCGGGCCCCCCCCCGGGGGCCGGGCGCGC	CGGCCGGCCCCCCCCGGGGGCCCGCGCGCGC	5226804	5227103	5227104	5226989	5227019	84	84830667	84830966	84830668	84830743	84830773	193	109
LigP_5227077_71864732	upstream_LG	downstream_LG	29	86.207	73	101	89	117	0.001	GGGCCCGGGGGCCCCCCCCGCCCCCGCGC	GGGCGCGGGGGGCCCCCCCCCCCCGGCGC	5226778	5227077	5227078	5226851	5226879	198	71864732	71865031	71864733	71864821	71864849	182	16
LigP_66258707_86138628	upstream_LG	downstream_LG	31	83.871	74	104	227	257	0.017	GGGGGGCCCGGGCGCCCGGGGGCCGCCCGCC	GGGGGCCCCGGGCCCGGGGGGGCCGGCCGCC	66258408	66258707	66258708	66258482	66258512	195	86138628	86138927	86138629	86138855	86138885	42	153
LigP_22825287_22829350	upstream_LG	downstream_LG	29	89.655	256	284	15	43	4.34e-06	GGGGGGCCGCGGGCCGGGCGCCCCGGGGG	GGGGCGCCGCGCGCGGGGCGCCCCGGGGG	22824988	22825287	22825288	22825244	22825272	15	22829350	22829649	22829351	22829365	22829393	256	241
LigP_70834575_70834600	upstream_LG	downstream_LG	30	93.333	136	165	197	226	4.51e-09	CGGGCCCCGCCCCGCCCCGCGGGGGCGGGG	CGGGCCCCCCCCGGCCCCGCGGGGGCGGGG	70834276	70834575	70834576	70834412	70834441	134	70834600	70834899	70834601	70834797	70834826	73	61
LigP_75768476_75768459	upstream_LG	downstream_LG	31	87.097	41	71	11	41	6.78e-05	GGGCCGGCCCGGCCGGGCCCCCGGCGCCCGG	GGGCCGGCGCGGCCCGGCGGCCGGCGCCCGG	75768177	75768476	75768477	75768218	75768248	228	75768459	75768758	75768460	75768470	75768500	258	30
LigP_5232789_5234156	upstream_LG	downstream_LG	41	85.366	194	234	61	101	4.34e-06	GGGCGCCGCCCGCCGGCGCCCCGCGCGGCCCCCCCGCCCCC	GGGCGCCGGCCCCCCGCCCCCCGGGCCGCCCCCCCGCCCCC	5232490	5232789	5232790	5232684	5232724	65	5234156	5234455	5234157	5234217	5234257	198	133
LigP_5234185_5234233	upstream_LG	downstream_LG	40	82.5	31	70	76	115	0.004	GGGCGGGCGGGCGGGGGGGCCGGGGCGCGGGGCCGGGGGG	GGGCGGGCCGGCGCCGGGGCCGCGGGGGGGGCCCGGGGGG	5233886	5234185	5234186	5233917	5233956	229	5234233	5234532	5234234	5234309	5234348	184	45
LigP_4614262_5226900	upstream_LG	downstream_LG	33	90.909	56	88	83	115	1.78e-08	GCCCGGCCGCCCGCGGGGGGCCCGCCGCCGCCG	GCCCGGCCCCCGGGGGGGGGCCCGCCGCCGCCG	4613963	4614262	4614263	4614019	4614051	211	5226900	5227199	5226901	5226983	5227015	184	27
LigP_69639218_69641136	upstream_LG	downstream_LG	29	93.103	221	249	93	121	1.78e-08	CCGGCCCCGGCCCCCCCCGCCCCGCGCCC	CCGGCCCCCGCCCCCGCCGCCCCGCGCCC	69638919	69639218	69639219	69639140	69639168	50	69641136	69641435	69641137	69641229	69641257	178	128
LigP_73142807_73152696	upstream_LG	downstream_LG	34	85.294	10	43	247	280	0.000268	CGGGGCCCCGCGCCGCGGCGGGGGGGGGGGGGGG	CGGGGGCCCGCCCCGGGGCGGGGCGGGGCGGGGG	73142508	73142807	73142808	73142518	73142551	256	73152696	73152995	73152697	73152943	73152976	19	237
LigP_5226807_5226857	upstream_LG	downstream_LG	31	87.097	15	45	259	289	6.78e-05	GGCCCGGCCGCGGGGGGGGGGGGGGGGGGGG	GGCCCGCCCCCGGGGGCGGGGGGGGCGGGGG	5226508	5226807	5226808	5226523	5226553	254	5226857	5227156	5226858	5227116	5227146	10	244
LigP_119107535_119108296	upstream_LG	downstream_LG	35	82.857	265	299	63	97	0.017	CCGGCCGGGCCGGGGGGGGCCCGGGCCGCGGGGGC	CCGGGCGGGGCGGGGGCGCCCCCGGGCGCGGGGGC	119107236	119107535	119107536	119107501	119107535	0	119108296	119108595	119108297	119108359	119108393	202	202
LigP_66908277_66908711	upstream_LG	downstream_LG	40	85.0	177	216	170	209	1.72e-05	GGGGGGGGGCCGGGGCCGGGGCCGGGGGGGCCGGCCGGGG	GGGGGGGGGGCGGGGGCGGGGGCGCCGGCGCCGGCCGGGG	66907978	66908277	66908278	66908155	66908194	83	66908711	66909010	66908712	66908881	66908920	90	7
LigP_76681034_76703275	upstream_LG	downstream_LG	40	82.5	161	200	232	271	0.004	CCCCCCCCCCCCCCCCCGCCGGGCGGCGGGGCCCCGGGGG	CCCCCCCCGCCCCCCCGGGCCCGCGGCCGGGGCCCGGGGG	76680735	76681034	76681035	76680896	76680935	99	76703275	76703574	76703276	76703507	76703546	28	71
LigP_405555_5226794	upstream_LG	downstream_LG	29	86.207	239	267	69	97	0.001	CGGGGGCCGGGCGGGGGGGCCCGGGGGGG	CGGGGGCCGGGCGCGCGGGGGCGGGGGGG	405256	405555	405556	405495	405523	32	5226794	5227093	5226795	5226863	5226891	202	170
LigP_32173528_33256994	upstream_LG	downstream_LG	31	83.871	241	271	16	46	0.017	CCGGGGCGGGGCCGGCGGCCCCGGGGCGGGG	CCGGGGGGGGGGCGGGGGCGCGGGGGCGGGG	32173229	32173528	32173529	32173470	32173500	28	33256994	33257293	33256995	33257010	33257040	253	225
LigP_5227130_5233759	upstream_LG	downstream_LG	40	85.0	66	105	158	197	1.72e-05	CCCCCCGGGCCCGCCCCGCGGCCCCGGCGCCGGCCCGCCC	CCCCCCGGCCCCGCGCCCCGGCCCCCCCGCCCGCCCGCCC	5226831	5227130	5227131	5226897	5226936	194	5233759	5234058	5233760	5233917	5233956	102	92
LigP_5227156_5233910	upstream_LG	downstream_LG	40	85.0	40	79	7	46	1.72e-05	CCCCCCGGGCCCGCCCCGCGGCCCCGGCGCCGGCCCGCCC	CCCCCCGGCCCCGCGCCCCGGCCCCCCCGCCCGCCCGCCC	5226857	5227156	5227157	5226897	5226936	220	5233910	5234209	5233911	5233917	5233956	253	33
LigP_65613351_65613790	upstream_LG	downstream_LG	37	86.486	122	158	229	265	4.34e-06	CGCCCCGCCGCCGGGCGCGGGCCGGGCCCCCCCGGGC	CGCCCCGGGGCCGGGGGGGGCCCGGGCCCCCCCGGGC	65613052	65613351	65613352	65613174	65613210	141	65613790	65614089	65613791	65614019	65614055	34	107
LigP_69639219_69640216	upstream_LG	downstream_LG	35	85.714	146	180	230	264	6.78e-05	GGGGGCCGGCGGGGCCCCCGGCCGGGGCCCGCCCG	GGGGGCCGGGGGGGCCCCGGCCCGGCGCGCGCCCG	69638920	69639219	69639220	69639066	69639100	119	69640216	69640515	69640217	69640446	69640480	35	84
LigP_63903201_63904049	upstream_LG	downstream_LG	32	84.375	7	38	215	246	0.004	CCCCCGGCGGCGGGCGCGGGGCCCCCCCCCCG	CCCCCGGCCGCGGGGGGCGGGCCCGCCCCCCG	63902902	63903201	63903202	63902909	63902940	261	63904049	63904348	63904050	63904264	63904295	53	208
LigP_68432184_68432168	upstream_LG	downstream_LG	45	82.222	127	171	15	59	0.001	CCGGGGCCCCGGGCGCGGGCCCCCCGGCGGCGGCGGGGGCCGGGC	CCGGGGCCCCCGGCCCCGGCCCCCGGCCGGGGGCGGCCGCCGGGC	68431885	68432184	68432185	68432012	68432056	128	68432168	68432467	68432169	68432183	68432227	240	112
LigP_1926320_1926580	upstream_LG	downstream_LG	32	84.375	119	150	186	217	0.004	GCGGGCGGGGGGCGGGGGCGGGCGGGGGGGGG	GCGGGGGGCGGGCGGGGGGGGGGGGGCGGGGG	1926021	1926320	1926321	1926140	1926171	149	1926580	1926879	1926581	1926766	1926797	82	67
LigP_5225968_5226879	upstream_LG	downstream_LG	36	91.667	265	300	85	120	2.89e-10	GGGGGCCGCCGCCGCCGCCCCCCGGGGCGGCGCGGG	GGGGCCCGCCGCCGCCGCCCCGCGGGGCGGGGCGGG	5225669	5225968	5225969	5225934	5225969	-1	5226879	5227178	5226880	5226964	5226999	179	180
LigP_782052_788109	upstream_LG	downstream_LG	29	86.207	71	99	20	48	0.001	GGCGCGGGCCCCCCCCCCGGGGGGGGGCG	GGCGCGGCCCCCCCGGCCCGGGGGGGGCG	781753	782052	782053	781824	781852	200	788109	788408	788110	788129	788157	251	51
LigP_72710266_72718354	upstream_LG	downstream_LG	57	85.965	58	114	90	146	7.31e-11	CGCGGGGCCCGGGGCGGGGGGGGGGGGGGGGGGCGGCGCGGCCCGGGGGCCGGGGGG	CGCGGGCCGCGGGGGGGGGGGGGCGGGGGGGGGCGGGGCCGCGCGGGGGCCCGGGGG	72709967	72710266	72710267	72710025	72710081	185	72718354	72718653	72718355	72718444	72718500	153	32
LigP_5227240_5300237	upstream_LG	downstream_LG	35	88.571	228	262	155	189	2.78e-07	CGCGGGGCGGGGCCCGGGCGGCGGCGGCCGCGCCC	CGCGGGCCGGCGGCCGGGCGGCGGCGGGCGCGCCC	5226941	5227240	5227241	5227169	5227203	37	5300237	5300536	5300238	5300392	5300426	110	73
LigP_3225266_3227360	upstream_LG	downstream_LG	35	91.429	117	151	100	134	1.14e-09	GCCGGCCGGGGGGCGGGCCCGCCCCCCCCCGCGGG	GCCGGGCGGGGGGCGGGCCCGGGCCCCCCCGCGGG	3224967	3225266	3225267	3225084	3225118	148	3227360	3227659	3227361	3227460	3227494	165	17
LigP_2162910_47466747	upstream_LG	downstream_LG	32	93.75	243	274	143	174	2.89e-10	CGGGGGGGGGGGCCGGGCGGGGGGGGCCCGGG	CGGGGGGGGCGGCCGGGCGGGGGGGGGCCGGG	2162611	2162910	2162911	2162854	2162885	25	47466747	47467046	47466748	47466890	47466921	125	100
LigP_1548330_1549140	upstream_LG	downstream_LG	31	87.097	182	212	51	81	6.78e-05	GGGCGGGCGGGCGCCGGGGGGGGCCGCCGCC	GGGCGGGGCGGCGCCGGGGCGGGCCCCCGCC	1548031	1548330	1548331	1548213	1548243	87	1549140	1549439	1549141	1549191	1549221	218	131
LigP_69598461_69643190	upstream_LG	downstream_LG	30	83.333	213	242	105	134	0.065	CCGCCCGCCCCCGCGCCGGGCCCGGGGCCC	CCGCCCGCGCCCCCCCCGGCCCCGCGGCCC	69598162	69598461	69598462	69598375	69598404	57	69643190	69643489	69643191	69643295	69643324	165	108
LigP_47175636_47186101	upstream_LG	downstream_LG	30	90.0	208	237	182	211	1.1e-06	CGGGCGCGGCGCCCCGCGCCCGGCCCCCCC	CGGGCGCGGCGGCCCGGGCCCGCCCCCCCC	47175337	47175636	47175637	47175545	47175574	62	47186101	47186400	47186102	47186283	47186312	88	26
LigP_5226983_5234700	upstream_LG	downstream_LG	34	85.294	125	158	255	288	0.000268	GGGGGGGCGGGCCGGCGGGCGGGGGGGGCCGGCG	GGGGGGGCCCGCCGGGGGGGGGGGGGGGCGGGCG	5226684	5226983	5226984	5226809	5226842	141	5234700	5234999	5234701	5234955	5234988	11	130
LigP_66069884_66072608	upstream_LG	downstream_LG	33	90.909	103	135	137	169	1.78e-08	GGGGGGGGGGGGGGGGGGCCGGCCCCGGGCGGG	GGGGGGGGGCGGGGGGGGCCGGGCCCGCGCGGG	66069585	66069884	66069885	66069688	66069720	164	66072608	66072907	66072609	66072745	66072777	130	34
LigP_5227186_5227665	upstream_LG	downstream_LG	40	85.0	185	224	136	175	1.72e-05	CGGGCGGCGGGCGGCCCCGCCCCGGCCCCCGCGCCCGGCC	CGGGCCGCGGGCGGCCCCCCGCCCGCCCGCGCCCCCGGCC	5226887	5227186	5227187	5227072	5227111	75	5227665	5227964	5227666	5227801	5227840	124	49
LigP_69675153_69675164	upstream_LG	downstream_LG	31	87.097	157	187	1	31	6.78e-05	GGGGGGGGGGCCGGGGCGCCGGGCCCGCGCC	GGGGGGCGGGCGGCGGGGCCGGGCCCGCGCC	69674854	69675153	69675154	69675011	69675041	112	69675164	69675463	69675165	69675165	69675195	268	156
LigP_33257308_76680703	upstream_LG	downstream_LG	29	86.207	38	66	226	254	0.001	GGGCCCCCCCCGGGGGCGCGCGCCCCCGG	GGGCCCCCCCCCGGCCCGCGGGCCCCCGG	33257009	33257308	33257309	33257047	33257075	233	76680703	76681002	76680704	76680929	76680957	45	188
LigP_31823674_31824476	upstream_LG	downstream_LG	31	90.323	31	61	244	274	2.78e-07	GCCGCCCCCGCCCCGGGGGGGGCCGGCCCCC	GCCGCGCCCGCCCGGGGGGGGGCGGGCCCCC	31823375	31823674	31823675	31823406	31823436	238	31824476	31824775	31824477	31824720	31824750	25	213
LigP_78064207_108121240	upstream_LG	downstream_LG	31	87.097	204	234	146	176	6.78e-05	GGGGGGGGCGGCGGGCCGGGGCGGCGGGCGG	GGGGGGGCCGGCGGGCGGGGGGCGCGGGCGG	78063908	78064207	78064208	78064112	78064142	65	108121240	108121539	108121241	108121386	108121416	123	58
LigP_6612393_6612369	upstream_LG	downstream_LG	31	83.871	242	272	162	192	0.017	GGCCCGCGGGCCGGGGGGGGCGGGCCGCGGG	GGCCCGCGGCCGGGGGGCGCGGGGCCGCGGG	6612094	6612393	6612394	6612336	6612366	27	6612369	6612668	6612370	6612531	6612561	107	80
LigP_5232878_5234214	upstream_LG	downstream_LG	41	85.366	105	145	3	43	4.34e-06	GGGCGCCGCCCGCCGGCGCCCCGCGCGGCCCCCCCGCCCCC	GGGCGCCGGCCCCCCGCCCCCCGGGCCGCCCCCCCGCCCCC	5232579	5232878	5232879	5232684	5232724	154	5234214	5234513	5234215	5234217	5234257	256	102
LigP_64637958_64638485	upstream_LG	downstream_LG	30	83.333	134	163	127	156	0.065	CCCCCCCCCCCCGCCCCCCGCCCCGGGCCC	CCCCCGCCCCCCGGGCCCCCCCCGGGGCCC	64637659	64637958	64637959	64637793	64637822	136	64638485	64638784	64638486	64638612	64638641	143	7
LigP_1389638_1473830	upstream_LG	downstream_LG	33	81.818	12	44	80	112	0.26	CCCCGCGGGGCGGGGCCCCCGCCCGGGGCGGCC	CCCCGCGCGGGGGGGGCCCGGGCCGGGGGGGCC	1389339	1389638	1389639	1389351	1389383	255	1473830	1474129	1473831	1473910	1473942	187	68
LigP_1998661_1998762	upstream_LG	downstream_LG	37	83.784	101	137	230	266	0.001	GCCCGGGGGCCGCGCGCCGCCGGGCCGCGCCCGCGGC	GCCCGGGGGCGGCCCGGGGCCGGGCCCCGCCCCCGGC	1998362	1998661	1998662	1998463	1998499	162	1998762	1999061	1998763	1998992	1999028	33	129
LigP_113873431_113875063	upstream_LG	downstream_LG	29	82.759	71	99	182	210	0.26	CCGCGGGGCCGGGGGGCGCCCCCCCCGCG	CCGCGGGGGCCGGGGGCCGCGCCCCCGCG	113873132	113873431	113873432	113873203	113873231	200	113875063	113875362	113875064	113875245	113875273	89	111
LigP_6301310_6304695	upstream_LG	downstream_LG	31	87.097	49	79	56	86	6.78e-05	CCCGCCCCCGGGCCGCCCGGCCCGGGGCGGG	CCCGCCCCGGGGCCCCGCGGCGCGGGGCGGG	6301011	6301310	6301311	6301060	6301090	220	6304695	6304994	6304696	6304751	6304781	213	7
LigP_5226813_5226825	upstream_LG	downstream_LG	34	85.294	26	59	17	50	0.000268	GGGGGGGGGGGGGGGCGCCGGGCGCCCCGCGGGC	GGGGGCGGGGGGGGCCCCCGGGCCCCCGGCGGGC	5226514	5226813	5226814	5226540	5226573	240	5226825	5227124	5226826	5226842	5226875	249	9
LigP_68980547_104577096	upstream_LG	downstream_LG	36	80.556	61	96	98	133	1.0	CGGGGGCCGGGGCCGCCGCGGGCGGCCGCGCGGGCC	CGGGGGCCCCGGCGGCGGCGGGGGCCCGGGCGGGCC	68980248	68980547	68980548	68980309	68980344	203	104577096	104577395	104577097	104577194	104577229	166	37
LigP_9460651_9460715	upstream_LG	downstream_LG	35	85.714	170	204	155	189	6.78e-05	GCGCCCGGCGGCCGCCGGGCGGGGCCCCCCCGGCC	GCGCCCGGCCGGCGCGGGGGGGGGCCGCCCCGGCC	9460352	9460651	9460652	9460522	9460556	95	9460715	9461014	9460716	9460870	9460904	110	15
LigP_2805361_6300993	upstream_LG	downstream_LG	40	85.0	88	127	182	221	1.72e-05	CGGGGCCGGGGGCCGGGGGCGGGGGCCCCGCCCCCGGGGG	CGGGGCCGGGGGGCCCGGGGGGGGGCCCCCCCCGCGGGGG	2805062	2805361	2805362	2805150	2805189	172	6300993	6301292	6300994	6301175	6301214	78	94
LigP_5232578_5234225	upstream_LG	downstream_LG	37	83.784	83	119	156	192	0.001	CGGGGGGGGGCCCCCCGCGGGGGCGCCCCGGGGCGGG	CGGGGGGGGGGCCGCCGCCGGCGCCCCGCGGGGCGGG	5232279	5232578	5232579	5232362	5232398	180	5234225	5234524	5234226	5234381	5234417	107	73
LigP_5122315_5226829	upstream_LG	downstream_LG	29	89.655	198	226	17	45	4.34e-06	GGGGCCGGGGGGGCCCCGGGGCGCCCGGC	GGGGCGGGGGGGGCCCCCGGGCCCCCGGC	5122016	5122315	5122316	5122214	5122242	73	5226829	5227128	5226830	5226846	5226874	254	181
LigP_5227119_5239829	upstream_LG	downstream_LG	29	89.655	184	212	220	248	4.34e-06	CGGGGGCCGGGCGCGCCGCGGCGCCCGCC	CGGGGGCCGGGCCCCCCGCGCCGCCCGCC	5226820	5227119	5227120	5227004	5227032	87	5239829	5240128	5239830	5240049	5240077	51	36
LigP_4084542_4094260	upstream_LG	downstream_LG	31	83.871	105	135	5	35	0.017	CCGGGCCGGGCCCCCGCCCGGGGCGGGGCCC	CCGGGCCCCGCCCCGGCGCGGGCCGGGGCCC	4084243	4084542	4084543	4084348	4084378	164	4094260	4094559	4094261	4094265	4094295	264	100
LigP_76680333_76680663	upstream_LG	downstream_LG	33	87.879	218	250	220	252	4.34e-06	GGCGGGGGCGGGGGCGGGGGGGCGGCGCGGGGC	GGCGGGGGGGGGGGGGGGGGGGGCGCGCGGGGC	76680034	76680333	76680334	76680252	76680284	49	76680663	76680962	76680664	76680883	76680915	47	2
LigP_64638040_104342343	upstream_LG	downstream_LG	41	85.366	198	238	19	59	4.34e-06	GCGCCCGGCGCCCGGGCCCCGGGCCCCGCGCCCGCGCGCGG	GCGCCCGGGGCGCCGGCCGCGGGCCCCGCCCCCGGGCGCGG	64637741	64638040	64638041	64637939	64637979	61	104342343	104342642	104342344	104342362	104342402	240	179
LigP_68432139_68439275	upstream_LG	downstream_LG	35	88.571	223	257	163	197	2.78e-07	GGGGGCGGCCGCGGCCGCCCCGGCGGCGCCGCCGC	GGGGGCCGCCGCGGCCGCGGCGGCGCCGCCGCCGC	68431840	68432139	68432140	68432063	68432097	42	68439275	68439574	68439276	68439438	68439472	102	60
LigP_64318128_64342432	upstream_LG	downstream_LG	35	85.714	21	55	263	297	6.78e-05	CCCGCCCCCGCGCGGGCGCCCGGCGCCGCCGCCCC	CCCGCCCCCCCGCGCGCGCCCCGCCCCGCGGCCCC	64317829	64318128	64318129	64317850	64317884	244	64342432	64342731	64342433	64342695	64342729	2	242
LigP_69639243_69639980	upstream_LG	downstream_LG	32	84.375	254	285	66	97	0.004	CCCGGGGCCGGCCGCGCCGGGGCGGGCGGGCC	CCCGGGGCCGGGCCCGCGGGCGCGGGGGGGCC	69638944	69639243	69639244	69639198	69639229	14	69639980	69640279	69639981	69640046	69640077	202	188
LigP_5234552_5285278	upstream_LG	downstream_LG	31	87.097	50	80	242	272	6.78e-05	GCCCGCCCCCCCGGGCCCCCCCCGCGGCCCC	GCCCGCCCGCCCGGCGCCCCCCCCCGGCCCC	5234253	5234552	5234553	5234303	5234333	219	5285278	5285577	5285279	5285520	5285550	27	192
LigP_8033372_64314986	upstream_LG	downstream_LG	34	85.294	103	136	134	167	0.000268	CCGCGCCCCGCCCCCCCCGGGCCCCGGGCCCCCG	CCGCGCCCCCCCCCCGCCCGGGGCCGGGCCCCCG	8033073	8033372	8033373	8033176	8033209	163	64314986	64315285	64314987	64315120	64315153	132	31
LigP_3216371_3230837	upstream_LG	downstream_LG	52	82.692	154	205	84	135	1.72e-05	CCCCCCGGGCGGCCCCCGGGCCGGCGGCGCCCGCGCCCCCCGCCGGGCCCCC	CCCCCCGGGCCGCCCCGGGCGGGGGGGCGCCCGCCCCCCCCCCCGCGCCCCC	3216072	3216371	3216372	3216226	3216277	94	3230837	3231136	3230838	3230921	3230972	164	70
LigP_122656266_135071686	upstream_LG	downstream_LG	43	88.372	19	61	100	142	1.14e-09	CCCCCCCCCCCCCCCCGGGCCGCCCGGCCCGGGCCCCCCCCCC	CCCCCCCCCCCCCCCCCCCCCGCCCCCCCCGGGCCCCCCCCCC	122655967	122656266	122656267	122655986	122656028	238	135071686	135071985	135071687	135071786	135071828	157	81
LigP_76680626_76680639	upstream_LG	downstream_LG	34	85.294	260	293	41	74	0.000268	CCCGCGCGCCGCGCCGCGGGGGGCGCCGGCGCCC	CCCGCGCGCCGCGGGGCGGCGGGCCCCGGGGCCC	76680327	76680626	76680627	76680587	76680620	6	76680639	76680938	76680640	76680680	76680713	225	219
LigP_5227219_5229958	upstream_LG	downstream_LG	36	83.333	160	195	166	201	0.004	GGGCGGCCCCGCCCCGGCCCCCGCGCCCGGCCCCGG	GGGCGCCCCCGCCCCGCCCCGGCCGGCCGGCCCCGG	5226920	5227219	5227220	5227080	5227115	104	5229958	5230257	5229959	5230124	5230159	98	6
LigP_5227180_5315840	upstream_LG	downstream_LG	40	82.5	129	168	235	274	0.004	CCGGGCGCGCCGCGGCGCCCGCCCGGGGCCGCCGGCGGGC	CCGGGCGCGCCCGGGCGCGCGGCCGGGCCGGGCGGCGGGC	5226881	5227180	5227181	5227010	5227049	131	5315840	5316139	5315841	5316075	5316114	25	106
LigP_5227274_5312619	upstream_LG	downstream_LG	29	86.207	231	259	148	176	0.001	CCCCGGCCCCCCCGGCGCCGGCCCGGGGG	CCCCCGCCCCCCCGCGGCCGGCCCCGGGG	5226975	5227274	5227275	5227206	5227234	40	5312619	5312918	5312620	5312767	5312795	123	83
LigP_5227187_5227730	upstream_LG	downstream_LG	40	85.0	184	223	71	110	1.72e-05	CGGGCGGCGGGCGGCCCCGCCCCGGCCCCCGCGCCCGGCC	CGGGCCGCGGGCGGCCCCCCGCCCGCCCGCGCCCCCGGCC	5226888	5227187	5227188	5227072	5227111	76	5227730	5228029	5227731	5227801	5227840	189	113
LigP_76675075_76680662	upstream_LG	downstream_LG	30	83.333	185	214	84	113	0.065	CCGGCCGCGGCCCGCGGGGCCGCGGGGCGC	CCGGGCGCGGCCCCCGGCCCCGCCGGGCGC	76674776	76675075	76675076	76674961	76674990	85	76680662	76680961	76680663	76680746	76680775	186	101
LigP_33039955_33694389	upstream_LG	downstream_LG	37	83.784	239	275	262	298	0.001	GGGGCGCCGGGGGCGGGCGGGGGGGGGGCGGGGCCCG	GGGGGGCCCGGGGCGGGCCGCGGGGGGGGGGCGCCCG	33039656	33039955	33039956	33039895	33039931	24	33694389	33694688	33694390	33694651	33694687	1	23
LigP_7620536_9613930	upstream_LG	downstream_LG	31	87.097	195	225	175	205	6.78e-05	GCCCGGCCCCCGGCGCCCGCCCCCCCGGGGC	GCCCGCCCCCCCCCGCCCGCGCCCCCGGGGC	7620237	7620536	7620537	7620432	7620462	74	9613930	9614229	9613931	9614105	9614135	94	20
LigP_5227256_5233786	upstream_LG	downstream_LG	35	82.857	145	179	158	192	0.017	GCGCCCGGCCCCGGCCCCCGCCCCCCCCGCCCCCG	GCGCCCCGCCCCCCCCCCCCCGCCCCCCGGCCCCG	5226957	5227256	5227257	5227102	5227136	120	5233786	5234085	5233787	5233944	5233978	107	13
LigP_76680967_76696729	upstream_LG	downstream_LG	32	87.5	263	294	269	300	1.72e-05	GGGGGCCCGCGGGCCGGGGGGGGGCCCGCGGG	GGGGGCCCGCGGGGCGGGCCGGGGCCCCCGGG	76680668	76680967	76680968	76680931	76680962	5	76696729	76697028	76696730	76696998	76697029	-1	6
LigP_9513279_9613945	upstream_LG	downstream_LG	32	87.5	232	263	109	140	1.72e-05	GCGCCCCCCCGCCCCCCCGCGCCCCCCCCCCC	GCGCCCCCCCCCGCCCCCGCCCCGCCCCCCCC	9512980	9513279	9513280	9513212	9513243	36	9613945	9614244	9613946	9614054	9614085	159	123
LigP_64852704_64852930	upstream_LG	downstream_LG	30	90.0	257	286	258	287	1.1e-06	CCCCCCCGGGCGCCGGGGGGGGGCGGCCCG	CCCCCCCGCCCGGCGGGGGGGGGCGGCCCG	64852405	64852704	64852705	64852662	64852691	13	64852930	64853229	64852931	64853188	64853217	12	1
LigP_31823666_31826162	upstream_LG	downstream_LG	29	86.207	84	112	12	40	0.001	GCCCCCGCCCCGGGGCGGGGCCCGGGCCC	GCCCCCGCCGCGCGGGGGGGCCCCGGCCC	31823367	31823666	31823667	31823451	31823479	187	31826162	31826461	31826163	31826174	31826202	259	72
LigP_16605282_46001475	upstream_LG	downstream_LG	29	82.759	166	194	182	210	0.26	CGCGGCCCCGGCCGCGGGGGGGCGGCGGG	CGCGGCCCCCCCCCCGGGGGCCCGGCGGG	16604983	16605282	16605283	16605149	16605177	105	46001475	46001774	46001476	46001657	46001685	89	16
LigP_64101830_64101947	upstream_LG	downstream_LG	31	87.097	86	116	63	93	6.78e-05	GCGGGGGGGCCGCGGCCCGCGGCCGGGCGGG	GCGGGGGCGCCGGGGCCCGCGCCCCGGCGGG	64101531	64101830	64101831	64101617	64101647	183	64101947	64102246	64101948	64102010	64102040	206	23
LigP_5227126_5233411	upstream_LG	downstream_LG	31	83.871	239	269	204	234	0.017	CGGGCGCGGGCGGCGGGCGGCCCCGCCCCGG	CGGGGGCGGGGGGCGCGGGGCGCCGCCCCGG	5226827	5227126	5227127	5227066	5227096	30	5233411	5233710	5233412	5233615	5233645	65	35
LigP_3260997_3306528	upstream_LG	downstream_LG	32	87.5	9	40	269	300	1.72e-05	GCGGGCGCCCGCCCGGCCGCGGGGGGGGGGGG	GCGGGCGCCCGCGCGCCGGGGGGGGGGGGGGG	3260698	3260997	3260998	3260707	3260738	259	3306528	3306827	3306529	3306797	3306828	-1	260
LigP_2154534_2156355	upstream_LG	downstream_LG	34	88.235	259	292	187	220	1.1e-06	CCGCCCGGGGCCCGGCCGCCCGCCCCCCCCCCCC	CCGCCCGGGGCCCGGGCGGCCGCGCCCCGCCCCC	2154235	2154534	2154535	2154494	2154527	7	2156355	2156654	2156356	2156542	2156575	79	72
LigP_64637965_64646163	upstream_LG	downstream_LG	73	80.822	198	270	92	164	4.34e-06	CCCGGGGGGGGCGGGGGGGGGGGGCCGGCCGGGCGCCCCGCCGGGCGGGCGGCGGGGCGGGGGGGGCCGGGGG	CCCGGCGGGGGCGGGGGGGGCGGCCCCCCCGGGCGCCGGGCCGGCGGGGGGGGGGGGGGGCCGGGGCCGGGGG	64637666	64637965	64637966	64637864	64637936	29	64646163	64646462	64646164	64646255	64646327	135	106
LigP_65386789_65388919	upstream_LG	downstream_LG	29	82.759	30	58	9	37	0.26	GGGGCCGGCGCCCGGGCGCGCGCGGGCCG	GGGGCCGGGGCCGCGGCGCGGGGGGGCCG	65386490	65386789	65386790	65386520	65386548	241	65388919	65389218	65388920	65388928	65388956	262	21
LigP_66258663_66258829	upstream_LG	downstream_LG	38	84.211	17	54	218	255	0.000268	CGCGCCGCGCCGCGCCCCCCGGGCCCGGGCGGGCCGGG	CGCGCCGCCCGGCCCCCCCCGGGCGGGGGGGGGCCGGG	66258364	66258663	66258664	66258381	66258418	245	66258829	66259128	66258830	66259047	66259084	44	201
LigP_65576336_65581337	upstream_LG	downstream_LG	36	83.333	220	255	62	97	0.004	GGCGGGGGCCCCGGGCCCGGGGGGCGGGCGGCGGGG	GGCGGGGGCCGCGGCCCCCGCCGGGGGGCGGCGGGG	65576037	65576336	65576337	65576257	65576292	44	65581337	65581636	65581338	65581399	65581434	202	158
LigP_67272338_67272680	upstream_LG	downstream_LG	40	82.5	32	71	79	118	0.004	CGCCGCCGCGCGGGGGGCGCGGGGGGCGCGGCCCCCGGCC	CGCCGCCCCGCCGCGGGCCCGGCGGGCGGGGCCCGCGGCC	67272039	67272338	67272339	67272071	67272110	228	67272680	67272979	67272681	67272759	67272798	181	47
LigP_64448427_64448641	upstream_LG	downstream_LG	35	85.714	144	178	202	236	6.78e-05	GGGGGGGCGCGGGGGGGGGCCGGGGCCGGGGGCGC	GGGGGGGGGCGCGGGGGGGCGGGGGGCCGGGGCGC	64448128	64448427	64448428	64448272	64448306	121	64448641	64448940	64448642	64448843	64448877	63	58
LigP_1572007_86801952	upstream_LG	downstream_LG	50	82.0	235	284	21	70	0.000268	CGCGCCCGGGGCGCCCGCCCGGCCGCGCCGCCCGCGGGCCCGGCGGGGGC	CGCGCCCGCGCCGGCCGCCCGGCCGGGCGGGCCGCCGGCGCCGCGGGGGC	1571708	1572007	1572008	1571943	1571992	15	86801952	86802251	86801953	86801973	86802022	229	214
LigP_69212725_69638838	upstream_LG	downstream_LG	37	86.486	35	71	205	241	4.34e-06	CCCCGCCCGCCCCCCGGGGCGGGGGCGGCCGGGGGGC	CCCCGCCGGCCCCCCGGCCCGGGGGCGGGCGCGGGGC	69212426	69212725	69212726	69212461	69212497	228	69638838	69639137	69638839	69639043	69639079	58	170
LigP_67272317_67273369	upstream_LG	downstream_LG	44	84.091	174	217	255	298	1.72e-05	CGGGGGGGCGGCCGGGCCGGGGGCCGGGCGCGGGCCGGGGCCCC	CGGGCGGGGGGCCGGGCGCGGGGCCGGGCCCGGGCGGGGCCCCC	67272018	67272317	67272318	67272192	67272235	82	67273369	67273668	67273370	67273624	67273667	1	81
LigP_69639268_69640271	upstream_LG	downstream_LG	35	85.714	97	131	175	209	6.78e-05	GGGGGCCGGCGGGGCCCCCGGCCGGGGCCCGCCCG	GGGGGCCGGGGGGGCCCCGGCCCGGCGCGCGCCCG	69638969	69639268	69639269	69639066	69639100	168	69640271	69640570	69640272	69640446	69640480	90	78
LigP_47552990_47565261	upstream_LG	downstream_LG	40	85.0	3	42	1	40	1.72e-05	CCCGGGGGGCGGGGGCGGGGGGCGCGGGGGGGGGGGGCGG	CCCGGGGGGGGGGGGCCGCGGCCCCGGGCGGGGGGGGCGG	47552691	47552990	47552991	47552694	47552733	257	47565261	47565560	47565262	47565262	47565301	259	2
LigP_9613813_9613844	upstream_LG	downstream_LG	44	81.818	31	74	39	82	0.004	GGCGGGGGCGGGCCCCCGCCCCGCCGCCGGGCGGGGGCCGCCCC	GGCGGGGGGGGGCCCGCCCCCCGCGCCCGGGCCGCGCCCGCCCC	9613514	9613813	9613814	9613545	9613588	225	9613844	9614143	9613845	9613883	9613926	217	8
LigP_5227158_5227653	upstream_LG	downstream_LG	40	85.0	213	252	148	187	1.72e-05	CGGGCGGCGGGCGGCCCCGCCCCGGCCCCCGCGCCCGGCC	CGGGCCGCGGGCGGCCCCCCGCCCGCCCGCGCCCCCGGCC	5226859	5227158	5227159	5227072	5227111	47	5227653	5227952	5227654	5227801	5227840	112	65
LigP_5227169_5229305	upstream_LG	downstream_LG	31	83.871	65	95	237	267	0.017	CCGGGGCCCCGCCGCCGGCCCCGCCCGCGCC	CCGGGGCCCCGGCCGCGGCCGGGCCCGCGCC	5226870	5227169	5227170	5226935	5226965	204	5229305	5229604	5229306	5229542	5229572	32	172
LigP_46918646_46919772	upstream_LG	downstream_LG	31	90.323	19	49	81	111	2.78e-07	CCGCCGCCGCCCCGCGGCGCCGCCCGCGCCG	CCGCCGCCGCCGCGGGGCGCGGCCCGCGCCG	46918347	46918646	46918647	46918366	46918396	250	46919772	46920071	46919773	46919853	46919883	188	62
LigP_19713808_19713923	upstream_LG	downstream_LG	40	82.5	173	212	215	254	0.004	GGGCCCCGGGGGGGGGCGCCGGCCGCCCCGGCCGCCCCCG	GGGCCCCCGGGGCGGGCCCCCGGCGCCCGGGCCGCGCCCG	19713509	19713808	19713809	19713682	19713721	87	19713923	19714222	19713924	19714138	19714177	45	42
LigP_5225967_5226698	upstream_LG	downstream_LG	30	93.333	271	300	267	296	4.51e-09	CCGCCGCCGCCGCCCCCCGGGGCGGCGCGG	CCGCCGCCGCCGCCCCGCGGGGCGGGGCGG	5225668	5225967	5225968	5225939	5225968	-1	5226698	5226997	5226699	5226965	5226994	3	4
LigP_5227289_5237720	upstream_LG	downstream_LG	43	86.047	118	160	102	144	2.78e-07	GGCCCCGGCCCCCGCCCCCCCCGCCCCCGGGGGCGGGCCGGCC	GGCCCCGCCCCCCGCCCGCCCCGGGGCCGGCGGCGGGCCGGCC	5226990	5227289	5227290	5227108	5227150	139	5237720	5238019	5237721	5237822	5237864	155	16
LigP_780084_781750	upstream_LG	downstream_LG	37	86.486	191	227	64	100	4.34e-06	CCCCGCCCCGGGGGGCCGGCCCCCGCCCCCCGCCCCC	CCCCCCCCCGGGGGGGGGGCCCGCGCCCCCCGGCCCC	779785	780084	780085	779976	780012	72	781750	782049	781751	781814	781850	199	127
LigP_5227225_5228604	upstream_LG	downstream_LG	47	85.106	135	181	175	221	2.78e-07	GGGGGCGGGCGCGGGCGGCGGGCGGCCCCGCCCCGGCCCCCGCGCCC	GGGGGCGGGCGCGGGGGGGGGGCGCCCGGGCCCCGCCCCCCCCGCCC	5226926	5227225	5227226	5227061	5227107	118	5228604	5228903	5228605	5228779	5228825	78	40
LigP_1389621_2400296	upstream_LG	downstream_LG	33	81.818	127	159	232	264	0.26	GGGCGGCGGCGGGGGCCCCGCCGCCCGGCGGGG	GGGCGGCCCCGGGGGCGGCGGCGCCCGCCGGGG	1389322	1389621	1389622	1389449	1389481	140	2400296	2400595	2400297	2400528	2400560	35	105
LigP_5226786_5226829	upstream_LG	downstream_LG	34	85.294	53	86	13	46	0.000268	GGGGGGGGGGGGGGGCGCCGGGCGCCCCGCGGGC	GGGGGCGGGGGGGGCCCCCGGGCCCCCGGCGGGC	5226487	5226786	5226787	5226540	5226573	213	5226829	5227128	5226830	5226842	5226875	253	40
LigP_64638001_64638111	upstream_LG	downstream_LG	30	90.0	203	232	93	122	1.1e-06	CGGGCGGGCGGCGGGGCGGGGGGGGCCGGG	CGGGCCGGCGGCGGCGCGGGGGCGGCCGGG	64637702	64638001	64638002	64637905	64637934	67	64638111	64638410	64638112	64638204	64638233	177	110
LigP_5234640_5315975	upstream_LG	downstream_LG	40	82.5	81	120	100	139	0.004	CCGGGCGCGCCGCGGCGCCCGCCCGGGGCCGCCGGCGGGC	CCGGGCGCGCCCGGGCGCGCGGCCGGGCCGGGCGGCGGGC	5234341	5234640	5234641	5234422	5234461	179	5315975	5316274	5315976	5316075	5316114	160	19
LigP_64132758_64133267	upstream_LG	downstream_LG	31	83.871	204	234	183	213	0.017	CGCGGCCCGGGCCGCGCGCCCGGGCCCCCCG	CGCGGCCCCGGGCGCCCGGCCCGGCCCCCCG	64132459	64132758	64132759	64132663	64132693	65	64133267	64133566	64133268	64133450	64133480	86	21
LigP_5234596_5380665	upstream_LG	downstream_LG	31	87.097	267	297	198	228	6.78e-05	CGGGGCCCCGCCGGCCCGCGGGGGCGGGGGG	CGGGGCCCCGCCGCCCCCGGGGCGCGGGGGG	5234297	5234596	5234597	5234564	5234594	2	5380665	5380964	5380666	5380863	5380893	71	69
LigP_67468630_67468907	upstream_LG	downstream_LG	57	80.702	36	92	12	68	0.001	GGCCCGGGGCGGGGGCCCGGGGGCCGGGGCGCCGGGGGGGGCCGGGCCCGGGGCCCC	GGCCCCGGGCCGGGCCCCGGGGGCCCCGGCCCGGGGGGGCGCCCGCCCGGGGGCCCC	67468331	67468630	67468631	67468367	67468423	207	67468907	67469206	67468908	67468919	67468975	231	24
LigP_86672182_87037594	upstream_LG	downstream_LG	32	87.5	18	49	71	102	1.72e-05	CGGCCGGGGGGCCGGCCGCGCGCCCGCCCCCG	CGGCCCGGGGGCGGGCCGCCCCCCCGCCCCCG	86671883	86672182	86672183	86671901	86671932	250	87037594	87037893	87037595	87037665	87037696	197	53
LigP_47185612_47186140	upstream_LG	downstream_LG	30	83.333	201	230	269	298	0.065	GGGGGGCCGGGGCCGGGGGCCGGGGCCGGC	GGGGGGCCGCGGCGCGGGCCCGGGGGCGGC	47185313	47185612	47185613	47185514	47185543	69	47186140	47186439	47186141	47186409	47186438	1	68
