LigP_ID	query_ID	subject_ID	length	perc_id	q_start	q_end	s_start	s_end	evalue	q_seq	s_seq	start_harbor	end_harbor	end_LG1	start_homolog1	end_homolog1	LG1_distance	start_harbor2	end_harbor2	end_LG2	start_homolog2	end_homolog2	LG2_distance	Ligshift
LigP_7561502_7561489	upstream_LG	downstream_LG	30	86.667	88	117	254	283	0.000268	CCCCCCCCCGCCCGCCGGGCCCCGGCCCCC	CCCCCCCCCCCGCGCCGCGCCCCGCCCCCC	7561203	7561502	7561503	7561291	7561320	182	7561489	7561788	7561490	7561743	7561772	16	166
LigP_81033420_81034580	upstream_LG	downstream_LG	42	85.714	257	298	173	214	1.1e-06	GGGGGCGCGGCGGGGGGCCGGCCCGGGGGGGGGGGGCCGGGG	GGGGGGGCGGGGGCGGGGCGGCGCGGGGGGGGGGGGCGGGGG	81033121	81033420	81033421	81033378	81033419	1	81034580	81034879	81034581	81034753	81034794	85	84
LigP_81294773_81294812	upstream_LG	downstream_LG	33	84.848	133	165	51	83	0.001	GGGCCGGCGGGGGCCGCCGGGGCCGGCGCCGCG	GGGCCGGCCGCGGGCGCCGCGGGCGGCGCCGCG	81294474	81294773	81294774	81294607	81294639	134	81294812	81295111	81294813	81294863	81294895	216	82
LigP_28883356_28883415	upstream_LG	downstream_LG	43	88.372	94	136	134	176	1.14e-09	CGCCCCCGGCGCCCCGCGCGCCCCCGCCCGGGGGCCGCCCGCG	CGCCCCCCGCGCCCCCCGCCCCCCGGCCCGGGGGCCCCCCGCG	28883057	28883356	28883357	28883151	28883193	163	28883415	28883714	28883416	28883549	28883591	123	40
LigP_79809439_79811021	upstream_LG	downstream_LG	33	81.818	63	95	61	93	0.26	GGCCGCCCCGCCGCCGGGCCGCGCGGGGGGGCC	GGCCGCCGCCCCGCCGCGCCCCGCCCGGGGGCC	79809140	79809439	79809440	79809203	79809235	204	79811021	79811320	79811022	79811082	79811114	206	2
LigP_79917296_79918980	upstream_LG	downstream_LG	29	82.759	200	228	201	229	0.26	GGCCGCGCCGGGGGCCCCCCCCCCGGGCC	GGCCGCGGCCGGGCCCGCCCGCCCGGGCC	79916997	79917296	79917297	79917197	79917225	71	79918980	79919279	79918981	79919181	79919209	70	1
LigP_76737322_76775377	upstream_LG	downstream_LG	40	82.5	180	219	76	115	0.004	CCCCCCCGGCCCCGGGCGGCGCGGCGCCGCGCCCCCCGGG	CCCCCCCGGGCCCCGGCGCCCGGGCGCCCCGCCGCCCGGG	76737023	76737322	76737323	76737203	76737242	80	76775377	76775676	76775378	76775453	76775492	184	104
LigP_55265219_55267861	upstream_LG	downstream_LG	45	82.222	112	156	63	107	0.001	GGGGGGCGGCGGCCGCCGGCGCGGGGGGGGGGGCGGGGCGGGGCG	GGGGGGCGGGGGCCGCGGCCGCGCCGGGGCGGGCCGGGGGGGGCG	55264920	55265219	55265220	55265032	55265076	143	55267861	55268160	55267862	55267924	55267968	192	49
LigP_79802952_79803008	upstream_LG	downstream_LG	31	83.871	267	297	131	161	0.017	CCCCCCCGCCGCGCGCGCGCCCGGCCCCCGG	CCCCCCCGCCCCCCGCGGCCCCCGCCCCCGG	79802653	79802952	79802953	79802920	79802950	2	79803008	79803307	79803009	79803139	79803169	138	136
LigP_45169652_45170134	upstream_LG	downstream_LG	31	83.871	169	199	25	55	0.017	GGGCCCCCCCGGGGCCCGCGGGCGCCCCCGC	GGGCGCCCCGGGGGCCCCGGGGGGCCCCCGC	45169353	45169652	45169653	45169522	45169552	100	45170134	45170433	45170135	45170159	45170189	244	144
LigP_75109312_75109633	upstream_LG	downstream_LG	35	85.714	266	300	123	157	6.78e-05	CGGGGCGCGGCCCGGCGCCCCCCGGCCCCCGCCCG	CGGGGGGCGGCCCGGCCCCCCGCGCCCCGCGCCCG	75109013	75109312	75109313	75109279	75109313	-1	75109633	75109932	75109634	75109756	75109790	142	143
LigP_76737251_78992747	upstream_LG	downstream_LG	30	90.0	34	63	49	78	1.1e-06	GGGGCGGGGCCGCGGGGCCCCCCGGCGCGG	GGGGCGGGGCCGCCGGGCCCCGCCGCGCGG	76736952	76737251	76737252	76736986	76737015	236	78992747	78993046	78992748	78992796	78992825	221	15
LigP_1627913_1628224	upstream_LG	downstream_LG	30	86.667	168	197	141	170	0.000268	CCGGGGGGGCCGCCGGGGGGGGGGGGCCCC	CCGGGGGGGCCGGCCCCGGGGGGGGGCCCC	1627614	1627913	1627914	1627782	1627811	102	1628224	1628523	1628225	1628365	1628394	129	27
LigP_63776341_65055859	upstream_LG	downstream_LG	30	86.667	246	275	42	71	0.000268	CGGCCCCCGCCGGCCCGGCCCCCCCCCCCG	CGGCCCCGGCCGCCCCGCCCCCGCCCCCCG	63776042	63776341	63776342	63776288	63776317	24	65055859	65056158	65055860	65055901	65055930	228	204
LigP_81034870_81043905	upstream_LG	downstream_LG	31	87.097	64	94	96	126	6.78e-05	CCCCCCGCCCCGCGGCGCCGGGCCGCGGCCC	CCCCCCGCCCCGGGCCGCCGGCCCCCGGCCC	81034571	81034870	81034871	81034635	81034665	205	81043905	81044204	81043906	81044001	81044031	173	32
LigP_81031268_81034594	upstream_LG	downstream_LG	37	86.486	241	277	164	200	4.34e-06	GGGGGGGCGGGCGGGGGCGGGCGGGGGGGGGGGGGGC	GGGGGGGCGGGGGCGGGGCGGCGCGGGGGGGGGGGGC	81030969	81031268	81031269	81031210	81031246	22	81034594	81034893	81034595	81034758	81034794	99	77
LigP_2938071_50200776	upstream_LG	downstream_LG	41	85.366	197	237	149	189	4.34e-06	CGGGGCGGGCGCGGGGCGGGGCCGCGCCGGGGGGGGGGGGC	CGGGGGGGGCGCGGGGCGCGGGCGGGCGGGGGGCGGGGGGC	2937772	2938071	2938072	2937969	2938009	62	50200776	50201075	50200777	50200925	50200965	110	48
LigP_1087889_39026961	upstream_LG	downstream_LG	38	89.474	153	190	108	145	4.51e-09	CCCCCCCCCCCGCGGGGGGGGGGGGGCCCGGGGGCCCG	CCCCCCCCCCCCCCGGCGGGGGGGGGCCCGGGGCCCCG	1087590	1087889	1087890	1087743	1087780	109	39026961	39027260	39026962	39027069	39027106	154	45
LigP_2938074_37753279	upstream_LG	downstream_LG	46	82.609	31	76	18	63	0.000268	CCCCCCCCCCGCGCCCCGGCCCCCGGCGCCGCCCCGGGCCCCCGGG	CCCCCCCCCGGCGCCGGGGCCCCGCGCGCCCCCCGGGGGCCCCGGG	2937775	2938074	2938075	2937806	2937851	223	37753279	37753578	37753280	37753297	37753342	236	13
LigP_58488438_58490991	upstream_LG	downstream_LG	35	82.857	84	118	95	129	0.017	GGCCCGGCGGGGGGGCCGCCGGGGCCGGCGGGGGC	GGCCCGGCCCGGGGGCCGGCCCGGCGGGCGGGGGC	58488139	58488438	58488439	58488223	58488257	181	58490991	58491290	58490992	58491086	58491120	170	11
LigP_7561828_7580613	upstream_LG	downstream_LG	37	89.189	212	248	17	53	1.78e-08	GGGGGGGGCGGGGCGCGGCGCGGGGGGGGGGGCGGCG	GGGGGGGGCGGCGCGCGGGGCCGGGGGGGGGGGGGCG	7561529	7561828	7561829	7561741	7561777	51	7580613	7580912	7580614	7580630	7580666	246	195
LigP_48723725_48747154	upstream_LG	downstream_LG	51	86.275	54	104	38	88	1.14e-09	GGGGGGGGGGGCCCGCCCCGGGCCGGGGGGGGGGGGCCGGGGCCGCCCCCG	GGGGGGGCGCGCCCGGGCCGGGCCGGGGGGGGGGCCCCGGGGGCGCCCCCG	48723426	48723725	48723726	48723480	48723530	195	48747154	48747453	48747155	48747192	48747242	211	16
LigP_7561827_7579126	upstream_LG	downstream_LG	31	83.871	140	170	115	145	0.017	CCGGCCCCCCCGCGGCGCGCCCCCCGCCGGG	CCGGCCCCCGCGCCGCCCCCCCCCGGCCGGG	7561528	7561827	7561828	7561668	7561698	129	7579126	7579425	7579127	7579241	7579271	154	25
LigP_45169641_45169734	upstream_LG	downstream_LG	31	83.871	181	211	269	299	0.017	GGCCCCCCCGGGGCCCGCGGGCGCCCCCGCG	GGCCCCGCCGGGGCCGCCCGGCCCCCCCGCG	45169342	45169641	45169642	45169523	45169553	88	45169734	45170033	45169735	45170003	45170033	0	88
LigP_75072413_75109632	upstream_LG	downstream_LG	51	82.353	8	58	30	80	6.78e-05	CCGCCGCCCCCGGGCGCGGGCGGCCGGGCCGGGGGGCGGCGCGGCCCCCCC	CCGCCGCCCCCGCCGGCGGGCGGGCGGGCGGGGGCCCCGCCCGGCCCCCCC	75072114	75072413	75072414	75072122	75072172	241	75109632	75109931	75109633	75109662	75109712	219	22
LigP_76868658_81342416	upstream_LG	downstream_LG	33	84.848	14	46	88	120	0.001	CGCGGCCGCGGCCCCCGGGCCGCCCCGGCGCCG	CGCGGCGGCCGCCCCCGGCCCCCCCCGCCGCCG	76868359	76868658	76868659	76868373	76868405	253	81342416	81342715	81342417	81342504	81342536	179	74
LigP_29577936_29589305	upstream_LG	downstream_LG	41	80.488	260	300	252	292	0.26	CGGGCCGGGGCGGGGCCGGGCGCGGCCGGCCGGGGGCGGGC	CGGGGCGGCGCGGGGCGGGGGGCGCCCGGGGGCGGGCGGGC	29577637	29577936	29577937	29577897	29577937	-1	29589305	29589604	29589306	29589557	29589597	7	8
LigP_76737237_76737703	upstream_LG	downstream_LG	31	87.097	80	110	171	201	6.78e-05	GCCCCGCGGGGCGCGCGCGCCGCCGGCGCGC	GCCCCGCGGGGGGCCCCCGCCGCCGGGGCGC	76736938	76737237	76737238	76737018	76737048	189	76737703	76738002	76737704	76737874	76737904	98	91
LigP_7561828_7562331	upstream_LG	downstream_LG	31	87.097	214	244	200	230	6.78e-05	GGGGGGCGGGGCGCGGCGCGGGGGGGGGGGC	GGGGGGCGGGGGCCGGCGGGCGGGGGGGGGC	7561529	7561828	7561829	7561743	7561773	55	7562331	7562630	7562332	7562531	7562561	69	14
LigP_80885282_81034566	upstream_LG	downstream_LG	29	86.207	64	92	100	128	0.001	GGGCGGCCCCGCGGGGGGGGCGGGCCGCC	GGGCGGCGCCCCGGGGCGGGCGGCCCGCC	80884983	80885282	80885283	80885047	80885075	207	81034566	81034865	81034567	81034666	81034694	171	36
LigP_7561852_7843085	upstream_LG	downstream_LG	36	86.111	43	78	9	44	1.72e-05	GGCGGCGCCCCGGCCCCGCCCCCCCCGCCGCCCCGC	GGCGGCGCCCCCCCCCCGCCGCCCCCCCCCCCCCGC	7561553	7561852	7561853	7561596	7561631	221	7843085	7843384	7843086	7843094	7843129	255	34
LigP_76737300_76737651	upstream_LG	downstream_LG	31	87.097	17	47	223	253	6.78e-05	GCCCCGCGGGGCGCGCGCGCCGCCGGCGCGC	GCCCCGCGGGGGGCCCCCGCCGCCGGGGCGC	76737001	76737300	76737301	76737018	76737048	252	76737651	76737950	76737652	76737874	76737904	46	206
LigP_80724433_81034566	upstream_LG	downstream_LG	36	86.111	25	60	157	192	1.72e-05	CGGGGCGCGGGGGGGGGGGGGGGGCGGGCGCGGGCG	CGGGGGGCGCGGGGGGGGGGGCGGGGGGCGCCGGCG	80724134	80724433	80724434	80724159	80724194	239	81034566	81034865	81034567	81034723	81034758	107	132
LigP_76737313_76737886	upstream_LG	downstream_LG	31	83.871	87	117	41	71	0.017	GGCCGCCCGCCCCGGGGGGGGCCGCGCCCCC	GGCCGCCCGGCCCGCCGGGGGGCGCGGCCCC	76737014	76737313	76737314	76737101	76737131	182	76737886	76738185	76737887	76737927	76737957	228	46
LigP_7561829_7574038	upstream_LG	downstream_LG	29	93.103	155	183	171	199	1.78e-08	CGCCCCCCGCCGGGCCGGGGCGCCGGGGG	CGCCCCCCGCCCGGCCGGGGCGCCCGGGG	7561530	7561829	7561830	7561685	7561713	116	7574038	7574337	7574039	7574209	7574237	100	16
LigP_79802896_79802954	upstream_LG	downstream_LG	46	80.435	7	52	162	207	0.065	CCCCCCGGGGGCCCCGGCGCCGGCCCCGGCCGCCCCCCCCCCCCCG	CCCCCCGCGGCCCCCGCCCCCGGCCGCGCCCGGCCCGCCCCGCCCG	79802597	79802896	79802897	79802604	79802649	247	79802954	79803253	79802955	79803116	79803161	92	155
LigP_65056158_66070117	upstream_LG	downstream_LG	30	86.667	166	195	255	284	0.000268	GGGGGGGGGGGCCGGGGCGCGGCGGGGGGC	GGGGGGGGGGGGCGGGGGGCCGGGGGGGGC	65055859	65056158	65056159	65056025	65056054	104	66070117	66070416	66070118	66070372	66070401	15	89
LigP_41309189_68157984	upstream_LG	downstream_LG	29	96.552	211	239	13	41	7.31e-11	GCGGCCCGCGGCCGCCCCGGCGGGCCGCC	GCGGCCCCCGGCCGCCCCGGCGGGCCGCC	41308890	41309189	41309190	41309101	41309129	60	68157984	68158283	68157985	68157997	68158025	258	198
LigP_79802897_79837148	upstream_LG	downstream_LG	35	85.714	218	252	247	281	6.78e-05	CCGGGCGGGCCGGGGGCGCGGCGCCGCCGGGGCGC	CCGGGGGGGCCGGCGCCGCGGGGCCGCCCGGGCGC	79802598	79802897	79802898	79802816	79802850	47	79837148	79837447	79837149	79837395	79837429	18	29
LigP_43399143_43401348	upstream_LG	downstream_LG	31	83.871	1	31	73	103	0.017	GGGCGGCCGCGGGCCGGGCGGGCGCCCCCCC	GGGCGGCCCGGGGCCGGGGGGGGGCCGCCCC	43398844	43399143	43399144	43398845	43398875	268	43401348	43401647	43401349	43401421	43401451	196	72
LigP_18232682_18245628	upstream_LG	downstream_LG	30	90.0	83	112	34	63	1.1e-06	CCCGCCCCCGCCCCGGCCCGCCGCCCCCGG	CCCGGCCCCGCCCCGGCCCCCGGCCCCCGG	18232383	18232682	18232683	18232466	18232495	187	18245628	18245927	18245629	18245662	18245691	236	49
LigP_7561827_7723928	upstream_LG	downstream_LG	29	86.207	213	241	106	134	0.001	GGGGGGGGCGGGGCGCGGCGCGGGGGGGG	GGGGGGGGCCGGGGGGGGGGCGGGGGGGG	7561528	7561827	7561828	7561741	7561769	58	7723928	7724227	7723929	7724034	7724062	165	107
LigP_48439874_61409371	upstream_LG	downstream_LG	31	90.323	167	197	108	138	2.78e-07	CCCCGGCCCCGCGCGGCCGCCGCGGCGCGCG	CCCCGGCCCCGCGCGGCCCGCGGGGCGCGCG	48439575	48439874	48439875	48439742	48439772	102	61409371	61409670	61409372	61409479	61409509	161	59
LigP_39754932_39864092	upstream_LG	downstream_LG	36	80.556	10	45	66	101	1.0	GGCGGCGCGGGGGCGGCGGGGGGGCGCGCGGGCGCG	GGCGGCGGGGGCGCGCGGGGGGGCCGGGCGGCCGCG	39754633	39754932	39754933	39754643	39754678	254	39864092	39864391	39864093	39864158	39864193	198	56
LigP_7561822_7565260	upstream_LG	downstream_LG	37	83.784	29	65	150	186	0.001	CCCCCCCCGGCCGGGCCCCGCCCGGGGCCGGGCGGGG	CCCCCCCCGGGCGGGCCGGGGGCGGGGCCGCGCGGGG	7561523	7561822	7561823	7561552	7561588	234	7565260	7565559	7565261	7565410	7565446	113	121
LigP_76737282_76737747	upstream_LG	downstream_LG	31	87.097	35	65	127	157	6.78e-05	GCCCCGCGGGGCGCGCGCGCCGCCGGCGCGC	GCCCCGCGGGGGGCCCCCGCCGCCGGGGCGC	76736983	76737282	76737283	76737018	76737048	234	76737747	76738046	76737748	76737874	76737904	142	92
LigP_7561897_7574033	upstream_LG	downstream_LG	29	93.103	87	115	176	204	1.78e-08	CGCCCCCCGCCGGGCCGGGGCGCCGGGGG	CGCCCCCCGCCCGGCCGGGGCGCCCGGGG	7561598	7561897	7561898	7561685	7561713	184	7574033	7574332	7574034	7574209	7574237	95	89
LigP_76868657_77056149	upstream_LG	downstream_LG	31	87.097	241	271	137	167	6.78e-05	GGGGCCGGGGCGCGGGCCCGGGGCCGCCCCC	GGGGGCGGGGGGCGCGCCCGGGGCGGCCCCC	76868358	76868657	76868658	76868599	76868629	28	77056149	77056448	77056150	77056286	77056316	132	104
LigP_79918750_79918991	upstream_LG	downstream_LG	30	86.667	122	151	116	145	0.000268	GGGCCGGGGGGGGCCGGCCCCCCGGGGGCC	GGGCCGGGCGCGGGCGGCGCCCCGGGGGCC	79918451	79918750	79918751	79918573	79918602	148	79918991	79919290	79918992	79919107	79919136	154	6
LigP_39754785_45908206	upstream_LG	downstream_LG	30	83.333	22	51	61	90	0.065	CCCCCCCCGCGGGCGCCCGGGCGCCGGGGG	CCCCCCCGGGGGGCGCGCGCGCGCGGGGGG	39754486	39754785	39754786	39754508	39754537	248	45908206	45908505	45908207	45908267	45908296	209	39
LigP_7913041_7915490	upstream_LG	downstream_LG	37	89.189	256	292	150	186	1.78e-08	GGGGCCCGCCGGGCGGGGGCGCGGCGGGGGGGGCGCC	GGGGGCCGCCCGGGGGGGGCGCGGGGGGGGGGGCGCC	7912742	7913041	7913042	7912998	7913034	7	7915490	7915789	7915491	7915640	7915676	113	106
LigP_81188156_81191856	upstream_LG	downstream_LG	35	91.429	70	104	96	130	1.14e-09	GCGGCGGGGGCCGCCCCCCCCGCCCCCCGGGCCCC	GCGGCGGGGGCCCCCCCCCCGGCCCCCGGGGCCCC	81187857	81188156	81188157	81187927	81187961	195	81191856	81192155	81191857	81191952	81191986	169	26
LigP_7561828_7717041	upstream_LG	downstream_LG	33	84.848	19	51	202	234	0.001	GCCCCCCCCCCCGGCCGGGCCCCGCCCGGGGCC	GCCCCCCCCCCCCCCCCGGCCCGGGCCGGGGCC	7561529	7561828	7561829	7561548	7561580	248	7717041	7717340	7717042	7717243	7717275	65	183
LigP_7561904_7564641	upstream_LG	downstream_LG	41	85.366	2	42	125	165	4.34e-06	GGCCCCGCCCCCCCCGCCGCCCCGCCCCGGCCCGGCCCCCG	GGCCCCCCCGCCCCCCCCGCCGCGCCCGGGCCCGGGCCCCG	7561605	7561904	7561905	7561607	7561647	257	7564641	7564940	7564642	7564766	7564806	134	123
LigP_7561896_7565531	upstream_LG	downstream_LG	34	82.353	85	118	166	199	0.065	GCGCGCCCCCCGCCGGGCCGGGGCGCCGGGGGCG	GCGCGCCCGCCGCCCGGGGGGGGGGCGGGGGGCG	7561597	7561896	7561897	7561682	7561715	181	7565531	7565830	7565532	7565697	7565730	100	81
LigP_2938071_2939842	upstream_LG	downstream_LG	29	86.207	66	94	173	201	0.001	CCCGGGCCCCCGGGGGCGGGCCCGCGCCG	CCCGGGCCCCGGGGGCCGGGGCCCCGCCG	2937772	2938071	2938072	2937838	2937866	205	2939842	2940141	2939843	2940015	2940043	98	107
LigP_56120598_73933083	upstream_LG	downstream_LG	29	86.207	168	196	232	260	0.001	CCCCCCCCGGGGCGGCCCCGGCGGCCCCC	CCCCCCGCGGCGCGCCCCGGGCGGCCCCC	56120299	56120598	56120599	56120467	56120495	103	73933083	73933382	73933084	73933315	73933343	39	64
LigP_79024127_79027629	upstream_LG	downstream_LG	34	82.353	41	74	250	283	0.065	CGGGGGCCCCGGGGCCCGCCCCCCCGCCGCCGGG	CGGGGGCCGCGGGGGCCCCCGCGCCCCCGCCGGG	79023828	79024127	79024128	79023869	79023902	225	79027629	79027928	79027630	79027879	79027912	16	209
LigP_7242997_7857585	upstream_LG	downstream_LG	36	86.111	184	219	256	291	1.72e-05	CCCCCGGGGGCGGGGGGCCGGGGGGGGGGCGGGCGC	CCCCGGGGGCCGCGGGGCGGGGCGGGGGGCGGGCGC	7242698	7242997	7242998	7242882	7242917	80	7857585	7857884	7857586	7857841	7857876	8	72
LigP_81049234_81071418	upstream_LG	downstream_LG	32	84.375	96	127	249	280	0.004	GCCCCCCGGCCGGCGGCGGGCGGGCGGGCGGG	GCCCCCCGGGCGGGGGCCCGGGGGCGGGCGGG	81048935	81049234	81049235	81049031	81049062	172	81071418	81071717	81071419	81071667	81071698	19	153
LigP_8156330_8156319	upstream_LG	downstream_LG	39	87.179	247	285	186	224	2.78e-07	CGCGCCCCCCCCCCGCCCCCGGGCGCCCGCCGCCCGGCG	CGCGCGCCCCCCCCGCCCCCGCCGGCCCGCCGGCCGGCG	8156031	8156330	8156331	8156278	8156316	14	8156319	8156618	8156320	8156505	8156543	75	61
LigP_79802898_79838557	upstream_LG	downstream_LG	29	86.207	159	187	156	184	0.001	GGCCGGGCCGCGCGGGCCCGCCGGGGGGG	GGCCGGGCCGGGGGGGCCGGCGGGGGGGG	79802599	79802898	79802899	79802758	79802786	112	79838557	79838856	79838558	79838713	79838741	115	3
LigP_7561843_7581090	upstream_LG	downstream_LG	33	81.818	197	229	193	225	0.26	GGGGGGGGCGGGGCGCGGCGCGGGGGGGGGGGC	GGGGGGGCGGGGGGGCGCCGGGGGGCGGGGGGC	7561544	7561843	7561844	7561741	7561773	70	7581090	7581389	7581091	7581283	7581315	74	4
LigP_81034908_81095721	upstream_LG	downstream_LG	29	82.759	127	155	207	235	0.26	CGCCCCCCCCCCCGCGCCCCCCGCCCCCC	CGCCCCCCCGCGCCCGCGCCCGGCCCCCC	81034609	81034908	81034909	81034736	81034764	144	81095721	81096020	81095722	81095928	81095956	64	80
LigP_67366540_67725100	upstream_LG	downstream_LG	29	82.759	140	168	22	50	0.26	CGCCCGCCGGCGGCCGGCCGGCCCCCCCC	CGCCGGCCGGGGGGCGGCCCCCCCCCCCC	67366241	67366540	67366541	67366381	67366409	131	67725100	67725399	67725101	67725122	67725150	249	118
LigP_81034879_81092330	upstream_LG	downstream_LG	35	85.714	187	221	79	113	6.78e-05	CCCCGCGCCGCCCCGCCCCCGCCCCCCCGCCCCCG	CCCCGCGCCCGCCCCCCCCCGCGGCCCCGCCCCCG	81034580	81034879	81034880	81034767	81034801	78	81092330	81092629	81092331	81092409	81092443	186	108
LigP_7561835_7686432	upstream_LG	downstream_LG	47	82.979	67	113	71	117	6.78e-05	CCCCGGCCCCGCCCCCCCCGCCGCCCCGCCCCGGCCCGGCCCCCGCG	CCCCGCCCGCGCCCCCCCCCCCGGGCCGCCCGGCCGCGGCCCCCGCG	7561536	7561835	7561836	7561603	7561649	186	7686432	7686731	7686433	7686503	7686549	182	4
LigP_81092862_81094521	upstream_LG	downstream_LG	32	84.375	41	72	161	192	0.004	CCGCGGGCCGGGGCGCCGGGGCCGGGGGGCGC	CCGCCGGCCGGGCCCCCCGGGCCGGCGGGCGC	81092563	81092862	81092863	81092604	81092635	227	81094521	81094820	81094522	81094682	81094713	107	120
LigP_79789708_79796940	upstream_LG	downstream_LG	38	89.474	111	148	159	196	4.51e-09	GGGGGCCGCGGGGGGGGGCCGGGGCCGCCGGGGGGGGG	GGGGGCCGCGGGGGGGGGCGGGGGCGCCGGGGGGGGGG	79789409	79789708	79789709	79789520	79789557	151	79796940	79797239	79796941	79797099	79797136	103	48
LigP_7561827_7574313	upstream_LG	downstream_LG	39	82.051	235	273	161	199	0.017	GGGGGGGGGGCGGCGGGGCCGCCGCGCGCGGCCGGGCGG	GGGGGGGGCGGGGCCGGGCCGCGGCCCCCGGGCGGGCGG	7561528	7561827	7561828	7561763	7561801	26	7574313	7574612	7574314	7574474	7574512	100	74
LigP_82689284_82698002	upstream_LG	downstream_LG	30	86.667	167	196	160	189	0.000268	CCCGGCGCCCCCCGCCGCCGCCCCCGCCCC	CCCGGGGCCCCGCGGCGCGGCCCCCGCCCC	82688985	82689284	82689285	82689152	82689181	103	82698002	82698301	82698003	82698162	82698191	110	7
LigP_2938073_2981517	upstream_LG	downstream_LG	32	84.375	171	202	164	195	0.004	CGGGGGGCCGCGGGGCCCCGGGGCCGGGGCGG	CGGGGGCCCGCGCGGCCGGGGGGCCGCGGCGG	2937774	2938073	2938074	2937945	2937976	97	2981517	2981816	2981518	2981681	2981712	104	7
LigP_1628041_1628142	upstream_LG	downstream_LG	54	81.481	204	257	118	171	0.000268	GGCCGGCCCCCGCCCGGCCCCCGCGGCCGCCCCCGGCGGCCCCGGCCGCCGCCG	GGCCCGCCCCCGCCCGCCCCGCGCCGCGCCCCGCGCCGGCCCCGGGCGGCGCCG	1627742	1628041	1628042	1627946	1627999	42	1628142	1628441	1628143	1628260	1628313	128	86
LigP_79843477_79926581	upstream_LG	downstream_LG	37	86.486	149	185	210	246	4.34e-06	CGGGGCGCGCGGGCGGGGGCGCGGGCCCCGGGCGCCG	CGGGGCCCGCGGCCCGGGGCCCGGGCCCCGGCCGCCG	79843178	79843477	79843478	79843327	79843363	114	79926581	79926880	79926582	79926791	79926827	53	61
LigP_65056152_73231179	upstream_LG	downstream_LG	30	86.667	215	244	119	148	0.000268	CGGCGCCCGCCGGGGGGGCGGGCGGGGGGG	CGGCCCCCCCCGCGGGGGCGCGCGGGGGGG	65055853	65056152	65056153	65056068	65056097	55	73231179	73231478	73231180	73231298	73231327	151	96
LigP_76383246_76397899	upstream_LG	downstream_LG	29	86.207	137	165	53	81	0.001	GGGCGCGGGGCCCGCCGCCCCGGCGCGCG	GGGCGCGGCGCCGGCCGCCGCGGGGCGCG	76382947	76383246	76383247	76383084	76383112	134	76397899	76398198	76397900	76397952	76397980	218	84
LigP_58516994_58517834	upstream_LG	downstream_LG	40	85.0	75	114	142	181	1.72e-05	GGGGGGGGCGGCGGGGGCCGCGCGGGGGGGGGGCGGCGGG	GGGGGCGGGGGCGGCGGCCGCGCGGCGGGGGCGGGGCGGG	58516695	58516994	58516995	58516770	58516809	185	58517834	58518133	58517835	58517976	58518015	118	67
LigP_50508597_50508851	upstream_LG	downstream_LG	29	89.655	10	38	50	78	4.34e-06	GGCCGCCCCCGCCCGGCCCCCGGCCCCCG	GGCCCCCCCCGCCCCGCCCCCCGCCCCCG	50508298	50508597	50508598	50508308	50508336	261	50508851	50509150	50508852	50508901	50508929	221	40
LigP_76737246_76737629	upstream_LG	downstream_LG	31	87.097	71	101	245	275	6.78e-05	GCCCCGCGGGGCGCGCGCGCCGCCGGCGCGC	GCCCCGCGGGGGGCCCCCGCCGCCGGGGCGC	76736947	76737246	76737247	76737018	76737048	198	76737629	76737928	76737630	76737874	76737904	24	174
LigP_44970430_44990115	upstream_LG	downstream_LG	29	86.207	185	213	168	196	0.001	CCCCCGGCGCGCCCGCCCGGGGGCCCCCC	CCCCCGGGGGGCCCGGGCGGGGGCCCCCC	44970131	44970430	44970431	44970316	44970344	86	44990115	44990414	44990116	44990283	44990311	103	17
LigP_17493445_17495451	upstream_LG	downstream_LG	57	82.456	174	230	221	277	4.34e-06	CCGCCCCCCGCCCCCCCCGCCCCGGCGCGCGCGCCCGCCCCGGCGCGCGCGCCCGCC	CCGCCCCCGCCCCCCCCCCCCCCGCCCCCCGCGCCCCCCCCGGGGGGCGCCCCCGCC	17493146	17493445	17493446	17493320	17493376	69	17495451	17495750	17495452	17495672	17495728	22	47
LigP_39187192_39192590	upstream_LG	downstream_LG	44	81.818	228	271	30	73	0.004	CCCCCCGGCCGCGGGCCGCCCCGCCGCCGGCCCGGCGCGGCCCC	CCCCCCCGCCGCGCGGCCCCCCGCGCCCCGCCCGGCGCCGCCCC	39186893	39187192	39187193	39187121	39187164	28	39192590	39192889	39192591	39192620	39192663	226	198
LigP_7561869_7582095	upstream_LG	downstream_LG	33	84.848	168	200	8	40	0.001	CGCGGGGGGGGCGGGGCGCGGCGCGGGGGGGGG	CGCGGGGGGCGCGGGGGGGCGCGCGGCGGGGGG	7561570	7561869	7561870	7561738	7561770	99	7582095	7582394	7582096	7582103	7582135	259	160
LigP_30709999_30711134	upstream_LG	downstream_LG	35	82.857	26	60	211	245	0.017	CCCCGGGGGGCGCGCCGGGCGGGGGGCCCGGGCCC	CCCCGCGGGGCCGGCCGGCCCGGGGGGCCGGGCCC	30709700	30709999	30710000	30709726	30709760	239	30711134	30711433	30711135	30711345	30711379	54	185
LigP_63700180_81165829	upstream_LG	downstream_LG	36	83.333	256	291	128	163	0.004	CGCCGCCGCCGCCGCCCCGCCGCCGCGCCGCCCCCG	CGCCGCCGCCCCCCCCCGGCCCCGGCCCCGCCCCCG	63699881	63700180	63700181	63700137	63700172	8	81165829	81166128	81165830	81165957	81165992	136	128
LigP_7561835_7592403	upstream_LG	downstream_LG	33	84.848	159	191	161	193	0.001	CGGGCCGGGGCGCCGGGGGCGCCGCCGGGGCCG	CGGGCCGGGGCCCCGGCGCCGCGGCCGCGGCCG	7561536	7561835	7561836	7561695	7561727	108	7592403	7592702	7592404	7592564	7592596	106	2
LigP_7561913_7594378	upstream_LG	downstream_LG	41	82.927	12	52	196	236	0.001	CCCCGCCCCGGCCCGGCCCCCGCGCGGGGGCCCCCCGCCCC	CCCCGCCCGGGGCCGGCGCCCCCCCGCGGGCCCCCGGCCCC	7561614	7561913	7561914	7561626	7561666	247	7594378	7594677	7594379	7594574	7594614	63	184
LigP_1648005_1648374	upstream_LG	downstream_LG	36	91.667	122	157	188	223	2.89e-10	GGGCCCGCCCGCCCCCCGCCCCCCCCGGCGCCCCCG	GGGCCCCCCGGCCCGCCGCCCCCCCCGGCGCCCCCG	1647706	1648005	1648006	1647828	1647863	142	1648374	1648673	1648375	1648562	1648597	76	66
LigP_39754847_40100186	upstream_LG	downstream_LG	49	81.633	215	263	250	298	0.001	CCCCCGCCCCCCGCGGGCCCCGCCCCGCCGCCCCCCGGGCCGCCGCCCC	CCCCCCCCCCCCGGGGCCCCCGCGCCGGGGGCCCCGGGCCCGCCGCCCC	39754548	39754847	39754848	39754763	39754811	36	40100186	40100485	40100187	40100436	40100484	1	35
LigP_79796397_79834769	upstream_LG	downstream_LG	38	84.211	238	275	9	46	0.000268	GGCGGGCGCCGGCCCCGGGGGCGGGGCGGGGGCGGGGG	GGCGGGGGCCGGGCCCGGCGGGGCGGCGGGGGGGGGGG	79796098	79796397	79796398	79796336	79796373	24	79834769	79835068	79834770	79834778	79834815	253	229
LigP_76868627_79791960	upstream_LG	downstream_LG	29	86.207	65	93	140	168	0.001	CGCCCCGGCGCCGCCCGGCCGCCCCCCCC	CGCCCCGGCCCCGCCCCCCCCCCCCCCCC	76868328	76868627	76868628	76868393	76868421	206	79791960	79792259	79791961	79792100	79792128	131	75
LigP_7561827_8046825	upstream_LG	downstream_LG	34	85.294	109	142	246	279	0.000268	CCCGGCCCCCGCGCGGGGGCCCCCCGCCCCCCCG	CCCGGCCCCCCGGGGGCGGCCCCCCGCCGCCCCG	7561528	7561827	7561828	7561637	7561670	157	8046825	8047124	8046826	8047071	8047104	20	137
LigP_76868653_77052801	upstream_LG	downstream_LG	42	83.333	152	193	119	160	0.000268	GGGGGGGCGCGCGGCGGGCGCGGGCCGCCCCCGCCGGGGGCC	GGGGGGGCGGGCGGGGGGCGGGGCCCCCCCGCGCGGGGGGCC	76868354	76868653	76868654	76868506	76868547	106	77052801	77053100	77052802	77052920	77052961	139	33
LigP_7561804_8190094	upstream_LG	downstream_LG	35	82.857	140	174	198	232	0.017	CCGCGCGGGGGCCCCCCGCCCCCCCGGCCCCCCCG	CCGCGCGGCGGCGGCCCCCCCCCCGGGGCCCCCCG	7561505	7561804	7561805	7561645	7561679	125	8190094	8190393	8190095	8190292	8190326	67	58
LigP_81033240_81034568	upstream_LG	downstream_LG	33	87.879	135	167	264	296	4.34e-06	GGGGGGCGGGGCGGGGCCCGGGGCCGCGGGGGC	GGGGGGCGCGGCGCGGGCCGGGGCCCCGGGGGC	81032941	81033240	81033241	81033076	81033108	132	81034568	81034867	81034569	81034832	81034864	3	129
LigP_15655286_30709832	upstream_LG	downstream_LG	43	83.721	248	290	153	195	6.78e-05	CCCCCGGCCCCCCCGGGGGCGGGGGGGGGGGGGCGGCCGCCCC	CCCCCGGGCCCCCCGCCGGCGGGGGCGGGGCGCGGGCCGCCCC	15654987	15655286	15655287	15655235	15655277	9	30709832	30710131	30709833	30709985	30710027	104	95
LigP_81034864_81034867	upstream_LG	downstream_LG	40	82.5	185	224	145	184	0.004	CGCCCCCCGCCCCCCCCCCCCGCGCCGCCCCGCCCCCGCC	CGCCCCCGGCCGCCCGCCCCCGCCCGGCGCCGCCGCCGCC	81034565	81034864	81034865	81034750	81034789	75	81034867	81035166	81034868	81035012	81035051	115	40
LigP_33291682_34701909	upstream_LG	downstream_LG	35	82.857	61	95	101	135	0.017	GGCGCCCGCGGGGGGGCGGCGCGCCCCCCGGCCGG	GGCGCCCCGGGGGGGGCGGGGGGGCCGCCGGCCGG	33291383	33291682	33291683	33291444	33291478	204	34701909	34702208	34701910	34702010	34702044	164	40
LigP_75109532_75109607	upstream_LG	downstream_LG	42	85.714	46	87	142	183	1.1e-06	CGGGGCGCGGCCCGGCGCCCCCCGGCCCCCGCCCGGGGGCGG	CGGGGGGCGGCCCGGCCCCCCGCGCCCCGCGCCCGGGCGCGG	75109233	75109532	75109533	75109279	75109320	212	75109607	75109906	75109608	75109749	75109790	116	96
LigP_81034913_82300681	upstream_LG	downstream_LG	33	84.848	41	73	83	115	0.001	GGCCGCGGCCCGGCGGGCCGCCCGCCCCGGGGC	GGCCGCGGGCCGGCGGGGGGGCCCCCCCGGGGC	81034614	81034913	81034914	81034655	81034687	226	82300681	82300980	82300682	82300764	82300796	184	42
LigP_76383500_76384050	upstream_LG	downstream_LG	29	89.655	140	168	151	179	4.34e-06	GCCCGCCCGGGGGCCCCCGGGCCCCGCCC	GCCCCCCCGGGGGGCCCCCGGCCCCGCCC	76383201	76383500	76383501	76383341	76383369	131	76384050	76384349	76384051	76384201	76384229	120	11
LigP_75205494_75393529	upstream_LG	downstream_LG	43	88.372	225	267	241	283	1.14e-09	CCCCCCGCCCCCCCCGCCGCCCCCGGGGGCCCCCCCCCCGCCC	CCCCCGGCCCCGGCCGCCGCCCCCGGCCGCCCCCCCCCCGCCC	75205195	75205494	75205495	75205420	75205462	32	75393529	75393828	75393530	75393770	75393812	16	16
LigP_33291704_38430491	upstream_LG	downstream_LG	31	83.871	235	265	247	277	0.017	CCCGGGCCGGCGGCCGGCGCGGCGGGGGCCC	CCCGCGCCGGGGCCCGGCCCCGCGGGGGCCC	33291405	33291704	33291705	33291640	33291670	34	38430491	38430790	38430492	38430738	38430768	22	12
LigP_43690746_44469236	upstream_LG	downstream_LG	32	87.5	221	252	35	66	1.72e-05	GGCGCCGGGGCGCGGCGGGGCCGGCCGCCGGC	GGCGCCGGGGGGCGGCCGGGGCGGCCGGCGGC	43690447	43690746	43690747	43690668	43690699	47	44469236	44469535	44469237	44469271	44469302	233	186
LigP_78577091_78577032	upstream_LG	downstream_LG	30	83.333	20	49	96	125	0.065	GCCGGGGGGCCCCCGCGCCCCGCGGGCCCC	GCCGGGGGCCGCCCGCGGCCCCGGGGCCCC	78576792	78577091	78577092	78576812	78576841	250	78577032	78577331	78577033	78577128	78577157	174	76
LigP_8123309_8152147	upstream_LG	downstream_LG	34	91.176	166	199	146	179	4.51e-09	CGCGGCCGCCCCGGCGCCGGGCCCCGCCGCCGGG	CGCGGCCGCCCCGGGGCCGGCCCCCGCCCCCGGG	8123010	8123309	8123310	8123176	8123209	100	8152147	8152446	8152148	8152293	8152326	120	20
LigP_80941307_81092428	upstream_LG	downstream_LG	38	84.211	122	159	163	200	0.000268	CCGGCCCCGCCGCCCCGCGCCCCGGCCGCGGCCCCCCC	CCGGCCCCGGCGCCCCGGCCCGCGGCCGGGGCCGCCCC	80941008	80941307	80941308	80941130	80941167	140	81092428	81092727	81092429	81092591	81092628	99	41
LigP_7561828_13654866	upstream_LG	downstream_LG	41	82.927	9	49	54	94	0.001	GCCCCCCCGGGCCCCCCCCCCCGGCCGGGCCCCGCCCGGGG	GCCCCCCCGGGGCCGCCCCCCGGGGCGCCCCCCGCCGGGGG	7561529	7561828	7561829	7561538	7561578	250	13654866	13655165	13654867	13654920	13654960	205	45
LigP_386285_997095	upstream_LG	downstream_LG	29	89.655	25	53	182	210	4.34e-06	GGCCCGGCCCCGGGCCCCGCCCGCGCCCC	GGCCGGGCCCGGGGCCCCGCCCGGGCCCC	385986	386285	386286	386011	386039	246	997095	997394	997096	997277	997305	89	157
LigP_57867549_58398296	upstream_LG	downstream_LG	41	85.366	28	68	53	93	4.34e-06	CCCGCGGGGCGCCCGGGGGCCCCGCCGGGGGGCCGCCGGCC	CCCGGGGGGCGGGCGGGGGCCCCCCGGGGGGGCCGCGGGCC	57867250	57867549	57867550	57867278	57867318	231	58398296	58398595	58398297	58398349	58398389	206	25
LigP_1087846_36194594	upstream_LG	downstream_LG	34	82.353	64	97	234	267	0.065	GGGCCCGCCCCCCCCCCCGGGGGGCGCCGGGGCC	GGGCCCGGCCCCGCCCCCCCGGCGGGCCGGGGCC	1087547	1087846	1087847	1087611	1087644	202	36194594	36194893	36194595	36194828	36194861	32	170
LigP_36936263_36937154	upstream_LG	downstream_LG	37	83.784	146	182	178	214	0.001	CCCCCCCCCCCGCGCCGGCGCCGCGCCCCCGGCCCCC	CCCCCCCCGCCGCCCCGGCCCGGCCGCCCCGGCCCCC	36935964	36936263	36936264	36936110	36936146	117	36937154	36937453	36937155	36937332	36937368	85	32
LigP_81049193_81080019	upstream_LG	downstream_LG	33	84.848	233	265	31	63	0.001	GCGGCGGGGCCCCGCGCGCGCCGGGCCGCGCCC	GCGGCCGGGCCCCGCCCGCGGCCGCCCGCGCCC	81048894	81049193	81049194	81049127	81049159	34	81080019	81080318	81080020	81080050	81080082	236	202
LigP_38731459_38731941	upstream_LG	downstream_LG	34	85.294	71	104	110	143	0.000268	GGGCCGGCGGGGGGCCGGGGGGGGCCGCGGGCCG	GGGCGGGCGGCGGGGCCGGGGGGGCGGCGGGCCG	38731160	38731459	38731460	38731231	38731264	195	38731941	38732240	38731942	38732051	38732084	156	39
LigP_81028172_81034577	upstream_LG	downstream_LG	37	89.189	128	164	163	199	1.78e-08	CGGCGCGCGGCGGGGGGGGGGGGGGCGCGGGGCGGGG	CGGCGCGGGGGGGGGGGGCGGGGGGCGCGGGGGGGGG	81027873	81028172	81028173	81028001	81028037	135	81034577	81034876	81034578	81034740	81034776	100	35
LigP_7561827_7562339	upstream_LG	downstream_LG	31	83.871	213	243	146	176	0.017	GGGGGGGGCGGGGCGCGGCGCGGGGGGGGGG	GGGGGGGCCGGGCCGGGGCGCCGGGGCGGGG	7561528	7561827	7561828	7561741	7561771	56	7562339	7562638	7562340	7562485	7562515	123	67
LigP_41616784_74778033	upstream_LG	downstream_LG	40	82.5	247	286	2	41	0.004	GGGGGCCGCGGGCCCCGGGGGGCCGCGGGGGGGGGGGCGG	GGGGGCCGCGCGGCCCGGGGCCCGGCGGGGGCCGGGGCGG	41616485	41616784	41616785	41616732	41616771	13	74778033	74778332	74778034	74778035	74778074	258	245
LigP_57927331_76585545	upstream_LG	downstream_LG	32	90.625	80	111	44	75	7.04e-08	GCCCGGGGCCCCCCGGCCCCCCGCCGCCCCCG	GCCCGGGGCCCCCCGGCGGCCCGCGGCCCCCG	57927032	57927331	57927332	57927112	57927143	188	76585545	76585844	76585546	76585589	76585620	224	36
LigP_7561863_7565475	upstream_LG	downstream_LG	34	82.353	118	151	222	255	0.065	GCGCGCCCCCCGCCGGGCCGGGGCGCCGGGGGCG	GCGCGCCCGCCGCCCGGGGGGGGGGCGGGGGGCG	7561564	7561863	7561864	7561682	7561715	148	7565475	7565774	7565476	7565697	7565730	44	104
LigP_1087851_1469252	upstream_LG	downstream_LG	30	83.333	205	234	261	290	0.065	GGGGGGGGGGGGCCCGGGGGCCCGGGCCGG	GGGGGCGGCGGGCGCGGGGGGCGGGGCCGG	1087552	1087851	1087852	1087757	1087786	65	1469252	1469551	1469253	1469513	1469542	9	56
LigP_79802892_79802954	upstream_LG	downstream_LG	46	80.435	11	56	162	207	0.065	CCCCCCGGGGGCCCCGGCGCCGGCCCCGGCCGCCCCCCCCCCCCCG	CCCCCCGCGGCCCCCGCCCCCGGCCGCGCCCGGCCCGCCCCGCCCG	79802593	79802892	79802893	79802604	79802649	243	79802954	79803253	79802955	79803116	79803161	92	151
LigP_79802969_79930974	upstream_LG	downstream_LG	37	83.784	217	253	177	213	0.001	GGGCCGGCCCCGCCCCCGCCCCCCCCCCGCGCGCCCC	GGGCCGGCCGCGGCCCCCCCCCCGCCCCCCCCGCCCC	79802670	79802969	79802970	79802887	79802923	46	79930974	79931273	79930975	79931151	79931187	86	40
LigP_32021177_32022205	upstream_LG	downstream_LG	30	83.333	90	119	113	142	0.065	GGGCGGGGCCGCGGCGCGGGGCCGCCCCGG	GGGCGGGGGCGCCGCCCCGGGGCGCCCCGG	32020878	32021177	32021178	32020968	32020997	180	32022205	32022504	32022206	32022318	32022347	157	23
LigP_2929894_2932964	upstream_LG	downstream_LG	47	89.362	34	80	143	189	4.68e-12	CCCCCCGCCGCCCGGGCCCCCCCCCCCCCGCCGCCCCCCGCGCGCCG	CCCCCCCCCGCCCGCCCCCCCCCCCCCCCGCCCCCCCCCGCCCGCCG	2929595	2929894	2929895	2929629	2929675	219	2932964	2933263	2932965	2933107	2933153	110	109
LigP_79024156_79042272	upstream_LG	downstream_LG	34	88.235	186	219	47	80	1.1e-06	CCCGGGGGGCCGGGGGGGGGCGGCCGCCGGGCCC	CCCGGGGGGCCCGCGGGGGGCGGCGCCCGGGCCC	79023857	79024156	79024157	79024043	79024076	80	79042272	79042571	79042273	79042319	79042352	219	139
LigP_28354680_29589269	upstream_LG	downstream_LG	34	82.353	186	219	187	220	0.065	GGGGCGCCGCGGGGGGGGGGCCGGGGGGGGGGGG	GGGGCCCCGCCGGGGCCGGGCCGGGCGGCGGGGG	28354381	28354680	28354681	28354567	28354600	80	29589269	29589568	29589270	29589456	29589489	79	1
LigP_7561893_7574033	upstream_LG	downstream_LG	29	93.103	91	119	176	204	1.78e-08	CGCCCCCCGCCGGGCCGGGGCGCCGGGGG	CGCCCCCCGCCCGGCCGGGGCGCCCGGGG	7561594	7561893	7561894	7561685	7561713	180	7574033	7574332	7574034	7574209	7574237	95	85
LigP_7561828_7932262	upstream_LG	downstream_LG	35	88.571	76	110	249	283	2.78e-07	CCGGCCCCGCCCCCCCCGCCGCCCCGCCCCGGCCC	CCGGCCCCGGCCCCCCCGCGCCCCCCCCCCGGCCC	7561529	7561828	7561829	7561605	7561639	189	7932262	7932561	7932263	7932511	7932545	16	173
LigP_7561835_28735231	upstream_LG	downstream_LG	35	85.714	200	234	221	255	6.78e-05	GGCGCGGGGGGGGCGGGGCGCGGCGCGGGGGGGGG	GGCGGGGGGGGGGCGCGGCCCGGCCGGGGGGGGGG	7561536	7561835	7561836	7561736	7561770	65	28735231	28735530	28735232	28735452	28735486	44	21
LigP_78352869_78840514	upstream_LG	downstream_LG	31	83.871	88	118	63	93	0.017	GGCCCGGGGGGGGCCCCCGGCCCCCCCGGGG	GGCCCGCGCGGGGCCCCGGCCGCCCCCGGGG	78352570	78352869	78352870	78352658	78352688	181	78840514	78840813	78840515	78840577	78840607	206	25
LigP_76811221_77151108	upstream_LG	downstream_LG	29	89.655	115	143	268	296	4.34e-06	GCCCCGCGCGGGGGGGGGCGGGGCCGGGG	GCCCCGCGCGGGGGGGCGCGCGGCGGGGG	76810922	76811221	76811222	76811037	76811065	156	77151108	77151407	77151109	77151376	77151404	3	153
LigP_76868626_76868918	upstream_LG	downstream_LG	37	86.486	58	94	136	172	4.34e-06	CCCCGGGCCGCCCCGGCGCCGCCCGGCCGCCCCCCCC	CCCCGGGGCGGCCGGGCGCCCCCCGGCCGCCGCCCCC	76868327	76868626	76868627	76868385	76868421	205	76868918	76869217	76868919	76869054	76869090	127	78
LigP_15234572_15787479	upstream_LG	downstream_LG	39	82.051	244	282	259	297	0.017	CCGGGGCGGCGGGGGGGGGCGGGGGGGGGCCGCGGGGCC	CCGGGGGGCCGGGCGGGGGCCGGGGCCGGGCGCGGGGCC	15234273	15234572	15234573	15234517	15234555	17	15787479	15787778	15787480	15787738	15787776	2	15
LigP_81295298_81295489	upstream_LG	downstream_LG	31	83.871	18	48	112	142	0.017	CCGGCGCCCGGGGCGCCGGCGGGGGGGGGGC	CCGGCCCCGGGGGCGGGGGCCGGGGGGGGGC	81294999	81295298	81295299	81295017	81295047	251	81295489	81295788	81295490	81295601	81295631	157	94
LigP_81034865_81080267	upstream_LG	downstream_LG	38	86.842	63	100	54	91	1.1e-06	GGGCCGCCCCCCGCCCCGCGGCGCCGGGCCGCGGCCCG	GGGCCGCCCCGCGCCCCGGGCCCCCGGGCCGCGCCCCG	81034566	81034865	81034866	81034629	81034666	199	81080267	81080566	81080268	81080321	81080358	208	9
LigP_1648968_1783660	upstream_LG	downstream_LG	32	90.625	108	139	207	238	7.04e-08	CCCCGCCCCCGCGCGGCGCCCGCCGGGCCCCC	CCCCGCCCCCGCCCGGGGCCCGCGGGGCCCCC	1648669	1648968	1648969	1648777	1648808	160	1783660	1783959	1783661	1783867	1783898	61	99
LigP_81034865_81034849	upstream_LG	downstream_LG	40	82.5	184	223	163	202	0.004	CGCCCCCCGCCCCCCCCCCCCGCGCCGCCCCGCCCCCGCC	CGCCCCCGGCCGCCCGCCCCCGCCCGGCGCCGCCGCCGCC	81034566	81034865	81034866	81034750	81034789	76	81034849	81035148	81034850	81035012	81035051	97	21
LigP_43014344_43015201	upstream_LG	downstream_LG	46	86.957	225	270	34	79	4.51e-09	CCCGGCGGCCCCCGCCCCCGGGCCGGGCCGGGGGCCCCCCCCCCCC	CCCGGCGCCCCCCCCGCCCCGGCGGGGCCGGGGCCCCCCCCCCCCC	43014045	43014344	43014345	43014270	43014315	29	43015201	43015500	43015202	43015235	43015280	220	191
LigP_76585501_76585540	upstream_LG	downstream_LG	31	90.323	257	287	124	154	2.78e-07	CCGGGCCCGGGCGGGGGCCGCGGGGCCCGGG	CCGGGGCCGGGCGGGGGCCGCCGGGCGCGGG	76585202	76585501	76585502	76585459	76585489	12	76585540	76585839	76585541	76585664	76585694	145	133
LigP_2937928_45809260	upstream_LG	downstream_LG	34	91.176	14	47	171	204	4.51e-09	CCCGCGGGCCCGGCGGCGCCGCCCCCCCGGGGCG	CCCGCGGGCCCGGGGGCGCCCCCCCCCCCGGGCG	2937629	2937928	2937929	2937643	2937676	252	45809260	45809559	45809261	45809431	45809464	95	157
LigP_32021149_32022205	upstream_LG	downstream_LG	30	83.333	118	147	113	142	0.065	GGGCGGGGCCGCGGCGCGGGGCCGCCCCGG	GGGCGGGGGCGCCGCCCCGGGGCGCCCCGG	32020850	32021149	32021150	32020968	32020997	152	32022205	32022504	32022206	32022318	32022347	157	5
LigP_7561803_7572162	upstream_LG	downstream_LG	30	86.667	30	59	21	50	0.000268	CCCCGCCCCCCCGGGCCCCCCCCCCCGGCC	CCCCGGCCCCCCGCGCCCGGCCCCCCGGCC	7561504	7561803	7561804	7561534	7561563	240	7572162	7572461	7572163	7572183	7572212	249	9
LigP_81938540_81959589	upstream_LG	downstream_LG	37	86.486	178	214	49	85	4.34e-06	GGGGGCCGCCGGCGGCCCGCCCCCCCGCCGGGGGGCG	GGGGGCGGCCGGCGGCGGCCCCCCCCCCCGGGGGGCG	81938241	81938540	81938541	81938419	81938455	85	81959589	81959888	81959590	81959638	81959674	214	129
LigP_32266125_32267936	upstream_LG	downstream_LG	30	83.333	31	60	3	32	0.065	GGGGGGGGGCGCGGGGGGCGGCGGGGCCGG	GGGGGGGGCCGGGGGGGGGCGGGGGGCCGG	32265826	32266125	32266126	32265857	32265886	239	32267936	32268235	32267937	32267939	32267968	267	28
LigP_74749362_75036506	upstream_LG	downstream_LG	37	86.486	104	140	113	149	4.34e-06	GGGGGGGGCCGCCGCGCGCCCGGGGGGCGCCGGGGCG	GGGGGGCGCCGCCGGGCCCCGCGGGGGCGCCGGGGCG	74749063	74749362	74749363	74749167	74749203	159	75036506	75036805	75036507	75036619	75036655	150	9
LigP_57867549_57868819	upstream_LG	downstream_LG	33	84.848	210	242	264	296	0.001	CCGCCCCGGCCCCCCCGGCCCCGCCGGCCCCCC	CCGCCCGGGCCCCGCCCCCCCCCCCGGCCCCCC	57867250	57867549	57867550	57867460	57867492	57	57868819	57869118	57868820	57869083	57869115	3	54
LigP_79789288_79789291	upstream_LG	downstream_LG	38	86.842	173	210	206	243	1.1e-06	CCCCCCGGGGCCCCCGCCGGCCCCGGCGCGGGCCCGCC	CCCCCCGCGGCCCCCGCGGGCCGGGGGGCGGGCCCGCC	79788989	79789288	79789289	79789162	79789199	89	79789291	79789590	79789292	79789497	79789534	56	33
LigP_76736927_76736976	upstream_LG	downstream_LG	31	90.323	264	294	169	199	2.78e-07	CGCCGCCCGCGCCCGCGGCCCGCGGCCGCCC	CGCCGCCCGGGGCCGCGGGCCGCGGCCGCCC	76736628	76736927	76736928	76736892	76736922	5	76736976	76737275	76736977	76737145	76737175	100	95
LigP_75109498_75109632	upstream_LG	downstream_LG	42	85.714	80	121	117	158	1.1e-06	CGGGGCGCGGCCCGGCGCCCCCCGGCCCCCGCCCGGGGGCGG	CGGGGGGCGGCCCGGCCCCCCGCGCCCCGCGCCCGGGCGCGG	75109199	75109498	75109499	75109279	75109320	178	75109632	75109931	75109633	75109749	75109790	141	37
LigP_7018777_7019103	upstream_LG	downstream_LG	36	86.111	245	280	69	104	1.72e-05	GGGCCGGGGCGGGCGCGCCCCCCCCCGCCCCCGGCC	GGGCCGGGGCCGGGGGGCCCCCCGGCGCCCCCGGCC	7018478	7018777	7018778	7018723	7018758	19	7019103	7019402	7019104	7019172	7019207	195	176
LigP_76737262_76737750	upstream_LG	downstream_LG	31	87.097	55	85	124	154	6.78e-05	GCCCCGCGGGGCGCGCGCGCCGCCGGCGCGC	GCCCCGCGGGGGGCCCCCGCCGCCGGGGCGC	76736963	76737262	76737263	76737018	76737048	214	76737750	76738049	76737751	76737874	76737904	145	69
LigP_44309708_44315731	upstream_LG	downstream_LG	34	88.235	110	143	159	192	1.1e-06	GGGGCGGGGCCGCCGGCCCCCGGGGGCGGGGCGG	GGGGCGGCGCCGCGGGCCCCCGCGGGCGGCGCGG	44309409	44309708	44309709	44309519	44309552	156	44315731	44316030	44315732	44315890	44315923	107	49
LigP_40356633_40356860	upstream_LG	downstream_LG	38	86.842	226	263	214	251	1.1e-06	GGCGGGCGCCGGGGCCCGGCCCCCCCGCCCCCGGGGCC	GGCGGGCGCCGGGGCCGGGGGCCCGCCCCCCCGGGGCC	40356334	40356633	40356634	40356560	40356597	36	40356860	40357159	40356861	40357074	40357111	48	12
LigP_79789682_79805701	upstream_LG	downstream_LG	31	87.097	217	247	175	205	6.78e-05	CCGGGCCCCCGGGGGGGCCCGCCCCCGCGGG	CCGGCCCCCCGGGGGCGCCCCCCCCCCCGGG	79789383	79789682	79789683	79789600	79789630	52	79805701	79806000	79805702	79805876	79805906	94	42
LigP_81488104_81488562	upstream_LG	downstream_LG	31	83.871	151	181	80	110	0.017	CGCGGGGGCCCGCGCCGGGCCGGGGGCCGCG	CGCGGGGGGCCCCCCCGGGGCCGGGGCCGCG	81487805	81488104	81488105	81487956	81487986	118	81488562	81488861	81488563	81488642	81488672	189	71
LigP_76383273_76384082	upstream_LG	downstream_LG	29	89.655	94	122	264	292	4.34e-06	GGGGCGGGGGGCCCGGGGGCGCGGGGCCC	GGGGCGGCGGGCCGCGGGGCGCGGGGCCC	76382974	76383273	76383274	76383068	76383096	177	76384082	76384381	76384083	76384346	76384374	7	170
LigP_1087889_1088021	upstream_LG	downstream_LG	41	85.366	138	178	253	293	4.34e-06	GGGGGGCCCCCCCCGCCCCCCCCCCCGCGGGGGGGGGGGGG	GGGGGGCGCCCCCCCCCCGCCCCCCGGGGGGGCGGGGGGGG	1087590	1087889	1087890	1087728	1087768	121	1088021	1088320	1088022	1088274	1088314	6	115
LigP_17171302_17177459	upstream_LG	downstream_LG	29	86.207	271	299	187	215	0.001	CCCGCCCCCGCCCCGCGGGCCCCCCGCCG	CCCGCCGCCGCCCCGGGGGCGCCGCGCCG	17171003	17171302	17171303	17171274	17171302	0	17177459	17177758	17177460	17177646	17177674	84	84
LigP_1648895_2189362	upstream_LG	downstream_LG	31	83.871	197	227	184	214	0.017	CGCCCGCCGGGCCCCCGGGGCCCCCCGGGGC	CGCCCCCCCGGCGCCCGGGGGCCCCGGGGGC	1648596	1648895	1648896	1648793	1648823	72	2189362	2189661	2189363	2189546	2189576	85	13
LigP_7497780_7579563	upstream_LG	downstream_LG	30	86.667	119	148	39	68	0.000268	GCCCGGCGCCGGCCCCCCGGGCCGCCCCCG	GCCCGGCCCCGCCCCCCCGGCCCCCCCCCG	7497481	7497780	7497781	7497600	7497629	151	7579563	7579862	7579564	7579602	7579631	231	80
LigP_33291647_55420723	upstream_LG	downstream_LG	45	80.0	174	218	138	182	0.26	GGCGCGGGGGCGGGGGGGGGCGGGGGCCCGCCGGCCCGCGGGGCC	GGCGCCGGGCCGGGGGGCGCCGCGGCCCCGCCCCCCCCCGGGGCC	33291348	33291647	33291648	33291522	33291566	81	55420723	55421022	55420724	55420861	55420905	117	36
LigP_77958864_77960466	upstream_LG	downstream_LG	44	86.364	174	217	253	296	7.04e-08	GCGCCCCGGCGCGGCGGCCCCGGGGGCCGCGGCCGCCGCCGCCG	GCGCCGCGGCGGGGCGCGCCCGGGGGCCGCCGCCGCCCCCGCCG	77958565	77958864	77958865	77958739	77958782	82	77960466	77960765	77960467	77960719	77960762	3	79
LigP_81034922_81039365	upstream_LG	downstream_LG	34	88.235	34	67	96	129	1.1e-06	CCGCGGCCCGGCGGGCCGCCCGCCCCGGGGCGCC	CCGCGGCCCCGCGGGCGCCGCGCCCCGGGGCGCC	81034623	81034922	81034923	81034657	81034690	232	81039365	81039664	81039366	81039461	81039494	170	62
LigP_44356632_44362578	upstream_LG	downstream_LG	32	84.375	10	41	82	113	0.004	GGGGCCGCCGCCCGGGGGGGGGGGGCGCGGGG	GGGGCCGGCCCCCGCGGCGGGGGGGGGCGGGG	44356333	44356632	44356633	44356343	44356374	258	44362578	44362877	44362579	44362660	44362691	186	72
LigP_76737282_76738657	upstream_LG	downstream_LG	37	86.486	69	105	195	231	4.34e-06	CGCCCCCCGGGGGCGCGCCCCGGCGCGCCGGGCGGGG	CGCCCCCGGGGGGCGCGGCCCCGGGCGCCCGGCGGGG	76736983	76737282	76737283	76737052	76737088	194	76738657	76738956	76738658	76738852	76738888	68	126
LigP_79802898_79931627	upstream_LG	downstream_LG	36	83.333	34	69	171	206	0.004	CCGCCCCCCCCCCCCCGCGGGGGGCGGGCCCGGGGG	CCGCCCGCCCCCCGCCGGCGCGGGCGGCCCCGGGGG	79802599	79802898	79802899	79802633	79802668	230	79931627	79931926	79931628	79931798	79931833	93	137
LigP_79789659_79789739	upstream_LG	downstream_LG	38	86.842	140	177	102	139	1.1e-06	GGGCCCGCCCCCCGGCCCGCGGGGGCCGCGGGGGGGGG	GGGCCCGGCGCCCGGGCCGCGGGGGCGGGGGGGGGGGG	79789360	79789659	79789660	79789500	79789537	122	79789739	79790038	79789740	79789841	79789878	160	38
LigP_40357300_40417592	upstream_LG	downstream_LG	29	82.759	235	263	66	94	0.26	GCCGCGGGGGGGCCGGCCGGGGGCCCGGG	GCCGCGGCCGGGCCGGCGGCCGGCCCGGG	40357001	40357300	40357301	40357236	40357264	36	40417592	40417891	40417593	40417658	40417686	205	169
LigP_30710044_32020417	upstream_LG	downstream_LG	38	81.579	17	54	35	72	0.065	CCGGGCCGCGGGGGGGGCGCGCCGGGCCGGCCCCGGGG	CCGGCCCGGGGGGGCGGCCCCCCGCGCCGGCCCGGGGG	30709745	30710044	30710045	30709762	30709799	245	32020417	32020716	32020418	32020452	32020489	227	18
LigP_45458312_64804674	upstream_LG	downstream_LG	33	84.848	75	107	194	226	0.001	GGGGGGCGGGGCCCCGCGGCCGCCCCCCGGGGG	GGGGGGCGGGCCCGGGCGGCCCCGCCCCGGGGG	45458013	45458312	45458313	45458088	45458120	192	64804674	64804973	64804675	64804868	64804900	73	119
LigP_38449445_38449969	upstream_LG	downstream_LG	34	88.235	142	175	29	62	1.1e-06	CCCCGCGGGGGGGGGGCGCCGGGCCCGGGGGGGC	CCCCGCGGGGGGGGGCGGCCCGGGCCGGGGGGGC	38449146	38449445	38449446	38449288	38449321	124	38449969	38450268	38449970	38449998	38450031	237	113
LigP_81091790_81092423	upstream_LG	downstream_LG	42	80.952	66	107	188	229	0.065	GCCGGCGGCCGCGGCGGCCGCCCCCGGCCCCGGGGGCCCCGG	GCCGGCGGGCGCCCCGGGCGCCCCCCGGCCCCGGCGCCCCGG	81091491	81091790	81091791	81091557	81091598	192	81092423	81092722	81092424	81092611	81092652	70	122
LigP_48908682_48909356	upstream_LG	downstream_LG	35	82.857	140	174	62	96	0.017	GGGGGGGCGGCGGCGGCGGGCGCCGGGGCGGCGGG	GGGGGCGCGGGGGCGGGCGGCCCCGGGGCGCCGGG	48908383	48908682	48908683	48908523	48908557	125	48909356	48909655	48909357	48909418	48909452	203	78
LigP_48747672_48894996	upstream_LG	downstream_LG	31	90.323	216	246	87	117	2.78e-07	CGGCGCGGGCGCGGGGGGCCGGCCGCGCCCC	CGGCGCGGGGGCGGGCGGCCGGCCCCGCCCC	48747373	48747672	48747673	48747589	48747619	53	48894996	48895295	48894997	48895083	48895113	182	129
LigP_31094985_31095996	upstream_LG	downstream_LG	30	90.0	199	228	200	229	1.1e-06	CCCCCCCCCCCGCCCCCCCCCCCCCCCCCC	CCCCCCCCGCCCCCCCCCCCCCCGCCCCCC	31094686	31094985	31094986	31094885	31094914	71	31095996	31096295	31095997	31096196	31096225	70	1
LigP_7179597_7251865	upstream_LG	downstream_LG	51	82.353	129	179	132	182	6.78e-05	GGGGCGGGGGCGGGCCGGGGCCCGGGGGGGCGCGGGGGCGGGGGCGGGGGG	GGGGCGGGCGCGCGCCGCCGCCGGGGGCGGCGCCGGGGGGGGGGGGGGGGG	7179298	7179597	7179598	7179427	7179477	120	7251865	7252164	7251866	7251997	7252047	117	3
LigP_81049212_81049892	upstream_LG	downstream_LG	37	83.784	195	231	239	275	0.001	GCGCGCGGCCGCCGGGGGCGCGGCGGGGCCCCGCGCG	GCGCCCGGCCGCCGGGCCGGCGGGGGGGCCCCCCGCG	81048913	81049212	81049213	81049108	81049144	68	81049892	81050191	81049893	81050131	81050167	24	44
LigP_28884219_28887706	upstream_LG	downstream_LG	32	87.5	213	244	171	202	1.72e-05	GCCCCCGGCCGCCGCCCCCCCCCCCCCCCCCC	GCCCCCGGCGGCCGCCGCGCCCCCCCGCCCCC	28883920	28884219	28884220	28884133	28884164	55	28887706	28888005	28887707	28887877	28887908	97	42
LigP_43399143_43400383	upstream_LG	downstream_LG	33	87.879	208	240	144	176	4.34e-06	CGCCCCGCCGGGGGGGGCCCGGGGGGGGCGCGG	CGCCCCCCCGGGGGGGGCGGGGGGGGCGCGCGG	43398844	43399143	43399144	43399052	43399084	59	43400383	43400682	43400384	43400527	43400559	123	64
LigP_1087875_1108219	upstream_LG	downstream_LG	31	83.871	230	260	200	230	0.017	CCGGGGGCGGGGGCCGGCCGCGCGGGGGCCC	CCGGGGGCCGCGGCCGGGCGGGCGGGCGCCC	1087576	1087875	1087876	1087806	1087836	39	1108219	1108518	1108220	1108419	1108449	69	30
LigP_76737320_76737907	upstream_LG	downstream_LG	31	83.871	80	110	20	50	0.017	GGCCGCCCGCCCCGGGGGGGGCCGCGCCCCC	GGCCGCCCGGCCCGCCGGGGGGCGCGGCCCC	76737021	76737320	76737321	76737101	76737131	189	76737907	76738206	76737908	76737927	76737957	249	60
LigP_15261856_15262267	upstream_LG	downstream_LG	35	82.857	234	268	216	250	0.017	GGCCCCGGGGGGGCCGGGGGCCGGGGCGGCCCGCC	GGCCCCGGCGGCGCCGGCGGCGGGGCCGGCGCGCC	15261557	15261856	15261857	15261791	15261825	31	15262267	15262566	15262268	15262483	15262517	49	18
LigP_2090652_2367179	upstream_LG	downstream_LG	43	86.047	85	127	202	244	2.78e-07	GGGGGGGGGGGGGGGCCCCCGGGCCCGGCCGGGGGGCGCGGGG	GGGGGGGGGGCGGGGGCCCCCCGCCGGGCCGGGGGCCGCGGGG	2090353	2090652	2090653	2090438	2090480	172	2367179	2367478	2367180	2367381	2367423	55	117
LigP_9956589_9959492	upstream_LG	downstream_LG	31	87.097	25	55	262	292	6.78e-05	CCCGCGGGGCGGGGGGGGGGGGCGGGCGGGG	CCCGCGGGGCCGGGGGGGCGGGGGGCCGGGG	9956290	9956589	9956590	9956315	9956345	244	9959492	9959791	9959493	9959754	9959784	7	237
