LigP_ID	query_ID	subject_ID	length	perc_id	q_start	q_end	s_start	s_end	evalue	q_seq	s_seq	start_harbor	end_harbor	end_LG1	start_homolog1	end_homolog1	LG1_distance	start_harbor2	end_harbor2	end_LG2	start_homolog2	end_homolog2	LG2_distance	Ligshift
LigP_38398284_38398586	upstream_LG	downstream_LG	34	82.353	138	171	45	78	0.065	GCCCCCGGGCCCCCGCCCCCGGCGGGGGCCCGGG	GCCCGCGGCCCCCCGCGCCCCCCGGGGGGCCGGG	38397985	38398284	38398285	38398123	38398156	128	38398586	38398885	38398587	38398631	38398664	221	93
LigP_24169873_24170051	upstream_LG	downstream_LG	32	84.375	198	229	202	233	0.004	GGCGCCCCCGGGGGGCGGGCCCGCGCGGGGGG	GGCGGCCCCCGGGGCCGGGCCCGGGGGGGGGG	24169574	24169873	24169874	24169772	24169803	70	24170051	24170350	24170052	24170253	24170284	66	4
LigP_24169905_24170927	upstream_LG	downstream_LG	33	87.879	68	100	84	116	4.34e-06	CCCGCCGGGGCGCCCCCGCCCCCCCCGCCGGCC	CCCGCGGGGCCGCCCCCGCCCCCGCCCCCGGCC	24169606	24169905	24169906	24169674	24169706	199	24170927	24171226	24170928	24171011	24171043	183	16
LigP_42872449_43089152	upstream_LG	downstream_LG	33	87.879	70	102	188	220	4.34e-06	GGGCGGCGGGGGGGGGGCGGCGCCGGGGCGGGG	GGGCGCCGGGGGGGGGCCGGGGGCGGGGCGGGG	42872150	42872449	42872450	42872220	42872252	197	43089152	43089451	43089153	43089340	43089372	79	118
LigP_24157064_24169574	upstream_LG	downstream_LG	40	82.5	67	106	112	151	0.004	CGCCCGCCGCCCCCGCCCCCCCCGGGGGGGGGGGGGGGGG	CGCCCGCCCGCCCCGCCCGGGCCGGCGGGGGGGGCGGGGG	24156765	24157064	24157065	24156832	24156871	193	24169574	24169873	24169575	24169686	24169725	148	45
LigP_19175024_19175119	upstream_LG	downstream_LG	32	90.625	27	58	82	113	7.04e-08	GCCCCCCCCCCGCGGGGGCGCCCGGGCGGGGG	GCCCCCCGCCCGCGGGGGGGCCCGGGGGGGGG	19174725	19175024	19175025	19174752	19174783	241	19175119	19175418	19175120	19175201	19175232	186	55
LigP_21658348_22689770	upstream_LG	downstream_LG	48	81.25	32	79	128	175	0.004	GGCCCCGGCGGCCGGGGCCCCGGGGGCCGGGGGCGGGGGCGGGGCGGG	GGCCGCGGCGGCCGCGCCCCCCGGGCCGGGGCCCGGGGGCCGGGCGGG	21658049	21658348	21658349	21658081	21658128	220	22689770	22690069	22689771	22689898	22689945	124	96
LigP_46576610_47245776	upstream_LG	downstream_LG	29	86.207	98	126	191	219	0.001	GGGGGCGGGCGGGCCCGGGGCGGGCCCCC	GGGGGCGGGCCCGCCCGGCGCCGGCCCCC	46576311	46576610	46576611	46576409	46576437	173	47245776	47246075	47245777	47245967	47245995	80	93
LigP_50679675_50681126	upstream_LG	downstream_LG	30	86.667	198	227	208	237	0.000268	CGGGGGCGCGCGCGCGCCCGCGCGCGCGCG	CGGGGCCGCCCGCGCGCGGGCGCGCGCGCG	50679376	50679675	50679676	50679574	50679603	72	50681126	50681425	50681127	50681334	50681363	62	10
LigP_24170022_24170065	upstream_LG	downstream_LG	32	84.375	49	80	188	219	0.004	GGCGCCCCCGGGGGGCGGGCCCGCGCGGGGGG	GGCGGCCCCCGGGGCCGGGCCCGGGGGGGGGG	24169723	24170022	24170023	24169772	24169803	219	24170065	24170364	24170066	24170253	24170284	80	139
LigP_42938744_43089157	upstream_LG	downstream_LG	29	86.207	31	59	272	300	0.001	GGCCGCGGCGGCGGCGGCCCGGGGGCGGG	GGCCGCCGGGGCGCCGCCCCGGGGGCGGG	42938445	42938744	42938745	42938476	42938504	240	43089157	43089456	43089158	43089429	43089457	-1	241
LigP_43996077_44033527	upstream_LG	downstream_LG	38	86.842	218	255	248	285	1.1e-06	CCGGCCCCCCCCCCCCCCGCCCCGCCCCCCGCCGGCCC	CCGGCGCCCCCGCCCCCCCCCCGGCCCCCCGGCGGCCC	43995778	43996077	43996078	43995996	43996033	44	44033527	44033826	44033528	44033775	44033812	14	30
LigP_26675727_43089158	upstream_LG	downstream_LG	46	86.957	167	212	179	224	4.51e-09	GCGCCCCCGCGGCGGCCGGGGGGCGGGGGGGGCCGGGGCGGGGGCG	GCGCCCCCGCGGGCGCCGGGGGGGGGCCGGGGGCGGGGCGGGGGCG	26675428	26675727	26675728	26675595	26675640	87	43089158	43089457	43089159	43089337	43089382	75	12
LigP_43526642_43577160	upstream_LG	downstream_LG	29	82.759	111	139	50	78	0.26	CGGCCCCCGCCCGGGGGCCGCGGGGGGGC	CGGCCCCGCCCCGGCGGGCGGGGGGGGGC	43526343	43526642	43526643	43526454	43526482	160	43577160	43577459	43577161	43577210	43577238	221	61
LigP_24165807_24169542	upstream_LG	downstream_LG	29	82.759	196	224	272	300	0.26	CCCCCCGCCCGCGCGCCCCCGGGCGGGGC	CCCCCCCCCCCCGCGCCGCGGCGCGGGGC	24165508	24165807	24165808	24165704	24165732	75	24169542	24169841	24169543	24169814	24169842	-1	76
LigP_43089525_43089438	upstream_LG	downstream_LG	40	82.5	102	141	199	238	0.004	CCCGGGCCGCGCCCCCGCCCCGCCCCCGGCCCCCCCCCGG	CCCGGGCCCGGCCGCCGCGCCGCCCCGCCCCCCCCCCCGG	43089226	43089525	43089526	43089328	43089367	158	43089438	43089737	43089439	43089637	43089676	61	97
LigP_39474583_39475490	upstream_LG	downstream_LG	29	82.759	202	230	86	114	0.26	GGGGGCGGGGCGGGGCGGGGCCGGCGGCG	GGGGGGGGGCCGGGGGCGGGGCGGCGGCG	39474284	39474583	39474584	39474486	39474514	69	39475490	39475789	39475491	39475576	39475604	185	116
LigP_50154111_50161347	upstream_LG	downstream_LG	30	93.333	99	128	62	91	4.51e-09	CCGGCGCCCCCCCCGCGCCGCGGGCCCCGG	CCGGCGCCCCCCCGGCCCCGCGGGCCCCGG	50153812	50154111	50154112	50153911	50153940	171	50161347	50161646	50161348	50161409	50161438	208	37
LigP_32175945_32178064	upstream_LG	downstream_LG	32	84.375	266	297	54	85	0.004	GGGGCGGGGCCGCCCGGCGGCGGCCCGGGGCG	GGGGCCGGGCCGCCCCGCCGCGGGCGGGGGCG	32175646	32175945	32175946	32175912	32175943	2	32178064	32178363	32178065	32178118	32178149	214	212
LigP_50506302_50507340	upstream_LG	downstream_LG	39	84.615	48	86	117	155	6.78e-05	GGCCGGGCGCGGGCGCCGGGCGGGGGCGGGGGGCGGGGG	GGCCGGGGGCGGGGGCCGGGCCCCGGCGCGGGGCGGGGG	50506003	50506302	50506303	50506051	50506089	213	50507340	50507639	50507341	50507457	50507495	144	69
LigP_24169928_24170003	upstream_LG	downstream_LG	32	84.375	143	174	250	281	0.004	GGCGCCCCCGGGGGGCGGGCCCGCGCGGGGGG	GGCGGCCCCCGGGGCCGGGCCCGGGGGGGGGG	24169629	24169928	24169929	24169772	24169803	125	24170003	24170302	24170004	24170253	24170284	18	107
LigP_24170053_24170142	upstream_LG	downstream_LG	32	84.375	18	49	111	142	0.004	GGCGCCCCCGGGGGGCGGGCCCGCGCGGGGGG	GGCGGCCCCCGGGGCCGGGCCCGGGGGGGGGG	24169754	24170053	24170054	24169772	24169803	250	24170142	24170441	24170143	24170253	24170284	157	93
LigP_36775742_44498038	upstream_LG	downstream_LG	29	82.759	58	86	96	124	0.26	GGGGGCCGCCCCCCCGCGCCCGGCGCGGC	GGGGGGCGGCCCCCGGCGGCCCGCGCGGC	36775443	36775742	36775743	36775501	36775529	213	44498038	44498337	44498039	44498134	44498162	175	38
LigP_23097060_23123179	upstream_LG	downstream_LG	29	82.759	82	110	85	113	0.26	CCCCGGGCCCCGGCGGGGGGGGGGCGGCG	CCCCGGGCCGCCGCCGGGCGCGGGCGGCG	23096761	23097060	23097061	23096843	23096871	189	23123179	23123478	23123180	23123264	23123292	186	3
LigP_49764025_49792446	upstream_LG	downstream_LG	33	84.848	31	63	101	133	0.001	GCCCCCCCCCGGGCCGGGCGCCGCCCCCGCCGG	GCCCCCCCCCCCCCCGGGGGCCGCCGCCGCCGG	49763726	49764025	49764026	49763757	49763789	236	49792446	49792745	49792447	49792547	49792579	166	70
LigP_49764088_49764285	upstream_LG	downstream_LG	34	85.294	90	123	17	50	0.000268	GCCCCCGGGCCCGGGGGCCGGGCGCCCCCCGGGC	GCCCGCGGCCCCCGGGGCCCGGCCCCCCCCGGGC	49763789	49764088	49764089	49763879	49763912	176	49764285	49764584	49764286	49764302	49764335	249	73
LigP_19904135_19933418	upstream_LG	downstream_LG	38	84.211	254	291	234	271	0.000268	GGGCCCCCGCCGGGGCCGGGGGGGCGGCCCCCCGCGCC	GGGCCCCCCCGGGCGCCCGGGGGCGGGCCCCCCGCGCC	19903836	19904135	19904136	19904090	19904127	8	19933418	19933717	19933419	19933652	19933689	28	20
LigP_38868950_43089154	upstream_LG	downstream_LG	29	89.655	36	64	184	212	4.34e-06	CGGGGGGCGGCCGGGGCCGGGGGGGGGGC	CGGGGGGGGGCCGGGGGCGGGGCGGGGGC	38868651	38868950	38868951	38868687	38868715	235	43089154	43089453	43089155	43089338	43089366	87	148
LigP_44301114_50327239	upstream_LG	downstream_LG	48	81.25	111	158	15	62	0.004	CCGCCGGCCGCGGCCGGCCGCCGCCCGGCCCGCGCCGGCCCGCCCGGG	CCGCGGGCCGGGGCCCGCGGGCGCCGGGGCCGGGCCGGCCCCCCCGGG	44300815	44301114	44301115	44300926	44300973	141	50327239	50327538	50327240	50327254	50327301	237	96
LigP_21641862_21641970	upstream_LG	downstream_LG	32	87.5	177	208	101	132	1.72e-05	CGCCGGGGGGGGCCCGGGGCCGGGCGGCCGGG	CGCCGGCGGGCGCCCGGGGGGGGGCGGCCGGG	21641563	21641862	21641863	21641740	21641771	91	21641970	21642269	21641971	21642071	21642102	167	76
LigP_43089514_43178953	upstream_LG	downstream_LG	30	86.667	110	139	4	33	0.000268	CGCCCCGGGCCGCGCCCCCGCCCCGCCCCC	CGCCCCGGCCCGCCCCCCCCCCCCCCCCCC	43089215	43089514	43089515	43089325	43089354	160	43178953	43179252	43178954	43178957	43178986	266	106
LigP_21629686_21629751	upstream_LG	downstream_LG	30	83.333	72	101	235	264	0.065	GCGCCCCCCCCGCGCCCCCGCGCGGCGGCC	GCGCCCCGCCCCCGCGCGCGCCCGGCGGCC	21629387	21629686	21629687	21629459	21629488	198	21629751	21630050	21629752	21629986	21630015	35	163
LigP_23117695_23123160	upstream_LG	downstream_LG	39	84.615	145	183	240	278	6.78e-05	GGCCCCCCGGCGGGGCCCCGCGGGCGGGGGGGCGCCCCG	GGCCCCCCGGCGGGGGCCGGCGCGCCCGGGGCCGCCCCG	23117396	23117695	23117696	23117541	23117579	116	23123160	23123459	23123161	23123400	23123438	21	95
LigP_43089520_43089438	upstream_LG	downstream_LG	40	82.5	107	146	199	238	0.004	CCCGGGCCGCGCCCCCGCCCCGCCCCCGGCCCCCCCCCGG	CCCGGGCCCGGCCGCCGCGCCGCCCCGCCCCCCCCCCCGG	43089221	43089520	43089521	43089328	43089367	153	43089438	43089737	43089439	43089637	43089676	61	92
LigP_23466694_23470770	upstream_LG	downstream_LG	32	87.5	262	293	17	48	1.72e-05	CGCCGCGGGGGCCGCGCGGCCCCCCCCGCCCC	CGCCGCCGGGGCGGGGCGCCCCCCCCCGCCCC	23466395	23466694	23466695	23466657	23466688	6	23470770	23471069	23470771	23470787	23470818	251	245
LigP_22395457_50531914	upstream_LG	downstream_LG	29	82.759	48	76	165	193	0.26	GCGGCCCGGGGGCCCCCGCCGGCCGCGCC	GCGGGCCGCGGGCGCCCCCCGCCCGCGCC	22395158	22395457	22395458	22395206	22395234	223	50531914	50532213	50531915	50532079	50532107	106	117
LigP_24169893_26270829	upstream_LG	downstream_LG	29	89.655	153	181	58	86	4.34e-06	GGGCGGGGGGGCCGCCCCCGCCCCCGGCG	GGGCGCGGGGGCCGGGCCCGCCCCCGGCG	24169594	24169893	24169894	24169747	24169775	118	26270829	26271128	26270830	26270887	26270915	213	95
LigP_30947281_30947367	upstream_LG	downstream_LG	32	84.375	51	82	142	173	0.004	GCGCGGGCCCGGGGCGCGGCGGCGCGGGGGGG	GCGCCGGCCCGGCCCGCGCCGGCGCGCGGGGG	30946982	30947281	30947282	30947033	30947064	217	30947367	30947666	30947368	30947509	30947540	126	91
LigP_42901582_43089132	upstream_LG	downstream_LG	47	82.979	247	293	138	184	6.78e-05	GGGCCCCCCCCCGCGCGCCCCCGCCCCCCCGGCCGCCGGGCGGGGCC	GGGCGCCCCCCCGGGCCCCCCGGCGCCCCGGGCCCGCGGGCGGGGCC	42901283	42901582	42901583	42901530	42901576	6	43089132	43089431	43089133	43089270	43089316	115	109
LigP_24107198_24169471	upstream_LG	downstream_LG	31	87.097	4	34	166	196	6.78e-05	CCCGGGCCGGCCCCCGGCGCCCGGGGCCGGG	CCCGGGCCCGCGCCCGGCGCCGGGGCCCGGG	24106899	24107198	24107199	24106903	24106933	265	24169471	24169770	24169472	24169637	24169667	103	162
LigP_36286441_36286402	upstream_LG	downstream_LG	29	82.759	40	68	197	225	0.26	CGCCGGGGCGCGGCGGCGGGCGGGGGGCG	CGCCGGGCCCCGGGGGCCGGCCGGGGGCG	36286142	36286441	36286442	36286182	36286210	231	36286402	36286701	36286403	36286599	36286627	74	157
LigP_46392060_46392925	upstream_LG	downstream_LG	30	90.0	70	99	74	103	1.1e-06	GGGCGGGGCCCGCGGCCCCGGGCGCCCGGG	GGGCGGGGCCCGCGCCCCGGGGGGCCCGGG	46391761	46392060	46392061	46391831	46391860	200	46392925	46393224	46392926	46392999	46393028	196	4
LigP_42697659_43089159	upstream_LG	downstream_LG	41	82.927	202	242	164	204	0.001	GGGGGGGCGGGGCGCGCCGCCGGGCCGCGGCCGGGGGCGCC	GGGGGGGCCGGGGGCGGGGCGGGGGCGCGGCCCGGGGCGCC	42697360	42697659	42697660	42697562	42697602	57	43089159	43089458	43089160	43089323	43089363	95	38
LigP_31096890_31098554	upstream_LG	downstream_LG	38	86.842	26	63	177	214	1.1e-06	CCCGCGCCCCCGGCGGGCCGCCCCCCGCCCCGCCCCGC	CCCGCGCCCCCGCCGGCCCCCCCCCCCCCCCGGCCCGC	31096591	31096890	31096891	31096617	31096654	236	31098554	31098853	31098555	31098731	31098768	85	151
LigP_19030099_19030067	upstream_LG	downstream_LG	29	86.207	194	222	148	176	0.001	GCCGCCCCCGCCCGCCCGCCGCGGGCCCC	GCCGCCCCCGCGCGGCCGCCCCCGGCCCC	19029800	19030099	19030100	19029994	19030022	77	19030067	19030366	19030068	19030215	19030243	123	46
LigP_42304284_49299349	upstream_LG	downstream_LG	30	86.667	211	240	164	193	0.000268	GGGGGGGGGGCGCGCGGCCGGGGGCGCCCC	GGGGGGGGGGCGGGCCCCGGGGGGCGCCCC	42303985	42304284	42304285	42304196	42304225	59	49299349	49299648	49299350	49299513	49299542	106	47
LigP_19175023_19175119	upstream_LG	downstream_LG	32	90.625	28	59	82	113	7.04e-08	GCCCCCCCCCCGCGGGGGCGCCCGGGCGGGGG	GCCCCCCGCCCGCGGGGGGGCCCGGGGGGGGG	19174724	19175023	19175024	19174752	19174783	240	19175119	19175418	19175120	19175201	19175232	186	54
LigP_23466709_23768209	upstream_LG	downstream_LG	30	86.667	182	211	4	33	0.000268	GCCCCCCGCCCCGCCGCCGGCCCCCGGCGG	GCCCCCGGCCCCGCCCCCCGCCCCCCGCGG	23466410	23466709	23466710	23466592	23466621	88	23768209	23768508	23768210	23768213	23768242	266	178
LigP_23123458_23123772	upstream_LG	downstream_LG	30	83.333	220	249	169	198	0.065	GCGGCGGCGGGCGCCGCCGCGCGGGGCGGC	GCGGCGCCGGGCGGCCGCGCGCGGGCCGGC	23123159	23123458	23123459	23123379	23123408	50	23123772	23124071	23123773	23123941	23123970	101	51
LigP_50506240_50507372	upstream_LG	downstream_LG	39	84.615	110	148	85	123	6.78e-05	GGCCGGGCGCGGGCGCCGGGCGGGGGCGGGGGGCGGGGG	GGCCGGGGGCGGGGGCCGGGCCCCGGCGCGGGGCGGGGG	50505941	50506240	50506241	50506051	50506089	151	50507372	50507671	50507373	50507457	50507495	176	25
LigP_24169913_24170965	upstream_LG	downstream_LG	33	87.879	60	92	46	78	4.34e-06	CCCGCCGGGGCGCCCCCGCCCCCCCCGCCGGCC	CCCGCGGGGCCGCCCCCGCCCCCGCCCCCGGCC	24169614	24169913	24169914	24169674	24169706	207	24170965	24171264	24170966	24171011	24171043	221	14
LigP_24169996_24170240	upstream_LG	downstream_LG	32	84.375	75	106	13	44	0.004	GGCGCCCCCGGGGGGCGGGCCCGCGCGGGGGG	GGCGGCCCCCGGGGCCGGGCCCGGGGGGGGGG	24169697	24169996	24169997	24169772	24169803	193	24170240	24170539	24170241	24170253	24170284	255	62
LigP_50267793_50270524	upstream_LG	downstream_LG	36	83.333	86	121	46	81	0.004	GGCCCCCGGCGGGCGCGGCCGGCGCGGGGGCGCCCG	GGCCCCCGGGGGGCGGGGGCCGGGGGGGGGCGCCCG	50267494	50267793	50267794	50267580	50267615	178	50270524	50270823	50270525	50270570	50270605	218	40
LigP_45413204_46250874	upstream_LG	downstream_LG	44	86.364	157	200	155	198	7.04e-08	GGGCGGGGGCCGGGGGCCCCCGGGGCGGGGGGCGGGGGCCGGGG	GGGCGGGGGCCCGCGGCGGCCGGGGCGGGGGGCCCGGGCCGGGG	45412905	45413204	45413205	45413062	45413105	99	46250874	46251173	46250875	46251029	46251072	101	2
LigP_37018776_37018923	upstream_LG	downstream_LG	29	89.655	80	108	187	215	4.34e-06	GGGGGGGGGGGCGCCGGGCGCGCGGCGCC	GGGGGGGGGGGCCCCGGGCCCGGGGCGCC	37018477	37018776	37018777	37018557	37018585	191	37018923	37019222	37018924	37019110	37019138	84	107
LigP_37018806_37018914	upstream_LG	downstream_LG	29	89.655	50	78	196	224	4.34e-06	GGGGGGGGGGGCGCCGGGCGCGCGGCGCC	GGGGGGGGGGGCCCCGGGCCCGGGGCGCC	37018507	37018806	37018807	37018557	37018585	221	37018914	37019213	37018915	37019110	37019138	75	146
LigP_43571949_43580373	upstream_LG	downstream_LG	30	83.333	98	127	165	194	0.065	GGGGCGGGGGGGGGCCCCCGCCCGCCCCGC	GGGGGGGGGGGGCGCGCCGGCCGGCCCCGC	43571650	43571949	43571950	43571748	43571777	172	43580373	43580672	43580374	43580538	43580567	105	67
LigP_24162658_24169582	upstream_LG	downstream_LG	36	88.889	142	177	82	117	7.04e-08	GGGGCGGGCGGGGGCGCGCCGGCCGGCCCGGCCCCG	GGGGGGGGCGGGGGCGCCCCGGCGGGCCCGGGCCCG	24162359	24162658	24162659	24162501	24162536	122	24169582	24169881	24169583	24169664	24169699	182	60
LigP_20668032_22114759	upstream_LG	downstream_LG	29	82.759	269	297	59	87	0.26	GGCGGCGGGCGCGGGCGGCGCGGCCCCGG	GGCGGCGGCCCCGGCCGGCCGGGCCCCGG	20667733	20668032	20668033	20668002	20668030	2	22114759	22115058	22114760	22114818	22114846	212	210
LigP_42884440_43089151	upstream_LG	downstream_LG	29	82.759	36	64	211	239	0.26	CCGGCCGGCCGCGCCCGCGGCCGCGGGGG	CCGGCCGCGCGCCCCCGCGGGCGCCGGGG	42884141	42884440	42884441	42884177	42884205	235	43089151	43089450	43089152	43089362	43089390	60	175
LigP_32629768_50531914	upstream_LG	downstream_LG	30	86.667	151	180	93	122	0.000268	CCCCGCGGGCCCGCCCGGGCGCCCCGCGGG	CCCCGCGGCCCCGCCGCGGCGCGCCGCGGG	32629469	32629768	32629769	32629620	32629649	119	50531914	50532213	50531915	50532007	50532036	177	58
LigP_36286431_36286398	upstream_LG	downstream_LG	29	82.759	50	78	201	229	0.26	CGCCGGGGCGCGGCGGCGGGCGGGGGGCG	CGCCGGGCCCCGGGGGCCGGCCGGGGGCG	36286132	36286431	36286432	36286182	36286210	221	36286398	36286697	36286399	36286599	36286627	70	151
LigP_24117127_24118195	upstream_LG	downstream_LG	43	81.395	104	146	123	165	0.017	GCGGCCGGGGCGCGCGCCCCGCCCGCCCCCCCCCGGCGGGGGG	GCGGCCGGGCCGCCCGCCGCCGCCGCCCCCGCCGGGGGGGGGG	24116828	24117127	24117128	24116932	24116974	153	24118195	24118494	24118196	24118318	24118360	134	19
LigP_36286440_36286397	upstream_LG	downstream_LG	29	82.759	41	69	202	230	0.26	CGCCGGGGCGCGGCGGCGGGCGGGGGGCG	CGCCGGGCCCCGGGGGCCGGCCGGGGGCG	36286141	36286440	36286441	36286182	36286210	230	36286397	36286696	36286398	36286599	36286627	69	161
LigP_23118533_46487538	upstream_LG	downstream_LG	36	83.333	9	44	1	36	0.004	CCCCGCCGCCCCCCGGCGCCGGGCGGCGGGGCCCCC	CCCCGCCCCCCGCCCGCGCCGCGCCGCGGGCCCCCC	23118234	23118533	23118534	23118243	23118278	255	46487538	46487837	46487539	46487539	46487574	263	8
LigP_50516658_50531767	upstream_LG	downstream_LG	37	89.189	187	223	11	47	1.78e-08	GGGGGCGGGCCCCGCCCGGCGCCGGCCCCGGCGCCCC	GGGGCCGGGCCCGGCCGGGCGCCGGCCCGGGCGCCCC	50516359	50516658	50516659	50516546	50516582	76	50531767	50532066	50531768	50531778	50531814	252	176
LigP_36286367_36286403	upstream_LG	downstream_LG	43	83.721	137	179	107	149	6.78e-05	GGGGCGCCCCGGCCCGGCCGGGGGGGCCGCGCGGGCGGGGCCG	GGGGCCCCCCCGCGCGGCCGGGGCGCGCGCGCGCGCGGGGCCG	36286068	36286367	36286368	36286205	36286247	120	36286403	36286702	36286404	36286510	36286552	150	30
LigP_36286427_36286391	upstream_LG	downstream_LG	29	82.759	54	82	208	236	0.26	CGCCGGGGCGCGGCGGCGGGCGGGGGGCG	CGCCGGGCCCCGGGGGCCGGCCGGGGGCG	36286128	36286427	36286428	36286182	36286210	217	36286391	36286690	36286392	36286599	36286627	63	154
