LigP_ID	query_ID	subject_ID	length	perc_id	q_start	q_end	s_start	s_end	evalue	q_seq	s_seq	start_harbor	end_harbor	end_LG1	start_homolog1	end_homolog1	LG1_distance	start_harbor2	end_harbor2	end_LG2	start_homolog2	end_homolog2	LG2_distance	Ligshift
LigP_44676685_44723783	upstream_LG	downstream_LG	38	89.474	205	242	217	254	4.51e-09	GGGCCCCCCGGGCGGGCCCCGCCCGGGCCCGCGCCCCG	GGGCGCCCGGGGCGGGCCCCGGCGGGGCCCGCGCCCCG	44676386	44676685	44676686	44676591	44676628	57	44723783	44724082	44723784	44724000	44724037	45	12
LigP_29298952_29333566	upstream_LG	downstream_LG	30	86.667	27	56	237	266	0.000268	CGGGCCCCCGGCCGCGGCGGCCCCCGCCCC	CGGGGCCCCGGCGGGGGCGCCCCCCGCCCC	29298653	29298952	29298953	29298680	29298709	243	29333566	29333865	29333567	29333803	29333832	33	210
LigP_5128566_42851031	upstream_LG	downstream_LG	31	87.097	260	290	86	116	6.78e-05	CCCGCGCGGGGCCCCCGGGCGGGGCCCCGGG	CCCGCGCGGCGGCCCCGGGCCGGGGCCCGGG	5128267	5128566	5128567	5128527	5128557	9	42851031	42851330	42851032	42851117	42851147	183	174
LigP_14437768_14438185	upstream_LG	downstream_LG	37	83.784	103	139	1	37	0.001	GGGCGCCCGCGGGCCCGGGCGGGCCCGGGGGGGGGGG	GGGCGCCCGCGGCCCGGGGGGGGGGGGGGGGGGGGGG	14437469	14437768	14437769	14437572	14437608	160	14438185	14438484	14438186	14438186	14438222	262	102
LigP_33170299_33172963	upstream_LG	downstream_LG	33	84.848	30	62	121	153	0.001	GGGCGCCCCGCCCCCCGCCCCGGGCCCCCGGGC	GGGCGCCGCGCCCCCCCGGCCGGGCCCGCGGGC	33170000	33170299	33170300	33170030	33170062	237	33172963	33173262	33172964	33173084	33173116	146	91
LigP_14437821_14584596	upstream_LG	downstream_LG	37	83.784	176	212	98	134	0.001	CCGGGGGGGGGGGGGCGGCGGGCGGGGGCGGCGGGGC	CCGGCGGGGGGGGCGGGGCGGGGGCGGGCGGGGGGGC	14437522	14437821	14437822	14437698	14437734	87	14584596	14584895	14584597	14584694	14584730	165	78
LigP_41871681_41878792	upstream_LG	downstream_LG	41	85.366	55	95	156	196	4.34e-06	GCCGCGGGCCGCCCCCGCCCGGGCCCGCGCCCCCCCCCCCC	GCCGCGGGCGCCCCCGGCCGGGCCCCGCGCCCCCGCCCCCC	41871382	41871681	41871682	41871437	41871477	204	41878792	41879091	41878793	41878948	41878988	103	101
LigP_39108446_39143747	upstream_LG	downstream_LG	42	83.333	149	190	23	64	0.000268	GGGGGGCGGGGCGGGGGGGGGGGGCCGCCGGCGGGCGCCCCC	GGGGGGCCCGGCCGGGGGGGGGCGCCGCCCGGGGCCGCCCCC	39108147	39108446	39108447	39108296	39108337	109	39143747	39144046	39143748	39143770	39143811	235	126
LigP_42375770_46437158	upstream_LG	downstream_LG	34	85.294	87	120	150	183	0.000268	GCGCGGGCGCCCGGCGCCCCGGGGCCGCCGGGCC	GCGCGGCCGCGCGGCGCCCCGCGGCGGCGGGGCC	42375471	42375770	42375771	42375558	42375591	179	46437158	46437457	46437159	46437308	46437341	116	63
LigP_29298947_29586261	upstream_LG	downstream_LG	31	83.871	231	261	261	291	0.017	CCGCCCGGCCGCCGCCCCCGCCGCCCGCCGG	CCGCCCGCCCCCGGCCCCCCCCGCCCCCCGG	29298648	29298947	29298948	29298879	29298909	38	29586261	29586560	29586262	29586522	29586552	8	30
LigP_5108532_5128257	upstream_LG	downstream_LG	31	87.097	72	102	237	267	6.78e-05	CGGCCCCCCCCCCCCGGGGCGGCCGCCGGGC	CGGCCCCCGCCCGCCGGCGCGCCCGCCGGGC	5108233	5108532	5108533	5108305	5108335	197	5128257	5128556	5128258	5128494	5128524	32	165
LigP_29299128_29299349	upstream_LG	downstream_LG	36	86.111	236	271	144	179	1.72e-05	CCGGGGGCGGCCCCCCCCGGGCCGGGCGGGGCGCGG	CCGGGGCCGGCCCCCGCCGGGCCCGGCCCGGCGCGG	29298829	29299128	29299129	29299065	29299100	28	29299349	29299648	29299350	29299493	29299528	120	92
LigP_46131162_46131651	upstream_LG	downstream_LG	33	84.848	152	184	125	157	0.001	CCCCGGGGGCCGGGCCCCGGGCCGGGGCCCCCC	CCCCGGGCGCGGGCCCCCGGCCCGGGGCGCCCC	46130863	46131162	46131163	46131015	46131047	115	46131651	46131950	46131652	46131776	46131808	142	27
LigP_14437780_14444010	upstream_LG	downstream_LG	43	81.395	110	152	12	54	0.017	CGGGCCCGGGGGGGGGGGGGGGCGCGGGGCGCGCGGGCCCCGG	CGGGCCCCGGCGGCGGGCGGGGGGGGGGGCGCGGGCGCCCCGG	14437481	14437780	14437781	14437591	14437633	147	14444010	14444309	14444011	14444022	14444064	245	98
LigP_29299040_29319336	upstream_LG	downstream_LG	39	89.744	233	271	98	136	1.14e-09	CGCCGGCCCCCCCCCGGGGGGGCCGGCGCGGCCGGGGCC	CGCCGGCGCCCCCCCCGGCGGGCCGCCGCGGCCGGGGCC	29298741	29299040	29299041	29298974	29299012	28	29319336	29319635	29319337	29319434	29319472	163	135
LigP_44339293_44378572	upstream_LG	downstream_LG	31	87.097	140	170	201	231	6.78e-05	CGCGCGCCGCGCGGCCCCGGGGCCCCGGCCC	CGCGCGCCCGGCGCCCCCCGGGCCCCGGCCC	44338994	44339293	44339294	44339134	44339164	129	44378572	44378871	44378573	44378773	44378803	68	61
LigP_14437768_14438671	upstream_LG	downstream_LG	39	84.615	34	72	215	253	6.78e-05	GCGGGGGGCCCGCGCGCCGGGGGGCCCGGGGGGGCGGGG	GCGGGGGGCCCGCCGGCCGCGGGGGCCCCGGGGGCGGGG	14437469	14437768	14437769	14437503	14437541	227	14438671	14438970	14438672	14438886	14438924	46	181
LigP_14437790_15291236	upstream_LG	downstream_LG	34	85.294	209	242	34	67	0.000268	GGGGGGGGGGGGGCGGCGGGCGGGGGCGGCGGGG	GGGGGGGGGCCGGCGGCGCGCGGGCGCCGCGGGG	14437491	14437790	14437791	14437700	14437733	57	15291236	15291535	15291237	15291270	15291303	232	175
LigP_46254517_46458612	upstream_LG	downstream_LG	30	86.667	34	63	15	44	0.000268	GGCCGCGGGCCCGGGCGCCGGGGCGCGGGC	GGCCGCGGCCCGGGGCGCCCGGGCGGGGGC	46254218	46254517	46254518	46254252	46254281	236	46458612	46458911	46458613	46458627	46458656	255	19
LigP_14436441_14437465	upstream_LG	downstream_LG	45	84.444	171	215	251	295	4.34e-06	CCGGGGCCCGGGGCGGCCCCGCCGGGGCCCCGCCCCCCCGGCCCG	CCGGCGCCCGGGGCCCGCCCGCCCGGGCCCCGCCGCCCCCGCCCG	14436142	14436441	14436442	14436313	14436357	84	14437465	14437764	14437466	14437716	14437760	4	80
LigP_14437825_15733873	upstream_LG	downstream_LG	44	84.091	235	278	155	198	1.72e-05	GGCCCGGGGGGGCGGGCGCCGCCCGGGCCCGCGGCGCCCCGCCG	GGCCCGGGGGGGCCGCCGGGGCCCGGGGCCCCGGCGCGCCGCCG	14437526	14437825	14437826	14437761	14437804	21	15733873	15734172	15733874	15734028	15734071	101	80
LigP_14437834_14438748	upstream_LG	downstream_LG	34	82.353	126	159	213	246	0.065	GGGGGCGGCGGGGGGCCGGGGGGGCCGGCGGGCG	GGGGGGGGCCGGGGGCCCGGGCGGGCGGCCGGCG	14437535	14437834	14437835	14437661	14437694	140	14438748	14439047	14438749	14438961	14438994	53	87
LigP_39108501_39110520	upstream_LG	downstream_LG	38	86.842	98	135	189	226	1.1e-06	GGCGGGGCGGGGGGGGGGGGCCGCCGGCGGGCGCCCCC	GGCGGGGCCGGGGGCGGGGCCCGGCGGGGGGCGCCCCC	39108202	39108501	39108502	39108300	39108337	164	39110520	39110819	39110521	39110709	39110746	73	91
LigP_44510603_44817250	upstream_LG	downstream_LG	38	81.579	200	237	109	146	0.065	CCCGCGGCGGGCCGGGCGCCCCCCCCCGCCCGCGCGCC	CCCGCCGCGGCCCCGGCGCCCGCCCGCCCCCCCGCGCC	44510304	44510603	44510604	44510504	44510541	62	44817250	44817549	44817251	44817359	44817396	153	91
LigP_29299062_42254257	upstream_LG	downstream_LG	35	82.857	13	47	213	247	0.017	GGGGCGGGGCCCCCGGCGGGCGGGCGGGGCCCCGG	GGGGCGGGCCCCGGGGCGCGCGCGGGGGGCCCCGG	29298763	29299062	29299063	29298776	29298810	252	42254257	42254556	42254258	42254470	42254504	52	200
LigP_42375717_42376635	upstream_LG	downstream_LG	35	88.571	128	162	95	129	2.78e-07	CCCCCGCCCCCGGCGCGGGCGCCCGGCGCCCCGGG	CCCCCGGCCCCGGCGCGCGCCCCCCGCGCCCCGGG	42375418	42375717	42375718	42375546	42375580	137	42376635	42376934	42376636	42376730	42376764	170	33
LigP_33766297_36157204	upstream_LG	downstream_LG	35	85.714	183	217	265	299	6.78e-05	GCCCCCCGGGGCGCCCGGGGCGCGCCGGCGGGGCG	GCCCCGCGGGGCGCGGGGGCCGGGCCGGCGGGGCG	33765998	33766297	33766298	33766181	33766215	82	36157204	36157503	36157205	36157469	36157503	0	82
LigP_39108479_39109241	upstream_LG	downstream_LG	30	83.333	109	138	91	120	0.065	CCCGGGCGGGGGGCGGGGCGGGGGGGGGGG	CCCGGCCGGGGCGCGGCGCCCGGGGGGGGG	39108180	39108479	39108480	39108289	39108318	161	39109241	39109540	39109242	39109332	39109361	179	18
LigP_46458529_46458616	upstream_LG	downstream_LG	35	85.714	256	290	224	258	6.78e-05	GGGGGGGGGCGGCGGCCGGCGCGGGCGCGCCGCGG	GGGGGGGGCGGGCGGCGGGCGCGCGCGCGCGGCGG	46458230	46458529	46458530	46458486	46458520	9	46458616	46458915	46458617	46458840	46458874	41	32
LigP_29298983_29299789	upstream_LG	downstream_LG	31	87.097	183	213	257	287	6.78e-05	GGGGGGGGCGGGCCGCCCGGCCGCCGCCCCC	GGGGGGGGCGGGCCGGCCCCCCCCCGCCCCC	29298684	29298983	29298984	29298867	29298897	86	29299789	29300088	29299790	29300046	29300076	12	74
LigP_46636366_46637100	upstream_LG	downstream_LG	42	83.333	156	197	28	69	0.000268	CGCCCCGGGGGGGCGGGGCCCCGCGCGCGCCGCGGCCCCCGC	CGCCCCGCGGGCGCCGCGCCCCCCCCGCCCCGCGGCCCCCGC	46636067	46636366	46636367	46636223	46636264	102	46637100	46637399	46637101	46637128	46637169	230	128
LigP_14273497_14437491	upstream_LG	downstream_LG	31	83.871	250	280	171	201	0.017	CCCGCCCGCCCGCCCGCCCCGCGGCCGCCCC	CCCGCCGGCCCCCCCGGCCCCCCGCCGCCCC	14273198	14273497	14273498	14273448	14273478	19	14437491	14437790	14437492	14437662	14437692	98	79
LigP_42567104_42567954	upstream_LG	downstream_LG	53	81.132	75	127	32	84	0.001	CGCGCCCCCCCCCCGCGCCCCCCGGGCGCCCGCCCCGGGCCGCCCCCGCGCGC	CGCGCCCCCGCCCCGGGCCGCGCCGGCCCCCCCCCCCGGGCGCGCCCGCGCGC	42566805	42567104	42567105	42566880	42566932	172	42567954	42568253	42567955	42567986	42568038	215	43
LigP_46182705_46182796	upstream_LG	downstream_LG	33	84.848	233	265	77	109	0.001	GGGCCGGCCCCGGGGCGGGCGCGCGCCCCGGGC	GGGCCGCCCCCGCGGCGCCCGCGGGCCCCGGGC	46182406	46182705	46182706	46182639	46182671	34	46182796	46183095	46182797	46182873	46182905	190	156
LigP_14437833_14437991	upstream_LG	downstream_LG	30	86.667	162	191	192	221	0.000268	GGCCGGGGGGGGGGGGGCGGCGGGCGGGGG	GGCCCGGGGGGGGGGGGGGGGGGGGGGGGG	14437534	14437833	14437834	14437696	14437725	108	14437991	14438290	14437992	14438183	14438212	78	30
LigP_15725712_15729932	upstream_LG	downstream_LG	30	90.0	249	278	270	299	1.1e-06	GCGGGCGGCGCGGGCGGGGGGCGGCGCGCC	GCGGGCGCCGCGGGCGGGCGGCGGGGCGCC	15725413	15725712	15725713	15725662	15725691	21	15729932	15730231	15729933	15730202	15730231	0	21
LigP_46286418_46324904	upstream_LG	downstream_LG	37	89.189	22	58	257	293	1.78e-08	CCCGCGCCCGCCGCCCCGCCCCGGGGCCCCGGGGCCC	CCCGCCCCCGCGGCCCCGCCCCGCGCCCCCGGGGCCC	46286119	46286418	46286419	46286141	46286177	241	46324904	46325203	46324905	46325161	46325197	6	235
LigP_33479495_33479601	upstream_LG	downstream_LG	29	82.759	85	113	30	58	0.26	CCCCCCCCCCCCCCCCGCCCCCGCGCCCG	CCCCCGCCGCCCCCCCCCGCCCCCGCCCG	33479196	33479495	33479496	33479281	33479309	186	33479601	33479900	33479602	33479631	33479659	241	55
LigP_14437783_14494879	upstream_LG	downstream_LG	42	85.714	47	88	10	51	1.1e-06	GGGGGGCGGGGCCCCCGGGCCGCGCGGGCGCGGCGCGCCCCG	GGGGGCCGGGGCCCCGGGGCGGCGCGGGGGGGGCGGGCCCCG	14437484	14437783	14437784	14437531	14437572	211	14494879	14495178	14494880	14494889	14494930	248	37
LigP_33834947_43343900	upstream_LG	downstream_LG	34	88.235	83	116	139	172	1.1e-06	CGGGGCCCGGGCCGGGGGGCGGGGCGGCGGGGGG	CGGGGGCCGGGCCGGGGGGCCGGGCCGCCGGGGG	33834648	33834947	33834948	33834731	33834764	183	43343900	43344199	43343901	43344039	43344072	127	56
LigP_14437783_16288982	upstream_LG	downstream_LG	37	86.486	233	269	101	137	4.34e-06	GGGCGGGGGCGGCGGGGCCCGGGCGGGCGGGCCCCGG	GGGCGGGGGCGGGGGGGCCGGCGGGGGCGGGCGCCGG	14437484	14437783	14437784	14437717	14437753	30	16288982	16289281	16288983	16289083	16289119	162	132
LigP_44315680_44510304	upstream_LG	downstream_LG	31	83.871	203	233	135	165	0.017	CGGGCGCCGGCCGGGCCGCCGGGGCGGGCGG	CGGGCCCCCGCCGGCCGGCCCGGGCGGGCGG	44315381	44315680	44315681	44315584	44315614	66	44510304	44510603	44510305	44510439	44510469	134	68
