LigP_ID	query_ID	subject_ID	length	perc_id	q_start	q_end	s_start	s_end	evalue	q_seq	s_seq	start_harbor	end_harbor	end_LG1	start_homolog1	end_homolog1	LG1_distance	start_harbor2	end_harbor2	end_LG2	start_homolog2	end_homolog2	LG2_distance	Ligshift
LigP_34825653_35454762	upstream_LG	downstream_LG	30	83.333	159	188	33	62	0.065	CCGGCCCGGGCCGCGCGCGCCCGCCGCCCC	CCGGCCCCGGGCGCGCCCGCGCGCGGCCCC	34825354	34825653	34825654	34825513	34825542	111	35454762	35455061	35454763	35454795	35454824	237	126
LigP_34825549_34942692	upstream_LG	downstream_LG	30	83.333	124	153	137	166	0.065	GGGCCCGGGCGGCGCCCCCCCCCCGCGGGG	GGGCCCGGCCCGGGCCCCCGGCCCGCGGGG	34825250	34825549	34825550	34825374	34825403	146	34942692	34942991	34942693	34942829	34942858	133	13
LigP_2840646_5195641	upstream_LG	downstream_LG	42	83.333	211	252	94	135	0.000268	GGGGCGCGGGGGCCGGGGCCGGGCCCGCCCGGCGGGCGCGGG	GGGGCGCGGGGCCCCGGGCCGGCCGCGCCGCGGGGGCGCGGG	2840347	2840646	2840647	2840558	2840599	47	5195641	5195940	5195642	5195735	5195776	164	117
LigP_34825627_34957807	upstream_LG	downstream_LG	29	82.759	224	252	66	94	0.26	CGCCCGCCGGCCCCCGCGCGCGCCCGCCC	CGCCCGCCCGCCGCCGCCCCCCCCCGCCC	34825328	34825627	34825628	34825552	34825580	47	34957807	34958106	34957808	34957873	34957901	205	158
LigP_34825541_35454546	upstream_LG	downstream_LG	33	81.818	125	157	33	65	0.26	CCCGCGCGGGCCCGGGCGGCGCCCCCCCCCCGC	CCCGCGCGCCCCCGCGCGGGGCGCCGCCCCCGC	34825242	34825541	34825542	34825367	34825399	142	35454546	35454845	35454547	35454579	35454611	234	92
LigP_63453318_63457166	upstream_LG	downstream_LG	37	86.486	170	206	148	184	4.34e-06	CCGCCCGCCGCCGCGGGCCCGCGGCCCCCGGCCCGGG	CCGCCCCCCGCCCCCGCCCCGCGGCCCCGGGCCCGGG	63453019	63453318	63453319	63453189	63453225	93	63457166	63457465	63457167	63457314	63457350	115	22
LigP_34825651_35454595	upstream_LG	downstream_LG	33	84.848	211	243	193	225	0.001	CCCCGCGCGCGCCCGCCCGCCCCGCCGCCCGCG	CCCCGGGCGCGCCCGCGCGCGGCCCCGCCCGCG	34825352	34825651	34825652	34825563	34825595	56	35454595	35454894	35454596	35454788	35454820	74	18
LigP_62422428_62449515	upstream_LG	downstream_LG	30	86.667	241	270	162	191	0.000268	GCCGGGCCGCCCGGGCCGGGCCCGGGGGCG	GCCGGGCCGGCCGGGCCCGCCCGGGGGGCG	62422129	62422428	62422429	62422370	62422399	29	62449515	62449814	62449516	62449677	62449706	108	79
LigP_44966469_44966591	upstream_LG	downstream_LG	32	84.375	267	298	175	206	0.004	GCCCCGCCCCCGCGCCGCGCGCCGCCCCCGGC	GCCCGGCCCCCCCGGCGGGCGCCCCCCCCGGC	44966170	44966469	44966470	44966437	44966468	1	44966591	44966890	44966592	44966766	44966797	93	92
LigP_35003927_35004562	upstream_LG	downstream_LG	40	90.0	171	210	135	174	2.89e-10	CGGCCGGGCGCCCCCCCCCCCCCCGCGCCCGCCCCCCGCC	CGGCCGGGGGCCCCCCCCCCCGCCGCGGCCGGCCCCCGCC	35003628	35003927	35003928	35003799	35003838	89	35004562	35004861	35004563	35004697	35004736	125	36
LigP_35004025_35004558	upstream_LG	downstream_LG	40	90.0	73	112	139	178	2.89e-10	CGGCCGGGCGCCCCCCCCCCCCCCGCGCCCGCCCCCCGCC	CGGCCGGGGGCCCCCCCCCCCGCCGCGGCCGGCCCCCGCC	35003726	35004025	35004026	35003799	35003838	187	35004558	35004857	35004559	35004697	35004736	121	66
LigP_63955834_63955808	upstream_LG	downstream_LG	31	87.097	43	73	225	255	6.78e-05	CCGGGGGGCGCCCCGGGCCCGGGGGGGGGGG	CCGGCGGGCCCCCCGGGGCCCGGGGGGGGGG	63955535	63955834	63955835	63955578	63955608	226	63955808	63956107	63955809	63956033	63956063	44	182
LigP_62820221_63366251	upstream_LG	downstream_LG	29	82.759	187	215	197	225	0.26	CGGGGCGGGGGGGCGGGGGGGCGGGGCGC	CGGGGGGGGGGGGGGCGCGGGGGGGGCGC	62819922	62820221	62820222	62820109	62820137	84	63366251	63366550	63366252	63366448	63366476	74	10
LigP_34825627_34895880	upstream_LG	downstream_LG	45	84.444	224	268	252	296	4.34e-06	CGCCCGCCGGCCCCCGCGCGCGCCCGCCCGCCCCGCCGCCCGCGC	CGCCCGGCGGGCCGCGCGCCCCCCCCCCCCCCCCGCCGCCCGCGC	34825328	34825627	34825628	34825552	34825596	31	34895880	34896179	34895881	34896132	34896176	3	28
LigP_430382_63571658	upstream_LG	downstream_LG	35	88.571	182	216	43	77	2.78e-07	CGGGGGCCCGGGGCGGGGGGGCGCCCGGCCGCGGG	CGGGGGCCCGGGGCGGGGCGGGGGCCCGCCGCGGG	430083	430382	430383	430265	430299	83	63571658	63571957	63571659	63571701	63571735	222	139
LigP_1118817_1120919	upstream_LG	downstream_LG	31	83.871	72	102	171	201	0.017	CGGGGCCGCCCCCGGCCCCCCCGCCCCGCCC	CGGGGCCGCGCCCCCCCCGCGCGCCCCGCCC	1118518	1118817	1118818	1118590	1118620	197	1120919	1121218	1120920	1121090	1121120	98	99
LigP_34709963_34709962	upstream_LG	downstream_LG	29	86.207	28	56	39	67	0.001	CCGGGCGGGGCCGGGGGCGGGCCCGGGGG	CCGGGCGGGCCGGGCGGGGGGCCCGGGGG	34709664	34709963	34709964	34709692	34709720	243	34709962	34710261	34709963	34710001	34710029	232	11
LigP_63696383_63747651	upstream_LG	downstream_LG	35	82.857	155	189	119	153	0.017	GGCGCCCGGGGCGGCGCCCCCGCGGCCCGGGCCCG	GGCGCCGGGGCCGGCCCGCCCGGGGGCCGGGCCCG	63696084	63696383	63696384	63696239	63696273	110	63747651	63747950	63747652	63747770	63747804	146	36
LigP_64039094_64062656	upstream_LG	downstream_LG	32	84.375	229	260	254	285	0.004	CGGGCCCGGGGCCGCCCCGGGGCCCGCGCCCC	CGGGCCCCGGGGGGCCCGGGGGCCCGCCCCCC	64038795	64039094	64039095	64039024	64039055	39	64062656	64062955	64062657	64062910	64062941	14	25
LigP_3786182_3818266	upstream_LG	downstream_LG	36	83.333	199	234	111	146	0.004	GGGGCGCCGCGCCGCGGCGCCGGCGGGGGCGGCCCG	GGGGCCCCGCCCGGCGGCCCCGCCGGGGGCCGCCCG	3785883	3786182	3786183	3786082	3786117	65	3818266	3818565	3818267	3818377	3818412	153	88
LigP_4686428_4727081	upstream_LG	downstream_LG	33	84.848	26	58	128	160	0.001	GGGGGCGGCCCCCGCGGCCGGCGGGCCGCGCCG	GGGGGCGGCGGCCGCGGGGGGCGGGCGGCGCCG	4686129	4686428	4686429	4686155	4686187	241	4727081	4727380	4727082	4727209	4727241	139	102
LigP_63572104_63573952	upstream_LG	downstream_LG	36	86.111	227	262	57	92	1.72e-05	CGGGCCCCCGGGGGCCCCCGGCCCCGCCCGCGGCGG	CGGGGCCCCGGGGGCCGCGGGCCCGGCCCGGGGCGG	63571805	63572104	63572105	63572032	63572067	37	63573952	63574251	63573953	63574009	63574044	207	170
LigP_2470769_2840324	upstream_LG	downstream_LG	41	80.488	26	66	189	229	0.26	CGGCCCCCCCCCCGGCCCCGCGCCCGGCCGGGCCGCCGGGG	CGGCCGCCCCCGCCGCCCCGCCCCCCCCCCGGGCGCCGGGG	2470470	2470769	2470770	2470496	2470536	233	2840324	2840623	2840325	2840513	2840553	70	163
LigP_63571533_63572514	upstream_LG	downstream_LG	35	82.857	250	284	258	292	0.017	GCCCCCGGCCCCGCCCGCGGCGGGCCCCCGCCCCG	GCCCCCGCCCGCGGCCGCGGGGGGGCCCCGGCCCG	63571234	63571533	63571534	63571484	63571518	15	63572514	63572813	63572515	63572772	63572806	7	8
LigP_22834562_33489785	upstream_LG	downstream_LG	35	88.571	167	201	51	85	2.78e-07	GCGCCCGCGGCGCCCGCGGCGCCCCCCCCGGCCCC	GCGCCCGCCGCGCGCGCGGCCCGCCCCCCGGCCCC	22834263	22834562	22834563	22834430	22834464	98	33489785	33490084	33489786	33489836	33489870	214	116
LigP_63529645_63542472	upstream_LG	downstream_LG	30	83.333	85	114	214	243	0.065	CCGCCCCGGCGGGCCCCGGGGGGGCGCGCG	CCGCCCCGGCCGGGGCGGGGCGGGCGCGCG	63529346	63529645	63529646	63529431	63529460	185	63542472	63542771	63542473	63542686	63542715	56	129
LigP_63944469_63955794	upstream_LG	downstream_LG	33	84.848	28	60	76	108	0.001	GGCCCCGCGCGGCGCGGCGGGGCGGGGCCCGGG	GGCCCCGCCCGGCCCGCGGGGCCGGGGCCCGGG	63944170	63944469	63944470	63944198	63944230	239	63955794	63956093	63955795	63955870	63955902	191	48
LigP_63462223_63465529	upstream_LG	downstream_LG	35	85.714	256	290	191	225	6.78e-05	GGGGGGGGGGCCGCGCCCGCCCCGGGGGGCGGGGG	GGGGGGGGGGCCCCGGGCGCCCCCGGGGGGGGGGG	63461924	63462223	63462224	63462180	63462214	9	63465529	63465828	63465530	63465720	63465754	74	65
LigP_2839815_2840284	upstream_LG	downstream_LG	44	81.818	96	139	109	152	0.004	GCCGCCGCGCCCGCCGGGGCCCCCGCGGGGGGCGCGCGGGGCGC	GCCGCCGGGGCCGCGGCGGCGCCCGCGCGGGGGGCGCCGGGCGC	2839516	2839815	2839816	2839612	2839655	160	2840284	2840583	2840285	2840393	2840436	147	13
LigP_49810582_50369475	upstream_LG	downstream_LG	39	82.051	24	62	21	59	0.017	GGGCCGGGGGGGCCCCGGGGCCCCGGGGGCGCCGCGGCC	GGGCCGGGCGGGCGCCGCCGCCCCCCGGGCGCCGGGGCC	49810283	49810582	49810583	49810307	49810345	237	50369475	50369774	50369476	50369496	50369534	240	3
LigP_63955745_63955792	upstream_LG	downstream_LG	32	90.625	25	56	45	76	7.04e-08	CCCGGGGGGGCCCCGGCCCGCGGCGCCCCCGG	CCCGGGGGCGCCGCGGCGCGCGGCGCCCCCGG	63955446	63955745	63955746	63955471	63955502	243	63955792	63956091	63955793	63955837	63955868	223	20
LigP_34825659_34984799	upstream_LG	downstream_LG	38	81.579	14	51	200	237	0.065	GGGCCCGGGCGGCGCCCCCCCCCCGCGGGGCCGGCCCG	GGGCGCGGCCGGCGCCGCCCCCGCCCGCGCCCGGCCCG	34825360	34825659	34825660	34825374	34825411	248	34984799	34985098	34984800	34984999	34985036	62	186
LigP_2840636_2840610	upstream_LG	downstream_LG	32	84.375	96	127	72	103	0.004	CGGCGCCCCGGGCCCCGGCGCCCCGGGCCGCG	CGGCGCCCCCGCCCCCGCCCGCCCGGGCCGCG	2840337	2840636	2840637	2840433	2840464	172	2840610	2840909	2840611	2840682	2840713	196	24
LigP_63949669_63968806	upstream_LG	downstream_LG	30	90.0	87	116	218	247	1.1e-06	GGCCGCGGCCCCCCGGCGGCCCCGGGCGCG	GGCCCCGGCCCCCCGGCCCCCCCGGGCGCG	63949370	63949669	63949670	63949457	63949486	183	63968806	63969105	63968807	63969024	63969053	52	131
LigP_57652167_59519327	upstream_LG	downstream_LG	38	81.579	64	101	74	111	0.065	GGGGGGGGGGGGCCGCGCGGCGCGCCGCCGCGCCCCCC	GGGGCGGGGGGGCCCGCCGGGGCGCCGCCCCGGCCCCC	57651868	57652167	57652168	57651932	57651969	198	59519327	59519626	59519328	59519401	59519438	188	10
LigP_2840648_2840765	upstream_LG	downstream_LG	29	82.759	256	284	149	177	0.26	GGCGCGGGCCGGGGCCCCGGGGCGGCGGC	GGCGCGGGGCGGGCCCCGGCGCCGGCGGC	2840349	2840648	2840649	2840605	2840633	15	2840765	2841064	2840766	2840914	2840942	122	107
LigP_38674509_38675062	upstream_LG	downstream_LG	31	83.871	237	267	125	155	0.017	CCCCGGGCGCCCGCCGCCGCCCGCCCGCGCC	CCCCGGGGCCCCGCCGGCGCCCCCCCCCGCC	38674210	38674509	38674510	38674447	38674477	32	38675062	38675361	38675063	38675187	38675217	144	112
LigP_63520407_63667489	upstream_LG	downstream_LG	29	82.759	213	241	259	287	0.26	GGCCCCCCCGGCCGCGGGGCCCCCGGGGG	GGCCCGCCCGCCCCCGGGCCGCCCGGGGG	63520108	63520407	63520408	63520321	63520349	58	63667489	63667788	63667490	63667748	63667776	12	46
LigP_43683079_43735585	upstream_LG	downstream_LG	30	83.333	163	192	99	128	0.065	GGGGGCCGCGGGGCCGCCCCGCGCCGGGGC	GGGGGCGGGGGGCCCGGCCCGGGCCGGGGC	43682780	43683079	43683080	43682943	43682972	107	43735585	43735884	43735586	43735684	43735713	171	64
LigP_32483337_32521630	upstream_LG	downstream_LG	34	88.235	1	34	157	190	1.1e-06	GCCCCGGGCGCCCGGGGCCGGGCGCGCCCCCCGG	GCCCGGGGGGCCCGGGGCCGGGGGGGCCCCCCGG	32483038	32483337	32483338	32483039	32483072	265	32521630	32521929	32521631	32521787	32521820	109	156
LigP_35001267_35004558	upstream_LG	downstream_LG	40	92.5	113	152	216	255	1.18e-12	GCCCCGGGCCCGCCCCGGGGGGGCGGGGCGGGCCGCCCCC	GCCCCGGGCCCGGCCCCGGGGGGCGGGGCGGGGCGCCCCC	35000968	35001267	35001268	35001081	35001120	147	35004558	35004857	35004559	35004774	35004813	44	103
LigP_34825621_34849850	upstream_LG	downstream_LG	34	82.353	109	142	214	247	0.065	GGCGGGCCCGCCCCCCGCGGGCCCGCGCCGCCGC	GGCGGCCCCGGCCCCCCCGCGCCCCGGCCGCCGC	34825322	34825621	34825622	34825431	34825464	157	34849850	34850149	34849851	34850064	34850097	52	105
LigP_4899070_4911210	upstream_LG	downstream_LG	30	83.333	55	84	158	187	0.065	GGGCGGGGGCCGCGCCGGGGGGGCGGGGGC	GGGCGGGGCCCCGGCCCGGGGCGCGGGGGC	4898771	4899070	4899071	4898826	4898855	215	4911210	4911509	4911211	4911368	4911397	112	103
LigP_48375447_48377209	upstream_LG	downstream_LG	29	86.207	89	117	184	212	0.001	GGGCGGCGCCCCGCCGCGCGCCCGCCCGC	GGGCGGGGCCCCGGGGCGCGCCCGGCCGC	48375148	48375447	48375448	48375237	48375265	182	48377209	48377508	48377210	48377393	48377421	87	95
LigP_32820145_32846715	upstream_LG	downstream_LG	49	81.633	232	280	174	222	0.001	CGGGCCGGGGCCGGGCGCGCGCGGGCGGGCCCCGCGGGCGGCGCCGGGG	CGGGCGGGGGCCGGGGCCGGGCGGGGGCGCCCCCCGGCCGGCCCCGGGG	32819846	32820145	32820146	32820078	32820126	19	32846715	32847014	32846716	32846889	32846937	77	58
LigP_3786189_6007731	upstream_LG	downstream_LG	33	84.848	216	248	6	38	0.001	GGGGGCGGCCCGGCCGGCCGCCGGGGGCGGCGG	GGGGGCGGGCCGGGCGCCGGCCGGGGGCCGCGG	3785890	3786189	3786190	3786106	3786138	51	6007731	6008030	6007732	6007737	6007769	261	210
LigP_3174004_3174150	upstream_LG	downstream_LG	39	87.179	232	270	251	289	2.78e-07	CCCGGGCCCCGCCCCCCCCCCGCGCCGGCCCCCCGGGGC	CCCGGGGCCGGCCCCCCCCCCCCGGCGGCCCCCCCGGGC	3173705	3174004	3174005	3173937	3173975	29	3174150	3174449	3174151	3174401	3174439	10	19
LigP_34825659_50513049	upstream_LG	downstream_LG	34	85.294	147	180	202	235	0.000268	GGGGCGCCGGCCCGGGCCGCGCGCGCCCGCCGCC	GGGGCGGCGCCCGGGGCCGCCCGCGCGCGCCGCC	34825360	34825659	34825660	34825507	34825540	119	50513049	50513348	50513050	50513251	50513284	64	55
LigP_21918149_21919906	upstream_LG	downstream_LG	31	83.871	69	99	26	56	0.017	CGGCGGCCCCGCCGCGCGGCCCCGGGGGCCC	CGGCCGCCGCGCCGCGGGGGCGCGGGGGCCC	21917850	21918149	21918150	21917919	21917949	200	21919906	21920205	21919907	21919932	21919962	243	43
LigP_33694100_34825177	upstream_LG	downstream_LG	34	82.353	264	297	200	233	0.065	GGGCCCGCCCCCCGGCCGGGGGGCGGGGCCCGGG	GGGCCGGCCCCGCGGGGGGGGGGCGCCGCCCGGG	33693801	33694100	33694101	33694065	33694098	2	34825177	34825476	34825178	34825377	34825410	66	64
LigP_40689401_62259313	upstream_LG	downstream_LG	30	83.333	32	61	86	115	0.065	GGGCCGGGGGGGGGCGCGGGGCGGGCGCCC	GGGCGGGGGGGGGCCCCGGGGGGGGGGCCC	40689102	40689401	40689402	40689134	40689163	238	62259313	62259612	62259314	62259399	62259428	184	54
LigP_34825541_61704160	upstream_LG	downstream_LG	29	86.207	224	252	92	120	0.001	CCCCCGCCCGGGCGCGGCCCCGGCCCCCC	CCCCCGCCCGGGGGGGGGCCGGGCCCCCC	34825242	34825541	34825542	34825466	34825494	47	61704160	61704459	61704161	61704252	61704280	179	132
LigP_63552724_63690802	upstream_LG	downstream_LG	44	81.818	20	63	179	222	0.004	GGGGCCGGGGGGGGGGGGGCGGGGCGGGGCCCGGGGGGGGGGGG	GGGGCCGGGCGGGCGGGGCCGGGCCGGCCCCGGGGGGCGGGGGG	63552425	63552724	63552725	63552445	63552488	236	63690802	63691101	63690803	63690981	63691024	77	159
LigP_34825650_34876272	upstream_LG	downstream_LG	29	82.759	268	296	64	92	0.26	GGCGGGGCCCCGCGGGGCCGGCGGGGGGG	GGCGGGGCCGGGCGCGGCGGGGGGGGGGG	34825351	34825650	34825651	34825619	34825647	3	34876272	34876571	34876273	34876336	34876364	207	204
LigP_2840726_2872595	upstream_LG	downstream_LG	29	82.759	230	258	1	29	0.26	GGCGGCCGCGGCGGCGGCCCCGCCGCGCG	GGCGCCCGCGGCCGGGGGCCGGCCGCGCG	2840427	2840726	2840727	2840657	2840685	41	2872595	2872894	2872596	2872596	2872624	270	229
LigP_50369812_50372583	upstream_LG	downstream_LG	35	85.714	248	282	25	59	6.78e-05	CCCCCCCGGGGGGCCCGGGCCGGGGCCCCCCCCCC	CCCCCCCGGGGGGGCGGCGCCCCGGCCCCCCCCCC	50369513	50369812	50369813	50369761	50369795	17	50372583	50372882	50372584	50372608	50372642	240	223
LigP_63981175_64063723	upstream_LG	downstream_LG	31	90.323	190	220	254	284	2.78e-07	GGGGGCCGGGGGCGGGCGGGGCGCGCGCGGG	GGGGGCCGGGGGGGGGCGGGGGGGGCGCGGG	63980876	63981175	63981176	63981066	63981096	79	64063723	64064022	64063724	64063977	64064007	15	64
LigP_4171168_4171682	upstream_LG	downstream_LG	33	87.879	59	91	142	174	4.34e-06	CCGGCGCCCCCGGGCGCCGCCCGCCCGGGGGCG	CCGGCGCCCCCGGGGGCCCCGCGCGCGGGGGCG	4170869	4171168	4171169	4170928	4170960	208	4171682	4171981	4171683	4171824	4171856	125	83
LigP_63572026_63572620	upstream_LG	downstream_LG	35	82.857	216	250	152	186	0.017	GCCCCCGGCCCCGCCCGCGGCGGGCCCCCGCCCCG	GCCCCCGCCCGCGGCCGCGGGGGGGCCCCGGCCCG	63571727	63572026	63572027	63571943	63571977	49	63572620	63572919	63572621	63572772	63572806	113	64
LigP_59939797_59940130	upstream_LG	downstream_LG	32	87.5	29	60	153	184	1.72e-05	CGGGCCGCGGCGGCGCGCGCGGCGGCGCGGGC	CGGGCCGCGGCCCCGCGGGCGGCGCCGCGGGC	59939498	59939797	59939798	59939527	59939558	239	59940130	59940429	59940131	59940283	59940314	115	124
LigP_43508518_59210555	upstream_LG	downstream_LG	30	86.667	1	30	71	100	0.000268	GGGGGGGCGGGGGGGGCCCCGCCGCCCCGG	GGGGGGGGGCGGGGGGGCCCCCCGCCCCGG	43508219	43508518	43508519	43508220	43508249	269	59210555	59210854	59210556	59210626	59210655	199	70
LigP_32820118_32839499	upstream_LG	downstream_LG	30	86.667	37	66	118	147	0.000268	GCCCCCCCCGCGGGGGGGGCCGGCGGGGGG	GCCCGCCCCGCGCGGGCGCCCGGCGGGGGG	32819819	32820118	32820119	32819856	32819885	233	32839499	32839798	32839500	32839617	32839646	152	81
LigP_5127109_5191822	upstream_LG	downstream_LG	33	81.818	30	62	82	114	0.26	GGGGGGGGCCCCCGGGCCGGGGCCGGGGGGGGC	GGGGGCGGCCCCGGGGGGGGGGCCCCGGGGGGC	5126810	5127109	5127110	5126840	5126872	237	5191822	5192121	5191823	5191904	5191936	185	52
LigP_63568215_63571224	upstream_LG	downstream_LG	35	82.857	263	297	36	70	0.017	GGCGGGCCCGGCCGCCCCCGGCGCCCCGGGCCGGG	GGCGGGGCCGGGGGCCCCCGGGGGCCCGGGGCGGG	63567916	63568215	63568216	63568179	63568213	2	63571224	63571523	63571225	63571260	63571294	229	227
LigP_63571567_63865209	upstream_LG	downstream_LG	30	83.333	248	277	34	63	0.065	CCGCCCCGGGCCCCCGGGGGCCCCCGGCCC	CCGCCCCGGCCCCGCGGCGCCCCGCGGCCC	63571268	63571567	63571568	63571516	63571545	22	63865209	63865508	63865210	63865243	63865272	236	214
LigP_38674498_59779536	upstream_LG	downstream_LG	35	88.571	18	52	82	116	2.78e-07	CGCCCCCCGCGCCCCCGCGGGCGGGGGGGGGGGGG	CGCCCGCCGGGCCCCCCCCGGCGGGGGGGGGGGGG	38674199	38674498	38674499	38674217	38674251	247	59779536	59779835	59779537	59779618	59779652	183	64
LigP_62183218_62238182	upstream_LG	downstream_LG	38	84.211	129	166	53	90	0.000268	CCCCCGGGCCGGCGGGCGCGGGGGCGGGGGGCGGGGGG	CCCCCGGGCCGGGGGGGGGGGGGGGCGGGGGGGGGGGG	62182919	62183218	62183219	62183048	62183085	133	62238182	62238481	62238183	62238235	62238272	209	76
LigP_4014092_4015049	upstream_LG	downstream_LG	35	85.714	69	103	154	188	6.78e-05	GCGGGGGGGGGCCGGGGGCCGCCGCGCGGCCGGGG	GCGGGGGGGGGCCCGGCGCGGCCCCGGGGCCGGGG	4013793	4014092	4014093	4013862	4013896	196	4015049	4015348	4015050	4015203	4015237	111	85
LigP_61371129_63466067	upstream_LG	downstream_LG	39	84.615	248	286	81	119	6.78e-05	GGCGGGCGGGCCCGCCCCGCCCGGGGCGGGCGGGCCGGG	GGCGGGGGCGCCCGCCCCGCGCGCGCCGGGCGGCCCGGG	61370830	61371129	61371130	61371078	61371116	13	63466067	63466366	63466068	63466148	63466186	180	167
LigP_2840634_2920655	upstream_LG	downstream_LG	30	86.667	120	149	253	282	0.000268	CCGGGCCGCGGCGCCCGCGGCCCCCGCCCC	CCGGGCGGCGGCGCCCGGCGCCGCCGCCCC	2840335	2840634	2840635	2840455	2840484	150	2920655	2920954	2920656	2920908	2920937	17	133
LigP_33674219_33676540	upstream_LG	downstream_LG	30	83.333	118	147	1	30	0.065	GGGGGCGGGGGGGGGCGCGGGGGGGCGGGG	GGGGGCCGGGCGGGCCGGGGGGGGGGGGGG	33673920	33674219	33674220	33674038	33674067	152	33676540	33676839	33676541	33676541	33676570	269	117
LigP_54208071_62129848	upstream_LG	downstream_LG	43	88.372	249	291	150	192	1.14e-09	CCGGCCGGGGGCGGGGGGGCGCCCGGGGGCGGGGCGCGCCGCC	CCGGCCGGGGGGGGGGGGGCGGCCCGGGGGGCGGCGCGCCGCC	54207772	54208071	54208072	54208021	54208063	8	62129848	62130147	62129849	62129998	62130040	107	99
LigP_38805776_38806742	upstream_LG	downstream_LG	36	83.333	129	164	136	171	0.004	GGCGGGGCCGGGCGCGCCCGCCCCGGCCCCGGGGGC	GGCGGGGCCGCGCCCCCCCCCCCCCGCCCCCGGGGC	38805477	38805776	38805777	38805606	38805641	135	38806742	38807041	38806743	38806878	38806913	128	7
LigP_35699404_35954237	upstream_LG	downstream_LG	40	85.0	92	131	144	183	1.72e-05	CGGGCGCGGCCCCCGGGCGGGCGCCGCGGGCCCCGGCCCC	CGGGCCCGGCCCCCCCGGGGGCGGCGCGGGCCCCGCCCCC	35699105	35699404	35699405	35699197	35699236	168	35954237	35954536	35954238	35954381	35954420	116	52
LigP_1118816_1120710	upstream_LG	downstream_LG	31	87.097	146	176	23	53	6.78e-05	CGGGGGCCGGCGCGGGGGGGGGGCGGGGCCG	CGGGGGGCGGGGCGGGGGGCGGGGGGGGCCG	1118517	1118816	1118817	1118663	1118693	123	1120710	1121009	1120711	1120733	1120763	246	123
LigP_38033378_38033512	upstream_LG	downstream_LG	37	91.892	66	102	172	208	7.31e-11	CGGGGGGCGGGCGCCGGGGCGCGGGGGCGCGGGGGGG	CGGGGGGCGGGGGCCGGGGCGGGGGGGCGCCGGGGGG	38033079	38033378	38033379	38033145	38033181	197	38033512	38033811	38033513	38033684	38033720	91	106
LigP_35092758_35093431	upstream_LG	downstream_LG	31	87.097	96	126	251	281	6.78e-05	GCCCCCCGCCGGCCCCCGCCCGGCCCGCCCC	GCCCCCCGCCGCGCCGCGCCCGGCCCCCCCC	35092459	35092758	35092759	35092555	35092585	173	35093431	35093730	35093432	35093682	35093712	18	155
LigP_59933004_59940192	upstream_LG	downstream_LG	30	90.0	160	189	9	38	1.1e-06	CGGGGGGGGGGGGGGGGGCCGGGGGCGCCG	CGGGGGGGCGGGGGGGGGGGGGGGGCGCCG	59932705	59933004	59933005	59932865	59932894	110	59940192	59940491	59940193	59940201	59940230	261	151
LigP_62066279_62127311	upstream_LG	downstream_LG	48	83.333	188	235	219	266	1.72e-05	GGGCGGGGCGCGGGGCGCGGGGGCGGCGCGCCGGGCCGGGCCGGGGCG	GGGCGGGGGGGGGGGGGCGGGGGGGGGGCGCGCGGGCGGGCCGGGGCG	62065980	62066279	62066280	62066168	62066215	64	62127311	62127610	62127312	62127530	62127577	33	31
LigP_50369780_50372436	upstream_LG	downstream_LG	32	87.5	207	238	121	152	1.72e-05	CCCCGCCGCGCCCCCGGCCGCCCCCCGGCGCC	CCCCGGCGCCCCCCCGCCCCCCCCCCGGCGCC	50369481	50369780	50369781	50369688	50369719	61	50372436	50372735	50372437	50372557	50372588	147	86
LigP_36214482_64069370	upstream_LG	downstream_LG	32	84.375	208	239	63	94	0.004	CCCGCGGCGGCCGCCCCCCCCGCCGCCGCGGG	CCCGCGGCGCCCGCCGCGCGCGGCGCCGCGGG	36214183	36214482	36214483	36214391	36214422	60	64069370	64069669	64069371	64069433	64069464	205	145
