LigP_ID	query_ID	subject_ID	length	perc_id	q_start	q_end	s_start	s_end	evalue	q_seq	s_seq	start_harbor	end_harbor	end_LG1	start_homolog1	end_homolog1	LG1_distance	start_harbor2	end_harbor2	end_LG2	start_homolog2	end_homolog2	LG2_distance	Ligshift
LigP_152718050_197499899	upstream_LG	downstream_LG	44	84.091	64	107	29	72	1.72e-05	GCGCGCGCCCCGCGGGCCCGGGGCCGCCGGGGGCGGGGCGGGGG	GCGCGCGGGCCGCGGGGCCCGGGCCGGCGGGGGGCGGGCGGGGG	152717751	152718050	152718051	152717815	152717858	192	197499899	197500198	197499900	197499928	197499971	227	35
LigP_27050218_27050312	upstream_LG	downstream_LG	36	86.111	189	224	33	68	1.72e-05	CCCGCGCCGCGGCCCCGCCGCCCCCCCCCGGCGCGC	CCCGCCCCGCGCCCCCCCCGGCCCCCCCGGGCGCGC	27049919	27050218	27050219	27050108	27050143	75	27050312	27050611	27050313	27050345	27050380	231	156
LigP_196173591_219177984	upstream_LG	downstream_LG	53	83.019	148	200	18	70	4.34e-06	GCCCCCGCGCCCGGCGCCGGGCCCGCCGGCCGGGGCCCGCCGCGCCGCCCCGG	GCCCCCCCGCCCCGCGGCGGGCGGGGCGGCCGGGGGGCGCGGCGCCGCCCCGG	196173292	196173591	196173592	196173440	196173492	99	219177984	219178283	219177985	219178002	219178054	229	130
LigP_74553400_74554812	upstream_LG	downstream_LG	36	88.889	229	264	53	88	7.04e-08	GGCCCGCCGCGCGCCCCCCCCGGCGCGCGGGCCCCC	GGCCCGCCGCCCGCCCCCCCCCGCCCCCGGGCCCCC	74553101	74553400	74553401	74553330	74553365	35	74554812	74555111	74554813	74554865	74554900	211	176
LigP_74515404_74515598	upstream_LG	downstream_LG	30	90.0	253	282	30	59	1.1e-06	CCCCGGGGGGCGGCGGGGGGGGGGCCGCCG	CCCCGGGGGGGGGCGGGGGCGCGGCCGCCG	74515105	74515404	74515405	74515358	74515387	17	74515598	74515897	74515599	74515628	74515657	240	223
LigP_27050236_27050468	upstream_LG	downstream_LG	33	87.879	140	172	179	211	4.34e-06	GGGCCCGCGGGCGCCCCCGGGGGCGGGGGGGCC	GGGCCCGCGGGGCCCCGCGGGGCCGGGGGGGCC	27049937	27050236	27050237	27050077	27050109	127	27050468	27050767	27050469	27050647	27050679	88	39
LigP_218321235_218322979	upstream_LG	downstream_LG	31	83.871	37	67	126	156	0.017	CCCCCCCGGGGCGCCCGCCCCCGCCCCCCCC	CCCCCCCCGGGCCCGCCCCCCCGCCGCCCCC	218320936	218321235	218321236	218320973	218321003	232	218322979	218323278	218322980	218323105	218323135	143	89
LigP_219158840_219177961	upstream_LG	downstream_LG	44	84.091	237	280	111	154	1.72e-05	CCCCCGCCCCGCGGGGCGCCGCGGGCCGCGGCGCCGGGGCCGGG	CCCCCGGCCGGCGGGGCGCCCCGGGCCCCGGGCCCGGGCCCGGG	219158541	219158840	219158841	219158778	219158821	19	219177961	219178260	219177962	219178072	219178115	145	126
LigP_60572611_63049259	upstream_LG	downstream_LG	30	86.667	185	214	227	256	0.000268	GGGGGGGGGGGCGGGCGGGCGGGCCCGCCG	GGGGGGGGGGGGCGGGGGGGGGGCCCGCCG	60572312	60572611	60572612	60572497	60572526	85	63049259	63049558	63049260	63049486	63049515	43	42
LigP_219173553_219177977	upstream_LG	downstream_LG	32	84.375	163	194	67	98	0.004	CGGGCCCGCGCGGGCGCGCCGGCCCCGCCGCC	CGGGCCCGGGCGGCCGGGCCCGCCCCCCCGCC	219173254	219173553	219173554	219173417	219173448	105	219177977	219178276	219177978	219178044	219178075	201	96
LigP_152717997_152718287	upstream_LG	downstream_LG	47	82.979	225	271	68	114	6.78e-05	GGGGCGGGGGGGGGGGGGCGGGGGGGGCGGGGGGGGGGGCCCGGGGG	GGGGGGGGCGGGGGGGCGCGCGGGGGGGGGCGGGCGGGGGCCGGGGG	152717698	152717997	152717998	152717923	152717969	28	152718287	152718586	152718288	152718355	152718401	185	157
LigP_219173012_219177984	upstream_LG	downstream_LG	33	87.879	89	121	267	299	4.34e-06	GGCGGGGGCGGCGGCCGCGGGGGGGGGCGGGGG	GGCGGGGGGGGGCGCCGCGGGGGGCGGCGGGGG	219172713	219173012	219173013	219172802	219172834	178	219177984	219178283	219177985	219178251	219178283	0	178
LigP_87076336_87076467	upstream_LG	downstream_LG	39	84.615	75	113	131	169	6.78e-05	CCGGCCCGGGCCCCGCCGGGGCCGCGCCCCGCCCCCCGC	CCGGCCGGGGCCCCGCCCCGCCCCCGCCCCCCCCCCCGC	87076037	87076336	87076337	87076112	87076150	186	87076467	87076766	87076468	87076598	87076636	130	56
LigP_53859963_55097889	upstream_LG	downstream_LG	29	89.655	53	81	230	258	4.34e-06	GCGGGGCCGGGCCCGGCCCGGCGCGGCCG	GCGGCGCCGGCCCCGGCCCGGGGCGGCCG	53859664	53859963	53859964	53859717	53859745	218	55097889	55098188	55097890	55098119	55098147	41	177
LigP_63588507_63588542	upstream_LG	downstream_LG	38	86.842	91	128	192	229	1.1e-06	CCCCCGGGCCGGGCCCCCGGGCCCGGGGGGGGGCGGCG	CCCCGGGGGCGGGCCCCCGCGGCCGGGGGGCGGCGGCG	63588208	63588507	63588508	63588299	63588336	171	63588542	63588841	63588543	63588734	63588771	70	101
LigP_158968017_190875222	upstream_LG	downstream_LG	38	81.579	243	280	35	72	0.065	GGCCGCGGGGGGCCCCGGGCCCGCGGCCCCGGGGGCGC	GGCCGGGGGGGGGCCGGCGCCCGCCCCCCGGGGGGCGC	158967718	158968017	158968018	158967961	158967998	19	190875222	190875521	190875223	190875257	190875294	227	208
LigP_1083576_1157643	upstream_LG	downstream_LG	47	80.851	36	82	126	172	0.017	GGGGCGGCCCGGGGGCGGCCGCCCGGCGCCCCGCCGCCCCCCGCGCG	GGGGCGGGCCGGGCGCGCCCCCGCGGCGCGCCCCCGGCCCGCGCGCG	1083277	1083576	1083577	1083313	1083359	217	1157643	1157942	1157644	1157769	1157815	127	90
LigP_15564441_27049933	upstream_LG	downstream_LG	30	83.333	153	182	217	246	0.065	CCCGGCGCCGCCGGCCGGGGCCCGGGGGGG	CCCGGCGGCGCGGCCCGGGGGCCCGGGGGG	15564142	15564441	15564442	15564295	15564324	117	27049933	27050232	27049934	27050150	27050179	53	64
LigP_241505861_241507414	upstream_LG	downstream_LG	29	89.655	243	271	49	77	4.34e-06	CGCCCCCGCCCGGGGGGGGGGGGGCGGGC	CGCCCCGGCCCGGGGGGGGGCGGGGGGGC	241505562	241505861	241505862	241505805	241505833	28	241507414	241507713	241507415	241507463	241507491	222	194
LigP_219173573_219177977	upstream_LG	downstream_LG	32	84.375	143	174	67	98	0.004	CGGGCCCGCGCGGGCGCGCCGGCCCCGCCGCC	CGGGCCCGGGCGGCCGGGCCCGCCCCCCCGCC	219173274	219173573	219173574	219173417	219173448	125	219177977	219178276	219177978	219178044	219178075	201	76
LigP_219170179_219177978	upstream_LG	downstream_LG	29	89.655	256	284	15	43	4.34e-06	GGGGCGGGGCGCCGCCCCCCCGCCCCCGC	GGGGCGCGGCGCCGCCCCGGCGCCCCCGC	219169880	219170179	219170180	219170136	219170164	15	219177978	219178277	219177979	219177993	219178021	256	241
LigP_85328518_87076014	upstream_LG	downstream_LG	31	83.871	189	219	179	209	0.017	GGCCCCCCCCGCGCGGGGGCGGGCCCGCCCG	GGCCCCCCCGGCGCCGCGGCCGGCGCGCCCG	85328219	85328518	85328519	85328408	85328438	80	87076014	87076313	87076015	87076193	87076223	90	10
LigP_74553408_74556072	upstream_LG	downstream_LG	40	85.0	1	40	211	250	1.72e-05	GGGGGGGGGGGGGGCCGGCGGGGGCCGGGGGGCGGGCGCG	GGGGGGGGCGCGGCCCGGGGGGGGCGGGGGGGGGGGCGCG	74553109	74553408	74553409	74553110	74553149	259	74556072	74556371	74556073	74556283	74556322	49	210
LigP_219558052_233545558	upstream_LG	downstream_LG	29	86.207	12	40	122	150	0.001	CGGGGCGCCGCCCCCGGGCCCGGCGCCGC	CGGGGGGCGGCCCCCGGGGCCGGCCCCGC	219557753	219558052	219558053	219557765	219557793	259	233545558	233545857	233545559	233545680	233545708	149	110
LigP_176079734_176079797	upstream_LG	downstream_LG	48	83.333	219	266	23	70	1.72e-05	CCCCCCCCCCGCCCCCGGGCGCCGGCGCGCGGCGCCCCCCCCCGCCCC	CCCCCCCCCCCCCCCCGGCCCCCGGGGCCCGCCCCCCGCCCCCGCCCC	176079435	176079734	176079735	176079654	176079701	33	176079797	176080096	176079798	176079820	176079867	229	196
LigP_219168680_219177979	upstream_LG	downstream_LG	33	90.909	124	156	99	131	1.78e-08	GGCCGGGGGGGGGCCCCGGGCCCCGGGCGCGGG	GGCCGGCGGGGCGCCCCGGGCCCCGGGCCCGGG	219168381	219168680	219168681	219168505	219168537	143	219177979	219178278	219177980	219178078	219178110	168	25
LigP_42169398_42196471	upstream_LG	downstream_LG	43	86.047	171	213	197	239	2.78e-07	GGCGGGGCCGGGGGCGCGGCGGCGCGCGCGGGGCGGGGCCGCC	GGCGGGGGGGGGGCCGCGCCGCCGCGCGGGGGGCGGGGCCGCC	42169099	42169398	42169399	42169270	42169312	86	42196471	42196770	42196472	42196668	42196710	60	26
LigP_42133083_42169068	upstream_LG	downstream_LG	35	88.571	214	248	210	244	2.78e-07	GGCGGCCGCGCCCGGCCCGCGCCCCCGCGCCCCCG	GGCGGCCCCGCCCCGCGCGCGCCGCCGCGCCCCCG	42132784	42133083	42133084	42132998	42133032	51	42169068	42169367	42169069	42169278	42169312	55	4
LigP_45088946_45190495	upstream_LG	downstream_LG	30	86.667	66	95	202	231	0.000268	GGGGCGGGCCGGGGGGCCGGGGGGCCGGGG	GGGGCCGGCCGGGGCGCGGGGGGGCGGGGG	45088647	45088946	45088947	45088713	45088742	204	45190495	45190794	45190496	45190697	45190726	68	136
LigP_27050241_27082501	upstream_LG	downstream_LG	33	84.848	122	154	230	262	0.001	GGGGGGGCCCCCCGGGCCCGCGGGCGCCCCCGG	GGGGCGGCCCCCCCGCCCCGCGGCCCCCCCCGG	27049942	27050241	27050242	27050064	27050096	145	27082501	27082800	27082502	27082731	27082763	37	108
LigP_84860926_84861939	upstream_LG	downstream_LG	36	86.111	97	132	56	91	1.72e-05	CGCCCCCCCCCCCCCCCCGCCCCCCGCGGCCCCCCC	CGCCCCCCCCCCGCGCCCCCCCCCCCCGCCCCCCCC	84860627	84860926	84860927	84860724	84860759	167	84861939	84862238	84861940	84861995	84862030	208	41
LigP_113584039_113599705	upstream_LG	downstream_LG	34	82.353	111	144	125	158	0.065	GGGGGCGCGGGCGGGGGCGGCCCGGCGCCCGGGG	GGGGGCGGGGCCCGGGGGGGCGCGGGGCCCGGGG	113583740	113584039	113584040	113583851	113583884	155	113599705	113600004	113599706	113599830	113599863	141	14
LigP_85561790_85602498	upstream_LG	downstream_LG	42	83.333	7	48	16	57	0.000268	CCCCCGGGCCCCGCCCCCCGGCGCGCCGGCGGCCGCGCGGCC	CCCCCGCGCCCCGGGCCCCGGGGGGCCGCCGGCCGCGGGGCC	85561491	85561790	85561791	85561498	85561539	251	85602498	85602797	85602499	85602514	85602555	242	9
LigP_219483263_219484078	upstream_LG	downstream_LG	47	85.106	238	284	236	282	2.78e-07	CCCCCGGCGGGGGGCCCCCGCCCCCCCCGGGCCCCGGGGGGGGGGGG	CCCCCGGCCGGGGGCGCGCGCCCCCCGGGGGCCCCCGGGGGCGGGGG	219482964	219483263	219483264	219483202	219483248	15	219484078	219484377	219484079	219484314	219484360	17	2
LigP_207748471_207768385	upstream_LG	downstream_LG	30	83.333	87	116	206	235	0.065	CGCCGGGGCGCCGCCCGGCGCCCGCCGCGC	CGCCGCGGCGCCGGCCGCGGCCCGGCGCGC	207748172	207748471	207748472	207748259	207748288	183	207768385	207768684	207768386	207768591	207768620	64	119
LigP_32010613_32063281	upstream_LG	downstream_LG	30	86.667	179	208	47	76	0.000268	GGGGGGCGGGGCCCGCGGCGGCCCCGCCGG	GGGGGCCGCGGCCCGGGGCCGCCCCGCCGG	32010314	32010613	32010614	32010493	32010522	91	32063281	32063580	32063282	32063328	32063357	223	132
LigP_237967398_237968644	upstream_LG	downstream_LG	34	82.353	181	214	130	163	0.065	GGCGCCCGGGCGCGGGGCCGGGCGGCGCGGGCGG	GGCGCCCCGGCGGCGGGCCGGCCGCCCCGGGCGG	237967099	237967398	237967399	237967280	237967313	85	237968644	237968943	237968645	237968774	237968807	136	51
LigP_71880773_74515598	upstream_LG	downstream_LG	35	85.714	258	292	20	54	6.78e-05	GGGGGGGCCGGGGGCGCGGGCGGGGCGGGGGGGGG	GGGGGGGGCGGGGGCGCGGCCGCCGGGGGGGGGGG	71880474	71880773	71880774	71880732	71880766	7	74515598	74515897	74515599	74515618	74515652	245	238
LigP_53859990_53863983	upstream_LG	downstream_LG	35	82.857	23	57	123	157	0.017	CGCGCGGGGCCGGGCCCGGCCCGGCGCGGCCGCGC	CGCGCGGGGCGGCGCCGGGCCGGCCCCGGCCGCGC	53859691	53859990	53859991	53859714	53859748	242	53863983	53864282	53863984	53864106	53864140	142	100
LigP_113584100_169212170	upstream_LG	downstream_LG	29	82.759	18	46	59	87	0.26	GGCGGGGGCCCGGGGGGGGGGCCCGCGGG	GGCGGGCGGCCGGGGCCGGGGGCCGCGGG	113583801	113584100	113584101	113583819	113583847	253	169212170	169212469	169212171	169212229	169212257	212	41
LigP_219435189_227527723	upstream_LG	downstream_LG	33	84.848	38	70	120	152	0.001	CCCCCGCGGCCGCCCGGCCCCGGCGCCCCCCCG	CCCCCGCGGGGGCGCGGCCCCGGGCCCCCCCCG	219434890	219435189	219435190	219434928	219434960	229	227527723	227528022	227527724	227527843	227527875	147	82
LigP_113584027_113584499	upstream_LG	downstream_LG	29	86.207	10	38	56	84	0.001	GGGGCGGGGGCCGCCCGGGGGGGCCGGGG	GGGGCGGGGCCCCCCGCGGGGGGCCGGGG	113583728	113584027	113584028	113583738	113583766	261	113584499	113584798	113584500	113584555	113584583	215	46
LigP_47782916_47835824	upstream_LG	downstream_LG	43	83.721	244	286	98	140	6.78e-05	CCGCGGCCGGCCCCGGGCCGGGGCGCCCCGGCCCGGCCGGCCC	CCGCGGCGCGCCCCGGGCCCGGGGGGCCCCGCCGGGCCGGCCC	47782617	47782916	47782917	47782861	47782903	13	47835824	47836123	47835825	47835922	47835964	159	146
LigP_113584028_113584312	upstream_LG	downstream_LG	34	82.353	104	137	148	181	0.065	GGGGGGGCCCGCGGGGCGGGGGGCGCGGGCGGGG	GGGGGGGCGCGGGGGCGGGGGGGCGGGGCCGGGG	113583729	113584028	113584029	113583833	113583866	162	113584312	113584611	113584313	113584460	113584493	118	44
LigP_46298511_46298486	upstream_LG	downstream_LG	33	87.879	198	230	258	290	4.34e-06	CGGGCGGGGGGGGGCGGGGGGCGGGGGGCGGCC	CGGGGGGGGGCGGGGGGGCGGCGGGGGGCGGCC	46298212	46298511	46298512	46298410	46298442	69	46298486	46298785	46298487	46298744	46298776	9	60
LigP_112055708_112056252	upstream_LG	downstream_LG	32	84.375	214	245	237	268	0.004	CCCCCGCCGCGCCGCCGCCGCCGCCCCCCCGC	CCCCCGCGGCCCCGCCCCCGCGCCCCCCCCGC	112055409	112055708	112055709	112055623	112055654	54	112056252	112056551	112056253	112056489	112056520	31	23
LigP_70553428_70553505	upstream_LG	downstream_LG	36	83.333	58	93	57	92	0.004	CCGGGGCCCGGGGGCCCCGGGGGGGGGCCGGGGGCG	CCGGCGCCCGGGGGGCGGGGGGGGCCGCCGGGGGCG	70553129	70553428	70553429	70553187	70553222	206	70553505	70553804	70553506	70553562	70553597	207	1
LigP_219177882_219177978	upstream_LG	downstream_LG	34	85.294	250	283	122	155	0.000268	GCGCCGGCGCGCGCCCGCCCGCCCGCCGGGGGGG	GCGCCCGCGCGGGCCCGCCCCCCGGCCGGCGGGG	219177583	219177882	219177883	219177833	219177866	16	219177978	219178277	219177979	219178100	219178133	144	128
LigP_207768781_207768856	upstream_LG	downstream_LG	30	93.333	253	282	146	175	4.51e-09	GGCCGCCGCCCCCCCCCCCCCCCCGCCCCC	GGCCGCGGCCCCCCCCCCCCCCCCCCCCCC	207768482	207768781	207768782	207768735	207768764	17	207768856	207769155	207768857	207769002	207769031	124	107
LigP_46298542_46307341	upstream_LG	downstream_LG	47	82.979	61	107	112	158	6.78e-05	CGGCCCCCCCCGGCCCCCCGCCCCGGGGCGGCGCCCGCGCCCCCGCC	CGGCCCCCCCCGGGCCCCGGGCGCGGGGCGGGGGGCGGGCCCCCGCC	46298243	46298542	46298543	46298304	46298350	192	46307341	46307640	46307342	46307453	46307499	141	51
LigP_46298522_46299726	upstream_LG	downstream_LG	35	85.714	10	44	186	220	6.78e-05	GGCCCCCCGGCCGCCCCGCGGCGGGCCGCCGCGGC	GGCCCCCGGGGCGCCCCGCGGGCGGCCCCCGCGGC	46298223	46298522	46298523	46298233	46298267	255	46299726	46300025	46299727	46299912	46299946	79	176
LigP_27118954_27341807	upstream_LG	downstream_LG	33	87.879	74	106	229	261	4.34e-06	GGGGGCCGCGCCCCCGGGGCCCGGGCCGGGGGC	GGGGGCCCCCCCCCCCGGGCCGGGGCCGGGGGC	27118655	27118954	27118955	27118729	27118761	193	27341807	27342106	27341808	27342036	27342068	38	155
LigP_26503761_26505854	upstream_LG	downstream_LG	33	84.848	197	229	175	207	0.001	GCCCCGGGGCGGCCCGCCCCGGGGGGGCCCCCC	GCCCCGGGGCGGGCCGGCCGGGGCGGCCCCCCC	26503462	26503761	26503762	26503659	26503691	70	26505854	26506153	26505855	26506029	26506061	92	22
LigP_113584022_113584173	upstream_LG	downstream_LG	33	84.848	252	284	137	169	0.001	CCCCGGGCCGGCGGGGCCCCGGGGCCGCGCCCG	CCCCGGGCGGCCGGGGCCCGGCGGCGGCGCCCG	113583723	113584022	113584023	113583975	113584007	15	113584173	113584472	113584174	113584310	113584342	130	115
LigP_87076361_87076484	upstream_LG	downstream_LG	39	84.615	50	88	114	152	6.78e-05	CCGGCCCGGGCCCCGCCGGGGCCGCGCCCCGCCCCCCGC	CCGGCCGGGGCCCCGCCCCGCCCCCGCCCCCCCCCCCGC	87076062	87076361	87076362	87076112	87076150	211	87076484	87076783	87076485	87076598	87076636	147	64
LigP_129930911_142750722	upstream_LG	downstream_LG	35	85.714	156	190	146	180	6.78e-05	GCCGCCCCCCCCGGCCCGGCCCCCGCCCGGGGCCC	GCCGCCCCGCCGGGGCCGGCCGCCGGCCGGGGCCC	129930612	129930911	129930912	129930768	129930802	109	142750722	142751021	142750723	142750868	142750902	119	10
LigP_9401840_10922132	upstream_LG	downstream_LG	39	84.615	157	195	2	40	6.78e-05	CCCCGCCGCCGGGCCGGCGGGGCCGGGCGCCCGGGGGGG	CCCCGCCCCCGGGGCCGCGCGGCGGGGCCCCCGGGGGGG	9401541	9401840	9401841	9401698	9401736	104	10922132	10922431	10922133	10922134	10922172	259	155
LigP_130356053_144217363	upstream_LG	downstream_LG	31	87.097	228	258	30	60	6.78e-05	GCCGCCGCGCGCCCCCGCCGGCCGCCGGGGC	GCCGCCGGGCGCCCCCGCCCGGCCCCGGGGC	130355754	130356053	130356054	130355982	130356012	41	144217363	144217662	144217364	144217393	144217423	239	198
LigP_27050297_47807225	upstream_LG	downstream_LG	37	86.486	92	128	8	44	4.34e-06	CCCCCGGGGGCGGGGGGGCCCGCGCCGCGGCCCCGCC	CCCCCCGGGGCGGGCGGCCCCGCGCCCGGGCCCCGCC	27049998	27050297	27050298	27050090	27050126	171	47807225	47807524	47807226	47807233	47807269	255	84
LigP_26503770_26712873	upstream_LG	downstream_LG	29	89.655	115	143	91	119	4.34e-06	CGCCGCCCGCCCCCCCCCCCCGGCCCCGG	CGCCCCCCGCCCCCCGCCCCCCGCCCCGG	26503471	26503770	26503771	26503586	26503614	156	26712873	26713172	26712874	26712964	26712992	180	24
LigP_70871148_70871414	upstream_LG	downstream_LG	38	84.211	101	138	117	154	0.000268	GCGGGGCCGGGGGCCGGGGGGGGGGGGGCGCGCGCCCC	GCGGGGGCGGGGGGGGGGGGGGGGGCGGGGGGCGCCCC	70870849	70871148	70871149	70870950	70870987	161	70871414	70871713	70871415	70871531	70871568	145	16
LigP_60980292_61176958	upstream_LG	downstream_LG	35	82.857	205	239	104	138	0.017	CGGGCCCCGGGCGGCCCCGGGGCCGGCGGCCCCGG	CGGGCCCCCCGCGGCCCCCGGGGGCGCGGCCCCGG	60979993	60980292	60980293	60980198	60980232	60	61176958	61177257	61176959	61177062	61177096	161	101
LigP_10045873_10377548	upstream_LG	downstream_LG	33	84.848	209	241	179	211	0.001	GCGCCGGCCCCCCCCCCCCGGGCGGCCGCCCCC	GCGCCGGGCCCGGCCCCCCGGGGGGGCGCCCCC	10045574	10045873	10045874	10045783	10045815	58	10377548	10377847	10377549	10377727	10377759	88	30
LigP_30146186_30147017	upstream_LG	downstream_LG	30	90.0	52	81	235	264	1.1e-06	CGGCCCCGGGCGCCGGCCCGCGCCCCCGGC	CGGCCCCGCGCGCCCGCCCGCGGCCCCGGC	30145887	30146186	30146187	30145939	30145968	218	30147017	30147316	30147018	30147252	30147281	35	183
LigP_152718049_159711604	upstream_LG	downstream_LG	38	86.842	194	231	178	215	1.1e-06	GGGGGGCGGGGGGGGGGGCCCGGGGGGGGGGGCCCGGC	GGGGGGGGGGGGGGGGGCCGCGGGGCGGGCGGCCCGGC	152717750	152718049	152718050	152717944	152717981	68	159711604	159711903	159711605	159711782	159711819	84	16
LigP_73071134_73071135	upstream_LG	downstream_LG	34	85.294	97	130	203	236	0.000268	CCCGCGCGCCCCGGCCGCGCCCCCCCGGGGCGCC	CCCGCGCCCCCCGGCCCCCCCCGCCCGCGGCGCC	73070835	73071134	73071135	73070932	73070965	169	73071135	73071434	73071136	73071338	73071371	63	106
LigP_152717971_152718254	upstream_LG	downstream_LG	47	82.979	251	297	101	147	6.78e-05	GGGGCGGGGGGGGGGGGGCGGGGGGGGCGGGGGGGGGGGCCCGGGGG	GGGGGGGGCGGGGGGGCGCGCGGGGGGGGGCGGGCGGGGGCCGGGGG	152717672	152717971	152717972	152717923	152717969	2	152718254	152718553	152718255	152718355	152718401	152	150
LigP_72146073_72146032	upstream_LG	downstream_LG	39	89.744	250	288	1	39	1.14e-09	CCCCCCCCGCCCCCGGGCCCGGGGCCCCGGGCCGGGGGG	CCCCCCCGCCCCCCCGGCCCGGGGCCCCGGGCCCGGGGG	72145774	72146073	72146074	72146024	72146062	11	72146032	72146331	72146033	72146033	72146071	260	249
LigP_74515634_74515606	upstream_LG	downstream_LG	30	90.0	23	52	22	51	1.1e-06	CCCCGGGGGGCGGCGGGGGGGGGGCCGCCG	CCCCGGGGGGGGGCGGGGGCGCGGCCGCCG	74515335	74515634	74515635	74515358	74515387	247	74515606	74515905	74515607	74515628	74515657	248	1
LigP_66433429_67211945	upstream_LG	downstream_LG	34	82.353	212	245	78	111	0.065	CGGGCGGGGGCGGCGGGGGCGCGGGCGGGCCGCC	CGGGCGGGCGGGCCGGGGGGGCGCGCCGGCCGCC	66433130	66433429	66433430	66433342	66433375	54	67211945	67212244	67211946	67212023	67212056	188	134
LigP_152350413_152717663	upstream_LG	downstream_LG	47	82.979	211	257	50	96	6.78e-05	GCGGGGCGGCCCCGGGGCGGGGGCCCGGGGGCCCGCCCCCCCGCCCC	GCGGGGCGGCCCGGGCCCGGGGGGCCGGGGCGCCGCCGCCCCCCCCC	152350114	152350413	152350414	152350325	152350371	42	152717663	152717962	152717664	152717713	152717759	203	161
LigP_59921691_219177962	upstream_LG	downstream_LG	34	82.353	17	50	100	133	0.065	CCGGCCCCCGGGGCCGGGGCGGGCCGCGGGCGGC	CCGGGCCCCGGGCCCGGGCCCGGGCCCGGGCGGC	59921392	59921691	59921692	59921409	59921442	249	219177962	219178261	219177963	219178062	219178095	166	83
LigP_74515478_74515544	upstream_LG	downstream_LG	30	93.333	231	260	176	205	4.51e-09	CGGCCCCGCCGCCCGCGCGCGGGGGGGGGG	CGGCCCCGGCGCCCGCGGGCGGGGGGGGGG	74515179	74515478	74515479	74515410	74515439	39	74515544	74515843	74515545	74515720	74515749	94	55
LigP_85602390_85602469	upstream_LG	downstream_LG	30	83.333	63	92	242	271	0.065	CGGGCCCCCGGGCGCCCGGGGCCCGGGCCG	CGGGGCCCGGGGCCCCCGGGGGCGGGGCCG	85602091	85602390	85602391	85602154	85602183	207	85602469	85602768	85602470	85602711	85602740	28	179
LigP_219173573_219177952	upstream_LG	downstream_LG	32	84.375	143	174	92	123	0.004	CGGGCCCGCGCGGGCGCGCCGGCCCCGCCGCC	CGGGCCCGGGCGGCCGGGCCCGCCCCCCCGCC	219173274	219173573	219173574	219173417	219173448	125	219177952	219178251	219177953	219178044	219178075	176	51
LigP_131492201_229771026	upstream_LG	downstream_LG	31	90.323	191	221	144	174	2.78e-07	GCGGGGGCGGGGGCGGGGGCGGCGGGGGCCC	GCGGGGGCGGGGGGGGGCGCGGGGGGGGCCC	131491902	131492201	131492202	131492093	131492123	78	229771026	229771325	229771027	229771170	229771200	125	47
LigP_113277629_113283028	upstream_LG	downstream_LG	34	82.353	196	229	1	34	0.065	CCCCCCCCGCGGCCGGCCGGGCCCCGCCCGCCGC	CCCCCCCCCCGGGCCGGCGGGCGCCGGCCGCCGC	113277330	113277629	113277630	113277526	113277559	70	113283028	113283327	113283029	113283029	113283062	265	195
LigP_241150335_241272050	upstream_LG	downstream_LG	30	93.333	266	295	248	277	4.51e-09	CCCGCCCCGGGGGGGGCGCGGCGCGCGGCC	CCCGCCCCGGCGGGGGCGCCGCGCGCGGCC	241150036	241150335	241150336	241150302	241150331	4	241272050	241272349	241272051	241272298	241272327	22	18
LigP_23069089_42169068	upstream_LG	downstream_LG	32	87.5	144	175	110	141	1.72e-05	CCCGCCGCCGGCCGGCCCCGCGGCGGGCCGGC	CCCGGCGCCCGCCCGCCCCGCGCCGGGCCGGC	23068790	23069089	23069090	23068934	23068965	124	42169068	42169367	42169069	42169178	42169209	158	34
LigP_219558131_219566627	upstream_LG	downstream_LG	35	82.857	36	70	176	210	0.017	GCCCCGGGCCGGCGGGCGCGGGGCCCCGCGCGGGC	GCCCGGGGCCGGCGCCGGCGGGGGCCCGGGCGGGC	219557832	219558131	219558132	219557868	219557902	229	219566627	219566926	219566628	219566803	219566837	89	140
LigP_74515450_74515638	upstream_LG	downstream_LG	31	93.548	149	179	263	293	1.14e-09	CGCCCCCCGCCGGGCCCCCCCGGGGGGCCCC	CGCCCCCCGCCGGGCCCCGCCCGGGGGCCCC	74515151	74515450	74515451	74515300	74515330	120	74515638	74515937	74515639	74515901	74515931	6	114
LigP_26503747_26504877	upstream_LG	downstream_LG	42	85.714	56	97	41	82	1.1e-06	GCCGGGCCCCCGCGCGGGGGGGGGGGGGCCGGGGGCGGCGGG	GCCGGGCCCCCGCGGGGGGGCGCGCGGCCCGGGGGGGGCGGG	26503448	26503747	26503748	26503504	26503545	202	26504877	26505176	26504878	26504918	26504959	217	15
LigP_217988301_218322974	upstream_LG	downstream_LG	40	82.5	154	193	124	163	0.004	CCCCCCCGCCGGGCCCCCCGCCCCCCGGGGCCCGGCCGGG	CCCCCCCCCCGGGCCCGCCCCCCCGCCGCCCCCGGCCGGG	217988002	217988301	217988302	217988156	217988195	106	218322974	218323273	218322975	218323098	218323137	136	30
LigP_21276380_50671500	upstream_LG	downstream_LG	35	82.857	217	251	59	93	0.017	GGCGGGGCGCGGCCGGCCCCCCGGGGCCCGCGCGG	GGCGGCGCGCGCCCGGCCGCGGGGGGCGCGCGCGG	21276081	21276380	21276381	21276298	21276332	48	50671500	50671799	50671501	50671559	50671593	206	158
LigP_151410330_151410380	upstream_LG	downstream_LG	45	93.333	52	96	172	216	1.23e-15	CCCGCCCGCCCCCCGCCCCCCCGCGGCGGGGCGCCCCGCCCCCCG	CCCGGCCGCCCCCCCCCCCCCCGCCGCGGGGCGCCCCGCCCCCCG	151410031	151410330	151410331	151410083	151410127	203	151410380	151410679	151410381	151410552	151410596	83	120
LigP_237689572_237691995	upstream_LG	downstream_LG	46	84.783	45	90	69	114	1.1e-06	GCCCCGCCCCCGGGCCGGGGGCGGCCCCGGGGCCCCCGCCCCGCGG	GCCCCGCCCCCGCCCCGCGGCCCGCCCCGCCGCCCCCGCCCCGCGG	237689273	237689572	237689573	237689318	237689363	209	237691995	237692294	237691996	237692064	237692109	185	24
LigP_218873739_231934468	upstream_LG	downstream_LG	37	83.784	197	233	90	126	0.001	GGCCGGCGCGCCGGCCCCCCCGGCGCGCGCGGCCGCG	GGCCGGGGCCCCCGCCCCCCCGGGGCCCCCGGCCGCG	218873440	218873739	218873740	218873637	218873673	66	231934468	231934767	231934469	231934558	231934594	173	107
LigP_219177864_219177983	upstream_LG	downstream_LG	29	89.655	137	165	136	164	4.34e-06	CCGCCCCCGGCCCCGCGCCCGGGCGGGCC	CCGCCGCCGGCGCCGCGCCCGCGCGGGCC	219177565	219177864	219177865	219177702	219177730	134	219177983	219178282	219177984	219178119	219178147	135	1
LigP_113584022_152142990	upstream_LG	downstream_LG	42	85.714	166	207	247	288	1.1e-06	GCGGGCGGGGGCCGCGCGCGCGCCGGGGGCCCGGGGCGGGCG	GCGGGCGCGGGCCGCGGGCGCGCCCGGCGCCCGCCGCGGGCG	113583723	113584022	113584023	113583889	113583930	92	152142990	152143289	152142991	152143237	152143278	11	81
LigP_85602848_85611341	upstream_LG	downstream_LG	43	83.721	246	288	175	217	6.78e-05	CCCCGCCCGGGGCCGCGGCCCCCGGGCCCCCGCGCCCGCGCCG	CCCCCCCCGGGGCCCCCGCCCCGGCGCCCCCGGGCCCCCGCCG	85602549	85602848	85602849	85602795	85602837	11	85611341	85611640	85611342	85611516	85611558	82	71
LigP_56185031_56194720	upstream_LG	downstream_LG	37	83.784	264	300	192	228	0.001	GCGGGCGGCCCCCCCCCCCCCCCGGCCGGCGCCCCCC	GCGGCCGGGCCCCCCCCCCGGGCGGCCCGCGCCCCCC	56184732	56185031	56185032	56184996	56185032	-1	56194720	56195019	56194721	56194912	56194948	71	72
LigP_46298452_46299690	upstream_LG	downstream_LG	35	85.714	80	114	222	256	6.78e-05	GGCCCCCCGGCCGCCCCGCGGCGGGCCGCCGCGGC	GGCCCCCGGGGCGCCCCGCGGGCGGCCCCCGCGGC	46298153	46298452	46298453	46298233	46298267	185	46299690	46299989	46299691	46299912	46299946	43	142
LigP_113581246_113583722	upstream_LG	downstream_LG	34	82.353	71	104	11	44	0.065	CCCCGGGCGCCCCCGGGGGCCCCCCCCGCGGGCG	CCCCGGCCCCCCCGGGCGGCCCCCGCCCCGGGCG	113580947	113581246	113581247	113581018	113581051	195	113583722	113584021	113583723	113583733	113583766	255	60
LigP_46298516_46298757	upstream_LG	downstream_LG	32	87.5	190	221	125	156	1.72e-05	GGGCGGGCGGGGGGGGGCGGGGGGCGGGGGGC	GGGCGGGGGGGGGGGGGGGGCGGGCGGCGGGC	46298217	46298516	46298517	46298407	46298438	78	46298757	46299056	46298758	46298882	46298913	143	65
LigP_45543609_70871414	upstream_LG	downstream_LG	42	85.714	1	42	126	167	1.1e-06	CGGGGGCGGGGGGGGGGGCGGGCGGGGGGGGGGGCGGGCGGG	CGGGGGCGGGCGGGCGGGGGCGGGGGGGGGGGGGGGGGCGGG	45543310	45543609	45543610	45543311	45543352	257	70871414	70871713	70871415	70871540	70871581	132	125
LigP_219171901_219177984	upstream_LG	downstream_LG	39	84.615	188	226	256	294	6.78e-05	GGGGGGGCGGCCCGCGGGGCGGCGGGGCCGGGGGGCGGG	GGGGGGGCGCCGCGGGGGGCGGCGGGGGCCGCGGGCGGG	219171602	219171901	219171902	219171790	219171828	73	219177984	219178283	219177985	219178240	219178278	5	68
LigP_201071418_219177979	upstream_LG	downstream_LG	33	84.848	221	253	4	36	0.001	CGGCGCCGCCGCGGCCCCCGCGCCCCGGGCGGG	CGGCGCCGCCCCGGCGCCCCCGCGCGGGGCGGG	201071119	201071418	201071419	201071340	201071372	46	219177979	219178278	219177980	219177983	219178015	263	217
LigP_46298559_46299434	upstream_LG	downstream_LG	36	83.333	263	298	47	82	0.004	GGCCCGCCCCCCCGCGCCGCGCCCCGGCCCCGGGGG	GGCCGGCCCCCGCGGGGCGCGCCGGGGCCCCGGGGG	46298260	46298559	46298560	46298523	46298558	1	46299434	46299733	46299435	46299481	46299516	217	216
LigP_73071208_73071732	upstream_LG	downstream_LG	33	84.848	7	39	60	92	0.001	GCGGCGCGGCGCCCCCCCCGCGCGCCCCGGCCG	GCGGCGCCCCGCGCCCCCCGCCCGCCGCGGCCG	73070909	73071208	73071209	73070916	73070948	260	73071732	73072031	73071733	73071792	73071824	207	53
LigP_158891033_161568661	upstream_LG	downstream_LG	45	84.444	150	194	170	214	4.34e-06	CGGCCGCGGGGGGGCGGCGCCCCCCGGCCCCCCGGCGCCCGGGCC	CGGCCGCCGGCGGGGGGGGCCCCCCGGCCCCGCGGGGCCGGGGCC	158890734	158891033	158891034	158890884	158890928	105	161568661	161568960	161568662	161568831	161568875	85	20
LigP_27050212_27050202	upstream_LG	downstream_LG	36	86.111	195	230	143	178	1.72e-05	CCCGCGCCGCGGCCCCGCCGCCCCCCCCCGGCGCGC	CCCGCCCCGCGCCCCCCCCGGCCCCCCCGGGCGCGC	27049913	27050212	27050213	27050108	27050143	69	27050202	27050501	27050203	27050345	27050380	121	52
LigP_74515402_74515598	upstream_LG	downstream_LG	30	90.0	255	284	30	59	1.1e-06	CCCCGGGGGGCGGCGGGGGGGGGGCCGCCG	CCCCGGGGGGGGGCGGGGGCGCGGCCGCCG	74515103	74515402	74515403	74515358	74515387	15	74515598	74515897	74515599	74515628	74515657	240	225
LigP_43071426_43155167	upstream_LG	downstream_LG	39	84.615	112	150	156	194	6.78e-05	CGGGGGCCCGGGGGCCGGGCCCCCCCCCCCCGCGGCCCC	CGGGCGCCCGGGGGCCGGGGGCGGCCCCCCCGCCGCCCC	43071127	43071426	43071427	43071239	43071277	149	43155167	43155466	43155168	43155323	43155361	105	44
LigP_74505688_74515616	upstream_LG	downstream_LG	35	85.714	264	298	3	37	6.78e-05	GGGGGGGGGGGGGGGCGGGGCGCGCGGGGGGGGGG	GGGGGGGGGCGGGGGCGCGGCCGCCGGGGGGGGGG	74505389	74505688	74505689	74505653	74505687	1	74515616	74515915	74515617	74515619	74515653	262	261
LigP_72143425_143643147	upstream_LG	downstream_LG	29	93.103	13	41	268	296	1.78e-08	CCCGGCGGGGGGGGGCGGGGCGGGGGGGG	CCCGGCGGGGGGGGGCGGGCGGGGGGGGG	72143126	72143425	72143426	72143139	72143167	258	143643147	143643446	143643148	143643415	143643443	3	255
LigP_231961899_240257290	upstream_LG	downstream_LG	32	87.5	159	190	210	241	1.72e-05	GGGGGGCGGCGGGGCCCCCGCCCGCCCGCCCC	GGGGGGCGGCCGGGCCCGCGGGCGCCCGCCCC	231961600	231961899	231961900	231961759	231961790	109	240257290	240257589	240257291	240257500	240257531	58	51
LigP_156436150_156437639	upstream_LG	downstream_LG	40	85.0	27	66	92	131	1.72e-05	CGCGGGCGGGGGCGCGGGGGGCCGGGCGCCGCCGCCGCCC	CGCGGGGGGGGGGGGGGGGGGCGGGGCCCCGGCGCCGCCC	156435851	156436150	156436151	156435878	156435917	233	156437639	156437938	156437640	156437731	156437770	168	65
LigP_72887357_170512125	upstream_LG	downstream_LG	37	83.784	257	293	46	82	0.001	GGCCCCCGCCCCGCCCCGGCGGGGCGGCCCCGCCGGC	GGCCCCCGCCCCCGCCGCGCGGGGCGGGCCCGGCGGC	72887058	72887357	72887358	72887315	72887351	6	170512125	170512424	170512126	170512171	170512207	217	211
LigP_1586892_1611097	upstream_LG	downstream_LG	33	84.848	249	281	55	87	0.001	GCGGCCGGGGGGGCCCCCCGGCCCGCCGGCCCC	GCGGCCGGGGGCCCCCCCCGCCCGGCGGGCCCC	1586593	1586892	1586893	1586842	1586874	18	1611097	1611396	1611098	1611152	1611184	212	194
LigP_66231384_66433049	upstream_LG	downstream_LG	29	82.759	18	46	156	184	0.26	GGGGGCCCGGGGGCCCCGGGGGGGCCGGG	GGGGGCCGGGGGCCCCGGGGCGCGCCGGG	66231085	66231384	66231385	66231103	66231131	253	66433049	66433348	66433050	66433205	66433233	115	138
LigP_111123145_111478608	upstream_LG	downstream_LG	33	93.939	103	135	140	172	7.31e-11	CGGGGGGGGGGCCCGCGGGGCGGGGGCGGCGCG	CGGGGGGGGCGCCCGCGGGGCGCGGGCGGCGCG	111122846	111123145	111123146	111122949	111122981	164	111478608	111478907	111478609	111478748	111478780	127	37
LigP_108538377_113583723	upstream_LG	downstream_LG	30	83.333	2	31	117	146	0.065	CGCCCCGGGCCGCGGCCCCCCGCCCGCGGG	CGCCCCCGCCCGCGCCCCCCGCCCCGCGGG	108538078	108538377	108538378	108538080	108538109	268	113583723	113584022	113583724	113583840	113583869	153	115
LigP_72887358_72966450	upstream_LG	downstream_LG	34	85.294	34	67	242	275	0.000268	GGGCGCGCGCCCCGGCCGGGGGCCGGGCCCGCGG	GGGCGGGCCCCCCGGGCGGGGCGCGGGCCCGCGG	72887059	72887358	72887359	72887093	72887126	232	72966450	72966749	72966451	72966692	72966725	24	208
LigP_113554957_113583718	upstream_LG	downstream_LG	36	86.111	235	270	80	115	1.72e-05	CCCCGGGGCCCCCCCCGGCGCCCCGCCCCCGCCCCC	CCCCGGGCCCCCGCCCCCCGCCCCGCCGCCGCCCCC	113554658	113554957	113554958	113554893	113554928	29	113583718	113584017	113583719	113583798	113583833	184	155
LigP_112740557_112919073	upstream_LG	downstream_LG	34	82.353	85	118	33	66	0.065	GCCCCGGGGGGCGGCGCCGGCGCCCCGGCGCGGC	GCCCCGGCGGGGGGGGCCGGCCCCGGGGCGCGGC	112740258	112740557	112740558	112740343	112740376	181	112919073	112919372	112919074	112919106	112919139	233	52
LigP_113584039_113626852	upstream_LG	downstream_LG	36	83.333	27	62	1	36	0.004	CCGGCGGGCGGCCCGGCCCCGGGCCCGGGGGGGGGG	CCGGCGGGCGCGCCGCCCGCGCGCCCGCGGGGGGGG	113583740	113584039	113584040	113583767	113583802	237	113626852	113627151	113626853	113626853	113626888	263	26
LigP_69829665_70938123	upstream_LG	downstream_LG	35	88.571	7	41	151	185	2.78e-07	CCGCCGGCCCGGCGCGGGCCCGCGGGCGCCGGGGG	CCGCCGGCCCCGCGCCCGCCCGCGGGCCCCGGGGG	69829366	69829665	69829666	69829373	69829407	258	70938123	70938422	70938124	70938274	70938308	114	144
LigP_113584017_113584324	upstream_LG	downstream_LG	34	82.353	115	148	136	169	0.065	GGGGGGGCCCGCGGGGCGGGGGGCGCGGGCGGGG	GGGGGGGCGCGGGGGCGGGGGGGCGGGGCCGGGG	113583718	113584017	113584018	113583833	113583866	151	113584324	113584623	113584325	113584460	113584493	130	21
LigP_219492987_219492938	upstream_LG	downstream_LG	33	84.848	267	299	17	49	0.001	GGCCCGGGCCCGGCGCCGCCCCGGGCCGGGGCC	GGCCCCGGCCCGGGGCGGCGCCGGGCCCGGGCC	219492688	219492987	219492988	219492955	219492987	0	219492938	219493237	219492939	219492955	219492987	250	250
LigP_64394494_64400287	upstream_LG	downstream_LG	30	93.333	231	260	257	286	4.51e-09	GGGGGCCGGGGGGCCCGGCGCCGCGCCGCG	GGGGGCCCCGGGGCCCGGCGCCGCGCCGCG	64394195	64394494	64394495	64394426	64394455	39	64400287	64400586	64400288	64400544	64400573	13	26
LigP_85602855_130183891	upstream_LG	downstream_LG	30	90.0	3	32	111	140	1.1e-06	CCGGGCGGCCCCCGGGGGCCCGGGGGGGGG	CCGGGCGGCCCCCGCGGGGGCGGGGGGGGG	85602556	85602855	85602856	85602559	85602588	267	130183891	130184190	130183892	130184002	130184031	159	108
LigP_74515977_181566835	upstream_LG	downstream_LG	39	84.615	198	236	231	269	6.78e-05	GGCGCGGCGCGGGCGGGGGCGGGCCGGGGCCCCCGGGCG	GGCGCGGCGCCGCCGGGCGCGGGGCGGCCCCCCCGGGCG	74515678	74515977	74515978	74515876	74515914	63	181566835	181567134	181566836	181567066	181567104	30	33
LigP_219160084_219177969	upstream_LG	downstream_LG	29	82.759	209	237	73	101	0.26	CCGGGCGCCGGGCCCCGGCCGCCCGCCCC	CCGGGCGGCCGGGCCCGCCCCCCCGCCCC	219159785	219160084	219160085	219159994	219160022	62	219177969	219178268	219177970	219178042	219178070	198	136
LigP_2232315_67502586	upstream_LG	downstream_LG	32	84.375	41	72	55	86	0.004	GCCCCCCCCGCGGGCGCCCCCGCGGCGGGGGG	GCCCCCCGCGCGGCCGCCCGGGCGGGGGGGGG	2232016	2232315	2232316	2232057	2232088	227	67502586	67502885	67502587	67502641	67502672	213	14
LigP_43154950_43155200	upstream_LG	downstream_LG	48	81.25	27	74	245	292	0.004	GCGGGCGGGGGGGCGGGCGCCCGGGGCGGGGGCGGGCGGGGGCCGGGG	GCGGCCGGGGGGGGGGCCGGCGGGGGGGGGGCGGGGCGGGGGGCGGGG	43154651	43154950	43154951	43154678	43154725	225	43155200	43155499	43155201	43155445	43155492	7	218
LigP_205056153_205061573	upstream_LG	downstream_LG	36	86.111	238	273	181	216	1.72e-05	GGGGGGGCCGGCGGGGGCCCGCCCCGGGGGGGGGCG	GGGGGGGCCCGCGGGGGCCCCCGCGGGCGGGGGGCG	205055854	205056153	205056154	205056092	205056127	26	205061573	205061872	205061574	205061754	205061789	83	57
LigP_96024861_96486058	upstream_LG	downstream_LG	30	83.333	198	227	146	175	0.065	GCCGCGCCCCCCGCCCCCCGGCGCCCGGGG	GCCGGGCCCCGCCCCCCCGGGGGCCCGGGG	96024562	96024861	96024862	96024760	96024789	72	96486058	96486357	96486059	96486204	96486233	124	52
LigP_176079807_176079805	upstream_LG	downstream_LG	29	86.207	134	162	80	108	0.001	CCCCCGGGGCGGCCCCCCCCCCGCCCCCG	CCCCCGGGCCGCCCCCGCCCCCGCGCCCG	176079508	176079807	176079808	176079642	176079670	137	176079805	176080104	176079806	176079885	176079913	191	54
LigP_89646775_91720662	upstream_LG	downstream_LG	46	84.783	57	102	134	179	1.1e-06	GGGGGCGCGCCCGGGGCCGCGGGGGCGGGCCGGCGCCCCCCCGGCC	GGGGGCGCCCCCGGCGCCGCGGGCCCGGCCCGGCGCGCGCCCGGCC	89646476	89646775	89646776	89646533	89646578	197	91720662	91720961	91720663	91720796	91720841	120	77
LigP_27050241_27082183	upstream_LG	downstream_LG	29	89.655	162	190	203	231	4.34e-06	GGGGCCCGCGCCGCGGCCCCGCCGCCCCC	GGGGCCGGGGCCGGGGCCCCGCCGCCCCC	27049942	27050241	27050242	27050104	27050132	109	27082183	27082482	27082184	27082386	27082414	68	41
LigP_74515960_74528721	upstream_LG	downstream_LG	37	81.081	84	120	20	56	0.26	GGCCGGGGCGGCGCCCCCCGCGCCGGGGGCGCCCGGC	GGCCGGGGGGGGCCCCCGCGCCCCGGGCGGGCCCGGC	74515661	74515960	74515961	74515745	74515781	179	74528721	74529020	74528722	74528741	74528777	243	64
LigP_11344852_11345021	upstream_LG	downstream_LG	29	89.655	245	273	260	288	4.34e-06	GCCCCCCCCCCGCCCGCCCCCGCCCCCCC	GCCCCCCCCCGGCGCCCCCCCGCCCCCCC	11344553	11344852	11344853	11344798	11344826	26	11345021	11345320	11345022	11345281	11345309	11	15
LigP_239694716_239695449	upstream_LG	downstream_LG	38	89.474	193	230	185	222	4.51e-09	GGCCGGCGCGGCCGGGGCCCGGCCCGGGCCCCGGGGCC	GGCCGGCGGGGCGGGGGCCCCGCCCGGGGCCCGGGGCC	239694417	239694716	239694717	239694610	239694647	69	239695449	239695748	239695450	239695634	239695671	77	8
LigP_219160808_219177923	upstream_LG	downstream_LG	37	86.486	64	100	162	198	4.34e-06	GCCCGCCCCCCCCCCGGGGGCCCGCCCCGGGCCCCGG	GCCCGCCCCCCGGCCGGCGGGGCGCCCCGGGCCCCGG	219160509	219160808	219160809	219160573	219160609	199	219177923	219178222	219177924	219178085	219178121	101	98
LigP_119220407_119226373	upstream_LG	downstream_LG	35	85.714	211	245	241	275	6.78e-05	GCGGGCCGCGGGGGGCGGGGCCCGCGGGGCCCGGC	GCGGGCGGGGGGGGGGGGGGCCCCCGCGGCCCGGC	119220108	119220407	119220408	119220319	119220353	54	119226373	119226672	119226374	119226614	119226648	24	30
LigP_61066421_222308041	upstream_LG	downstream_LG	30	86.667	23	52	151	180	0.000268	CCGCCCGCCCGGGCGCCCCCGGGCGCCCCC	CCGCCCCCGCGGCCGCCCCGGGGCGCCCCC	61066122	61066421	61066422	61066145	61066174	247	222308041	222308340	222308042	222308192	222308221	119	128
LigP_237967414_238060284	upstream_LG	downstream_LG	56	82.143	172	227	33	88	1.72e-05	GGGCGCGGGGCCGGGCGGCGCGGGCGGGGGGGGGCCGCGGGCCGCGGGCCGCGGGC	GGGCGGGGGGCGGGGGGGCGCCGGGGGGGCGGGGCCGGGGGCGGGGGGCCCCGGGC	237967115	237967414	237967415	237967287	237967342	72	238060284	238060583	238060285	238060317	238060372	211	139
LigP_61905679_71458257	upstream_LG	downstream_LG	32	87.5	104	135	214	245	1.72e-05	CGCCCCCGCGGGGGCGCCCCGGGGGGGCGGGC	CGCCCCGGGGGGGGCGGCCGGGGGGGGCGGGC	61905380	61905679	61905680	61905484	61905515	164	71458257	71458556	71458258	71458471	71458502	54	110
LigP_74515474_74515591	upstream_LG	downstream_LG	30	93.333	235	264	129	158	4.51e-09	CGGCCCCGCCGCCCGCGCGCGGGGGGGGGG	CGGCCCCGGCGCCCGCGGGCGGGGGGGGGG	74515175	74515474	74515475	74515410	74515439	35	74515591	74515890	74515592	74515720	74515749	141	106
LigP_74515961_74516418	upstream_LG	downstream_LG	30	86.667	103	132	92	121	0.000268	CGCCGGGGGCGCCCGGCCCCCGCGGGGGGG	CGCCGGGGGGCCCCGGGCCCCCCGGGGGGG	74515662	74515961	74515962	74515765	74515794	167	74516418	74516717	74516419	74516510	74516539	178	11
LigP_70871713_208243589	upstream_LG	downstream_LG	52	84.615	135	186	6	57	7.04e-08	CCCCCCCCCCCCGCCCCCGCCCGCCCGCCCCCGGGCCCCGGGGGGCCGCGGC	CCCCCCCCCCCCCCCCCCCCCCGCCGGCCCCCCCCCCGCGGGGGGCGGCGGC	70871414	70871713	70871714	70871549	70871600	113	208243589	208243888	208243590	208243595	208243646	242	129
LigP_219014257_219177980	upstream_LG	downstream_LG	31	83.871	81	111	245	275	0.017	GGGGGCCCCGGGGGGGGGGCGCGGGGCCGCG	GGGGGCCGCGGGCGGGCGCCGCGCGGCCGCG	219013958	219014257	219014258	219014039	219014069	188	219177980	219178279	219177981	219178225	219178255	24	164
LigP_232303321_232315789	upstream_LG	downstream_LG	41	87.805	166	206	254	294	1.78e-08	CCGCCGGGGGCGGGCCCCCCGCCCGCGGGCCGCGGGGCGCG	CCGCCGGGGGCGGGGCCCCCGGCCCCGGGCGGCGGGCCGCG	232303022	232303321	232303322	232303188	232303228	93	232315789	232316088	232315790	232316043	232316083	5	88
LigP_53859982_86105904	upstream_LG	downstream_LG	31	83.871	73	103	126	156	0.017	CGCCCCGCCGGCCCCCGGGGGCCGCCCCCGG	CGCCCGGCCCGCCCCGGGGGGGCCCCCCCGG	53859683	53859982	53859983	53859756	53859786	196	86105904	86106203	86105905	86106030	86106060	143	53
LigP_42169582_42170145	upstream_LG	downstream_LG	42	85.714	166	207	68	109	1.1e-06	CCCGCCGCCCCGGGGCGGGCGGGCGGGCGGCGGGGGCGGGGG	CCCGCCGCCGCGGGGCGCCCGGGGGGGCGGGGGGGCCGGGGG	42169283	42169582	42169583	42169449	42169490	92	42170145	42170444	42170146	42170213	42170254	190	98
LigP_43226585_43392144	upstream_LG	downstream_LG	31	83.871	60	90	194	224	0.017	CGGGCCGGGGGGCCGGGGGGGGCCCCCGGGG	CGGGCGGGGGGGCGGGCGGGCGCCCGCGGGG	43226286	43226585	43226586	43226346	43226376	209	43392144	43392443	43392145	43392338	43392368	75	134
LigP_158968002_164831862	upstream_LG	downstream_LG	36	86.111	94	129	139	174	1.72e-05	CGGGGCGCCCCGGGGGCCCGGGGGCCCGGCCCGCCG	CGGGGCGCGCCGGGGGGGCGGGGGGCCGGGCCGCCG	158967703	158968002	158968003	158967797	158967832	170	164831862	164832161	164831863	164832001	164832036	125	45
LigP_97689113_202871424	upstream_LG	downstream_LG	31	87.097	140	170	242	272	6.78e-05	GGCGGCGGCCGGGCCCGCCGCGGGGGCGGGC	GGCGGCGGCCGGGGCGGGCGCCGGGGCGGGC	97688814	97689113	97689114	97688954	97688984	129	202871424	202871723	202871425	202871666	202871696	27	102
LigP_73071105_73071230	upstream_LG	downstream_LG	34	85.294	126	159	108	141	0.000268	CCCGCGCGCCCCGGCCGCGCCCCCCCGGGGCGCC	CCCGCGCCCCCCGGCCCCCCCCGCCCGCGGCGCC	73070806	73071105	73071106	73070932	73070965	140	73071230	73071529	73071231	73071338	73071371	158	18
LigP_27495166_27496312	upstream_LG	downstream_LG	34	82.353	15	48	20	53	0.065	CGCCGGCCCCCGCGGCCGGCCGGGCCCCGGGGGG	CGCCGGGCGCCGCGGCGGGGGGGGCCCCGCGGGG	27494867	27495166	27495167	27494882	27494915	251	27496312	27496611	27496313	27496332	27496365	246	5
LigP_27057503_27306658	upstream_LG	downstream_LG	32	84.375	257	288	49	80	0.004	GGGGGGGGGGGGGGGCCCCGCGGCCCGGGGGG	GGGGGGGGGGCGCGCCCCCCCGCCCCGGGGGG	27057204	27057503	27057504	27057461	27057492	11	27306658	27306957	27306659	27306707	27306738	219	208
LigP_28870575_28922032	upstream_LG	downstream_LG	47	85.106	46	92	227	273	2.78e-07	GGCGCGGCCCCCCCCCCCCCGGCCGCGCGCGCGGCGCGGCGGCCCGG	GGCGCCGCCGCCCCCGCCCCGGCCGCGGGGGCGGCGGGGGGGCCCGG	28870276	28870575	28870576	28870322	28870368	207	28922032	28922331	28922033	28922259	28922305	26	181
LigP_43155484_43157865	upstream_LG	downstream_LG	37	86.486	94	130	237	273	4.34e-06	CGGCCGGCCGGGGCCCGCCGGGCGGCCCCCGGGCCGG	CGGCCGGCGGGGGCCCGGGGGGGGGGCCCCGGGCCGG	43155185	43155484	43155485	43155279	43155315	169	43157865	43158164	43157866	43158102	43158138	26	143
LigP_1083529_192659708	upstream_LG	downstream_LG	31	83.871	126	156	162	192	0.017	CGCGGGCGGGCCGGGCCCCCGCCGGCCGGGC	CGCGGGCGGGCGCGCCCGCCGCCGGGCGGGC	1083230	1083529	1083530	1083356	1083386	143	192659708	192660007	192659709	192659870	192659900	107	36
LigP_46298513_46404330	upstream_LG	downstream_LG	30	83.333	11	40	84	113	0.065	CCCCCGGGGGCCCCCCGGCCGCCCCGCGGC	CCCCCGGGGCCCCGGCCGCCGCCCGGCGGC	46298214	46298513	46298514	46298225	46298254	259	46404330	46404629	46404331	46404414	46404443	186	73
LigP_42169419_44168364	upstream_LG	downstream_LG	34	85.294	236	269	264	297	0.000268	GGCGCCCGCGGCCGCCGCCCGGGGGGGGGGCCGG	GGCGCCGGCGGCCGCCCCCGGCGGGCGGGGCCGG	42169120	42169419	42169420	42169356	42169389	30	44168364	44168663	44168365	44168628	44168661	2	28
LigP_219558025_219702565	upstream_LG	downstream_LG	33	87.879	111	143	173	205	4.34e-06	GGCGGGGCCGGGGCCCGGGGCCCCGGGGGCCGC	GGCGGGGGGGGGGCCCGGGGGGCCGGGGGCCGC	219557726	219558025	219558026	219557837	219557869	156	219702565	219702864	219702566	219702738	219702770	94	62
LigP_236686212_236687668	upstream_LG	downstream_LG	31	90.323	231	261	21	51	2.78e-07	CCGCCGGGGCCCCCGCCCGGGCGCCCGCGGG	CCGCCCGGGGCCCCGCCCGGGCGCCGGCGGG	236685913	236686212	236686213	236686144	236686174	38	236687668	236687967	236687669	236687689	236687719	248	210
LigP_72956126_113583717	upstream_LG	downstream_LG	48	81.25	100	147	87	134	0.004	CCGCCGCGCGGCCCCCGCCCCGGGCCCGCCGCGGCCCGCGCCGCCGCC	CCGCCCCGCGGGCCCCCCCCCCGGGCCCCCGCCCCCCGCCCCGCCGCC	72955827	72956126	72956127	72955927	72955974	152	113583717	113584016	113583718	113583804	113583851	165	13
LigP_61066461_65056494	upstream_LG	downstream_LG	31	83.871	4	34	32	62	0.017	GGCGCCCCCGCGCGCGGCCCCGGCCGGCCGC	GGCGCCCGCGCGCGGGGCGCCGCCCGCCCGC	61066162	61066461	61066462	61066166	61066196	265	65056494	65056793	65056495	65056526	65056556	237	28
LigP_43218486_43224125	upstream_LG	downstream_LG	29	86.207	143	171	181	209	0.001	GCCCCCCGGGGCCGCGGCCGGGGGGCGCC	GCCCCCGGCGGCCGGGGCGGGGGGGCGCC	43218187	43218486	43218487	43218330	43218358	128	43224125	43224424	43224126	43224306	43224334	90	38
LigP_24793647_36774687	upstream_LG	downstream_LG	33	81.818	1	33	245	277	0.26	CCGGGGGGCCGGGCCCGCCCCCCGGCGCGCCCC	CCGGCGGGCCGCCCCCCCCCCCCGCCCCGCCCC	24793348	24793647	24793648	24793349	24793381	266	36774687	36774986	36774688	36774932	36774964	22	244
LigP_217714102_234512209	upstream_LG	downstream_LG	36	83.333	25	60	136	171	0.004	CCGCCCCGCCCCCGGGCGGCGCGGGCCCCCCCCGGC	CCGCCCCGGCCCGGGGGGCCGCGCCCCCCCCCCGGC	217713803	217714102	217714103	217713828	217713863	239	234512209	234512508	234512210	234512345	234512380	128	111
LigP_160493134_163708439	upstream_LG	downstream_LG	44	84.091	154	197	70	113	1.72e-05	GCGCCGCCCGGCCCCGCGGCCCCCCCCGCCGGCCGGGCCGGGGG	GCGCCGCCCCGCCCCGGCGGCCCCGCCGCCGCCCGGCCCGGGGG	160492835	160493134	160493135	160492989	160493032	102	163708439	163708738	163708440	163708509	163708552	186	84
LigP_112055758_112155554	upstream_LG	downstream_LG	45	84.444	147	191	215	259	4.34e-06	GCCGCCCGGCGGCCGGGCCCCCGCCGCGCCGCCGCCGCCGCCCCC	GCCGCCGGGCGGCCGGGCGCCCCCGGCCCCGGCGCCGCCGGCCCC	112055459	112055758	112055759	112055606	112055650	108	112155554	112155853	112155555	112155769	112155813	40	68
LigP_97664373_130202456	upstream_LG	downstream_LG	37	89.189	165	201	176	212	1.78e-08	GGGGGGCGCGGGCGGCGGGGGGCGGGGCCGGGCCGGC	GGGGGGCGCCCGCGGCGGGGGGCCGGGCCCGGCCGGC	97664074	97664373	97664374	97664239	97664275	98	130202456	130202755	130202457	130202632	130202668	87	11
LigP_95034941_96502778	upstream_LG	downstream_LG	29	82.759	182	210	149	177	0.26	GCCCCCCCCGCCGGGGGGCCCGCCCCCCC	GCCCCCCCGGCCCCGGGGGCCCCCCCCCC	95034642	95034941	95034942	95034824	95034852	89	96502778	96503077	96502779	96502927	96502955	122	33
LigP_217474868_217478058	upstream_LG	downstream_LG	29	86.207	177	205	250	278	0.001	GCCCCGGGGGCCCGCCCCCGGGGCGGGGG	GCCCCGCGCGCCCGGCCCGGGGGCGGGGG	217474569	217474868	217474869	217474746	217474774	94	217478058	217478357	217478059	217478308	217478336	21	73
LigP_112879791_112880650	upstream_LG	downstream_LG	36	86.111	167	202	53	88	1.72e-05	GCCCCGCCGCGGGCGGGCGGGCGGGCGCCCCCCCCC	GCCCCGCCCCGGGCGCGGGGGGCGGCGCCCCCCCCC	112879492	112879791	112879792	112879659	112879694	97	112880650	112880949	112880651	112880703	112880738	211	114
LigP_26503833_124510591	upstream_LG	downstream_LG	29	82.759	212	240	232	260	0.26	GCGGGGCCCGCGCGGCGCCCGCCCCGCCC	GCGGGGCCCCCGGGGGGCGCCCCCCGCCC	26503534	26503833	26503834	26503746	26503774	59	124510591	124510890	124510592	124510823	124510851	39	20
LigP_219177828_219177975	upstream_LG	downstream_LG	29	89.655	173	201	144	172	4.34e-06	CCGCCCCCGGCCCCGCGCCCGGGCGGGCC	CCGCCGCCGGCGCCGCGCCCGCGCGGGCC	219177529	219177828	219177829	219177702	219177730	98	219177975	219178274	219177976	219178119	219178147	127	29
LigP_27050241_27050466	upstream_LG	downstream_LG	33	87.879	135	167	181	213	4.34e-06	GGGCCCGCGGGCGCCCCCGGGGGCGGGGGGGCC	GGGCCCGCGGGGCCCCGCGGGGCCGGGGGGGCC	27049942	27050241	27050242	27050077	27050109	132	27050466	27050765	27050467	27050647	27050679	86	46
LigP_113584017_113890505	upstream_LG	downstream_LG	32	87.5	213	244	8	39	1.72e-05	CGGGCCCCGCGCCCGGGCCCGCGGCCCGGCCC	CGGGCCCCGGGCCCGCGCCCCCGCCCCGGCCC	113583718	113584017	113584018	113583931	113583962	55	113890505	113890804	113890506	113890513	113890544	260	205
LigP_27050238_27079798	upstream_LG	downstream_LG	47	82.979	138	184	207	253	6.78e-05	GGGCCCGCGGGCGCCCCCGGGGGCGGGGGGGCCCGCGCCGCGGCCCC	GGGCCCCCGGGGGCCGGCGGGGGCGGGGGCCCCGGCGCCGCCGCCCC	27049939	27050238	27050239	27050077	27050123	115	27079798	27080097	27079799	27080005	27080051	46	69
LigP_217826902_219224193	upstream_LG	downstream_LG	32	87.5	238	269	246	277	1.72e-05	GCCCCCCCGGCCCGGCGCCGCCGGCCCCCCGC	GCCCCCCCGCCCCCGCGCGGCGGGCCCCCCGC	217826603	217826902	217826903	217826841	217826872	30	219224193	219224492	219224194	219224439	219224470	22	8
