LigP_ID	query_ID	subject_ID	length	perc_id	q_start	q_end	s_start	s_end	evalue	q_seq	s_seq	start_harbor	end_harbor	end_LG1	start_homolog1	end_homolog1	LG1_distance	start_harbor2	end_harbor2	end_LG2	start_homolog2	end_homolog2	LG2_distance	Ligshift
LigP_138434619_138615860	upstream_LG	downstream_LG	30	86.667	120	149	225	254	0.000268	GCGCGCGCCCCCGGCCGGCGCCCGCGCCGC	GCGCGCCCCCCCGGGCGCCGCCCCCGCCGC	138434320	138434619	138434620	138434440	138434469	150	138615860	138616159	138615861	138616085	138616114	45	105
LigP_51969985_52039101	upstream_LG	downstream_LG	35	91.429	208	242	164	198	1.14e-09	GCCCCCCCCCGCCCCCGGCGGGGGCGCCCCGGCCC	GCCCCGCCCCCCCCCCGGCGGGGGGGCCCCGGCCC	51969686	51969985	51969986	51969894	51969928	57	52039101	52039400	52039102	52039265	52039299	101	44
LigP_49686785_49689164	upstream_LG	downstream_LG	29	82.759	137	165	237	265	0.26	CCGGGCCGCGCCCCCCCCCGGGGCCCCCG	CCGGGCCCCGGCCCCGCCGGGGGGCCCCG	49686486	49686785	49686786	49686623	49686651	134	49689164	49689463	49689165	49689401	49689429	34	100
LigP_108091340_108182435	upstream_LG	downstream_LG	31	90.323	204	234	242	272	2.78e-07	CCGGGCCGCGCCCCGCCGCGCCCGCCCGCCC	CCGGGCCGCCCCCCCCGGCGCCCGCCCGCCC	108091041	108091340	108091341	108091245	108091275	65	108182435	108182734	108182436	108182677	108182707	27	38
LigP_49171721_49671363	upstream_LG	downstream_LG	31	87.097	11	41	264	294	6.78e-05	CCCGCCCGCCCGCCCGCGCGCGGCCGCGGGC	CCCGCCCGCCCCCCCCCCCCCGGCCGCGGGC	49171422	49171721	49171722	49171433	49171463	258	49671363	49671662	49671364	49671627	49671657	5	253
LigP_127589936_127589910	upstream_LG	downstream_LG	39	87.179	95	133	32	70	2.78e-07	GGGCCGCGCCCGGGCGCCCGCCGCCCCCCGCCCCGGGGG	GGGCCGCGCCGGGGCCCCCGCCCCCCCCGGGCCCGGGGG	127589637	127589936	127589937	127589732	127589770	166	127589910	127590209	127589911	127589942	127589980	229	63
LigP_108091307_108091865	upstream_LG	downstream_LG	39	82.051	167	205	79	117	0.017	GCCCGGGGCCCGCCCGCCCGCCCCGCGGGGGCCGGGCGC	GCCCCGGGCCCGCCCCCCGGGCGCGCCGGGCCCGGGCGC	108091008	108091307	108091308	108091175	108091213	94	108091865	108092164	108091866	108091944	108091982	182	88
LigP_108091370_108096161	upstream_LG	downstream_LG	37	86.486	16	52	60	96	4.34e-06	CCCGCCCGCGGGGGCCGCGCGCGCGCGCCCGGCCCCG	CCCGCCCGCCGGGCGCGGGCGCGCCCGCCCGGCCCCG	108091071	108091370	108091371	108091087	108091123	247	108096161	108096460	108096162	108096221	108096257	203	44
LigP_108091275_108522090	upstream_LG	downstream_LG	38	86.842	64	101	48	85	1.1e-06	CGCGCGCGCGCGCCCCCGCCGCCCCCCGCCCGCCCCCC	CGCGCGCGCCCCCCGCCGCCCCCCGCCGCCCGCCCCCC	108090976	108091275	108091276	108091040	108091077	198	108522090	108522389	108522091	108522138	108522175	214	16
LigP_108091315_108096309	upstream_LG	downstream_LG	46	82.609	63	108	181	226	0.000268	GCCCGCCCCCCGCCCGCGGGGGCCGCGCGCGCGCGCCCGGCCCCGC	GCCCCCCCCCCGCCCCCCCGGGCCGGGCCCGCCCCCCCGGCCCCGC	108091016	108091315	108091316	108091079	108091124	191	108096309	108096608	108096310	108096490	108096535	73	118
LigP_9917201_9917686	upstream_LG	downstream_LG	30	86.667	212	241	205	234	0.000268	CGCGCCGGGGGCGGGGGGGGGGCCGGGGCC	CGCGCGGGGGGGCGGGCGGGGGCCGGGGCC	9916902	9917201	9917202	9917114	9917143	58	9917686	9917985	9917687	9917891	9917920	65	7
LigP_49171622_49174216	upstream_LG	downstream_LG	34	91.176	6	39	20	53	4.51e-09	CCGCCCCCCGCCGCGCGCGCGCCGCGCCGCCCGC	CCGCCCCCCCCGGGGCGCGCGCCGCGCCGCCCGC	49171323	49171622	49171623	49171329	49171362	260	49174216	49174515	49174217	49174236	49174269	246	14
LigP_108091356_114987596	upstream_LG	downstream_LG	34	85.294	226	259	123	156	0.000268	CCGCGCGCCCGCCCGCCGCGGGGGGCCGGGCCCC	CCGCGCCCGCGCCCGCGGGGGGGGGCCGGCCCCC	108091057	108091356	108091357	108091283	108091316	40	114987596	114987895	114987597	114987719	114987752	143	103
LigP_108091311_108091862	upstream_LG	downstream_LG	39	82.051	163	201	82	120	0.017	GCCCGGGGCCCGCCCGCCCGCCCCGCGGGGGCCGGGCGC	GCCCCGGGCCCGCCCCCCGGGCGCGCCGGGCCCGGGCGC	108091012	108091311	108091312	108091175	108091213	98	108091862	108092161	108091863	108091944	108091982	179	81
LigP_52039475_52039550	upstream_LG	downstream_LG	34	82.353	84	117	239	272	0.065	CCCCCGGGCCGGGGCCCCCCCGCCGGGGGGGGGG	CCCCCGGGCCCCGGCGCCCCCCCCCGCGGGGGGG	52039176	52039475	52039476	52039260	52039293	182	52039550	52039849	52039551	52039789	52039822	27	155
LigP_108091336_108182435	upstream_LG	downstream_LG	31	90.323	208	238	242	272	2.78e-07	CCGGGCCGCGCCCCGCCGCGCCCGCCCGCCC	CCGGGCCGCCCCCCCCGGCGCCCGCCCGCCC	108091037	108091336	108091337	108091245	108091275	61	108182435	108182734	108182436	108182677	108182707	27	34
LigP_108091309_108091796	upstream_LG	downstream_LG	39	82.051	165	203	148	186	0.017	GCCCGGGGCCCGCCCGCCCGCCCCGCGGGGGCCGGGCGC	GCCCCGGGCCCGCCCCCCGGGCGCGCCGGGCCCGGGCGC	108091010	108091309	108091310	108091175	108091213	96	108091796	108092095	108091797	108091944	108091982	113	17
LigP_108091337_157269194	upstream_LG	downstream_LG	37	83.784	171	207	8	44	0.001	GGCGCCCGCCCCGGGGCGGCGGCGCGCGCCGCGCCCC	GGCGCCCGCCGCGGGCCCCCGCCGCGCGCCGCCCCCC	108091038	108091337	108091338	108091209	108091245	92	157269194	157269493	157269195	157269202	157269238	255	163
LigP_108091301_108092895	upstream_LG	downstream_LG	36	86.111	241	276	99	134	1.72e-05	CCCCGGGCCGCGCCCCGCCGCGCCCGCCCGCCCCCG	CCCCGGGCCGCCCCCCCCGGGGCGCGCCCGCCCCCG	108091002	108091301	108091302	108091243	108091278	23	108092895	108093194	108092896	108092994	108093029	165	142
LigP_108091369_113136008	upstream_LG	downstream_LG	30	90.0	264	293	262	291	1.1e-06	GGGGGCCCCGCCGCGCCCGCCCCCGCCCGC	GGGGGCGCCGCCGCCCCCGCCGCCGCCCGC	108091070	108091369	108091370	108091334	108091363	6	113136008	113136307	113136009	113136270	113136299	8	2
LigP_42686602_49171299	upstream_LG	downstream_LG	31	83.871	67	97	167	197	0.017	CCGCGCGGGGCGCGGGCGGCGGGGGGCGCGC	CCGCGCGCGCCGCGGCCGGGGCGGGGCGCGC	42686303	42686602	42686603	42686370	42686400	202	49171299	49171598	49171300	49171466	49171496	102	100
LigP_108091340_108092529	upstream_LG	downstream_LG	29	89.655	31	59	269	297	4.34e-06	CCCCCCCGCCCGCCCCCCGCCCGCGGGGG	CCCCCCCGGCCGCCCCCCGGCCCCGGGGG	108091041	108091340	108091341	108091072	108091100	240	108092529	108092828	108092530	108092798	108092826	2	238
LigP_157089204_157495685	upstream_LG	downstream_LG	35	85.714	207	241	104	138	6.78e-05	GGCGCCGGGGGGGGCGGCCGCGCCCCCCCGGGGCG	GGCGCCGGGCGCGGCCGCCGCCCCCCCCCGCGGCG	157088905	157089204	157089205	157089112	157089146	58	157495685	157495984	157495686	157495789	157495823	161	103
LigP_108091315_108129694	upstream_LG	downstream_LG	38	92.105	29	66	28	65	1.85e-11	GCGCGCGCCCCCGCCGCCCCCCGCCCGCCCCCCCGCCC	GCGCGCGCCCCCGCCGCCCCCCCCCCGGCCCCGCGCCC	108091016	108091315	108091316	108091045	108091082	233	108129694	108129993	108129695	108129722	108129759	234	1
LigP_108091379_160505377	upstream_LG	downstream_LG	32	84.375	175	206	186	217	0.004	CCCCGCCGCGCCCGCCCGCCCCCGGGGCCCGC	CCCCGGCGCCCCCGCCCGCGGCCCGGGCCCGC	108091080	108091379	108091380	108091255	108091286	93	160505377	160505676	160505378	160505563	160505594	82	11
LigP_49171689_49172574	upstream_LG	downstream_LG	35	85.714	145	179	108	142	6.78e-05	GGGGGGGCGGGGGGCGGGCCCGGCCCGGCCCCGCC	GGGGGGGCGCGGCGGGGCCCCGCCCCGGCCCCGCC	49171390	49171689	49171690	49171535	49171569	120	49172574	49172873	49172575	49172682	49172716	157	37
LigP_108091360_115944086	upstream_LG	downstream_LG	35	82.857	223	257	155	189	0.017	CGCGCGCCCGCCCGCCGCGGGGGGCCGGGCCCCGC	CGCGCCCCCGCCCCCGGCGGGGGCCGGCGCCCCGC	108091061	108091360	108091361	108091284	108091318	42	115944086	115944385	115944087	115944241	115944275	110	68
LigP_46899562_50132841	upstream_LG	downstream_LG	33	84.848	60	92	209	241	0.001	CGGCCCCCCCCCCCCGCCCCCCGGCCGCCGGCC	CGGCCCCCCGCCCCCGGCCGGCGGCCGCGGGCC	46899263	46899562	46899563	46899323	46899355	207	50132841	50133140	50132842	50133050	50133082	58	149
LigP_50388181_50547640	upstream_LG	downstream_LG	30	86.667	126	155	110	139	0.000268	CCCCCCGGCCCCCCCCGCCGGGGGGCCCGC	CCCCCCGGCCGCCCCCGGCGCGGGGGCCGC	50387882	50388181	50388182	50388008	50388037	144	50547640	50547939	50547641	50547750	50547779	160	16
LigP_49171618_49178409	upstream_LG	downstream_LG	32	84.375	200	231	1	32	0.004	CCCGGGCCGGGGGGGGGGGGGGGCGGGGGGCG	CCCGGGCCGGGGCCCGGGCGGGGCGGGCGGCG	49171319	49171618	49171619	49171519	49171550	68	49178409	49178708	49178410	49178410	49178441	267	199
LigP_52505284_52527973	upstream_LG	downstream_LG	29	82.759	118	146	134	162	0.26	CCGCGGCGGCGGGCCCCCCCCGGGGCCCC	CCGCGGCGGGGCGGCCCCGCCCGGGCCCC	52504985	52505284	52505285	52505103	52505131	153	52527973	52528272	52527974	52528107	52528135	137	16
LigP_52039462_52048112	upstream_LG	downstream_LG	48	85.417	57	104	215	262	7.04e-08	CCCCGGCCGCGCGGGGCGGGGGGCGCGGCCCCCGCCCCGGCCCCCGGG	CCCCGGCCCCGCGGCGCGGGGGGCGCGCCGCCGGCCCGGGCCCGCGGG	52039163	52039462	52039463	52039220	52039267	195	52048112	52048411	52048113	52048327	52048374	37	158
LigP_49875589_49929583	upstream_LG	downstream_LG	31	87.097	258	288	11	41	6.78e-05	CCCCCGGGGGCGCGGGCGGGCGGGCGGCCGG	CCCCCCGGGGGGCGGGCGGGCCGGCCGCCGG	49875290	49875589	49875590	49875548	49875578	11	49929583	49929882	49929584	49929594	49929624	258	247
LigP_108091337_125547291	upstream_LG	downstream_LG	33	87.879	17	49	30	62	4.34e-06	CCGCCGCCCCCCGCCCGCCCCCCCGCCCGCCCC	CCGCGGCCCCCCGCCCCCCCCCCGCCCCGCCCC	108091038	108091337	108091338	108091055	108091087	250	125547291	125547590	125547292	125547321	125547353	237	13
LigP_108091315_108320712	upstream_LG	downstream_LG	30	86.667	210	239	154	183	0.000268	GGCGGCGCGCGCCGCGCCCCCGGGCCGCGC	GGCGGCCCGCGCCGCCCCCGCCGGCCGCGC	108091016	108091315	108091316	108091226	108091255	60	108320712	108321011	108320713	108320866	108320895	116	56
LigP_108091450_108091848	upstream_LG	downstream_LG	39	82.051	24	62	96	134	0.017	GCCCGGGGCCCGCCCGCCCGCCCCGCGGGGGCCGGGCGC	GCCCCGGGCCCGCCCCCCGGGCGCGCCGGGCCCGGGCGC	108091151	108091450	108091451	108091175	108091213	237	108091848	108092147	108091849	108091944	108091982	165	72
LigP_49929993_188176530	upstream_LG	downstream_LG	36	83.333	149	184	76	111	0.004	CGGCCCCGGCCGCCCGGCCCGGCCCGGCCCGCCCCC	CGGCGCCGGCCGGCGGGCGCGGGCCGGCCGGCCCCC	49929694	49929993	49929994	49929843	49929878	115	188176530	188176829	188176531	188176606	188176641	188	73
LigP_52039470_52041268	upstream_LG	downstream_LG	31	87.097	158	188	208	238	6.78e-05	CCGGCGGGCCCCGGCCGCGCGGGGGGGGGGG	CCGGCCGGCCCCGCCCCCCCGGGGGGGGGGG	52039171	52039470	52039471	52039329	52039359	111	52041268	52041567	52041269	52041476	52041506	61	50
LigP_52039480_52053270	upstream_LG	downstream_LG	50	82.0	219	268	63	112	0.000268	GGGGGCGGGGGGCGGGGCCGGGCGCGGGGGGGGGGGCCCGCCCCGGGCGG	GGGGGCGCGGGGGGGGGCGGGGGGGCGGGGGGGGGCCCCCCCCGGGGCGG	52039181	52039480	52039481	52039400	52039449	31	52053270	52053569	52053271	52053333	52053382	187	156
LigP_108091297_114350516	upstream_LG	downstream_LG	39	82.051	129	167	22	60	0.017	CGCGGCCGCCGCCGCCGGCGCGGCGCCCCCCCCGGCCGC	CGCGGCCGGCGGCGCCCGCCCGCCGGCCCCCCCCGCCGC	108090998	108091297	108091298	108091127	108091165	132	114350516	114350815	114350517	114350538	114350576	239	107
LigP_129121154_146194135	upstream_LG	downstream_LG	37	83.784	26	62	20	56	0.001	GGGCCGGGGGCCGCCGCCGCGGCGGGCGGGGGCGGGG	GGGCCGCGGCCCGCCGGCCCGGCGGGCGCGCGCGGGG	129120855	129121154	129121155	129120881	129120917	237	146194135	146194434	146194136	146194155	146194191	243	6
LigP_52322003_52385030	upstream_LG	downstream_LG	39	89.744	148	186	261	299	1.14e-09	CGGGGGGGGGCCGGGCGGGCGGGCGCGGGGGGGGCGGGG	CGGGGCGGGGGCGGGGGGGCGGGCGCGGCGGGGGCGGGG	52321704	52322003	52322004	52321852	52321890	113	52385030	52385329	52385031	52385291	52385329	0	113
LigP_108091340_108096155	upstream_LG	downstream_LG	37	86.486	46	82	66	102	4.34e-06	CCCGCCCGCGGGGGCCGCGCGCGCGCGCCCGGCCCCG	CCCGCCCGCCGGGCGCGGGCGCGCCCGCCCGGCCCCG	108091041	108091340	108091341	108091087	108091123	217	108096155	108096454	108096156	108096221	108096257	197	20
LigP_108091369_138497670	upstream_LG	downstream_LG	33	87.879	40	72	75	107	4.34e-06	CGCGCCCGGCCCCGCCCCGCGGCCGCCGCCGCC	CGCGCCCGGCCCGGCCCCGGCCCCGCCGCCGCC	108091070	108091369	108091370	108091110	108091142	227	138497670	138497969	138497671	138497745	138497777	192	35
LigP_161105423_161234487	upstream_LG	downstream_LG	33	84.848	84	116	210	242	0.001	GCCCCGCGGGGCCGCCCCCCCCGCCCGCCCCCC	GCCCGGCGGGGCGGCCGCGCCCCCCCGCCCCCC	161105124	161105423	161105424	161105208	161105240	183	161234487	161234786	161234488	161234697	161234729	57	126
LigP_147553949_151343780	upstream_LG	downstream_LG	30	83.333	157	186	58	87	0.065	GCCCGCCCGCGCGCCCGCGGGCGGCCGCGG	GCCCCCCCGCCCGGCCCCGGGGGGCCGCGG	147553650	147553949	147553950	147553807	147553836	113	151343780	151344079	151343781	151343838	151343867	212	99
LigP_108091374_196609197	upstream_LG	downstream_LG	38	84.211	200	237	65	102	0.000268	CCCGGGGCCCGCGCGCCCGCCCGCCGCGGGGGGCCGGG	CCCGCGGCCGGCGCGCGGGCCCGCGGGGGGGGGCCGGG	108091075	108091374	108091375	108091275	108091312	62	196609197	196609496	196609198	196609262	196609299	197	135
LigP_108091365_124632585	upstream_LG	downstream_LG	33	84.848	253	285	24	56	0.001	GCCCCCGCGCCCGCCGGGGGCCCCGCCGCGCCC	GCCCCCCCGGCCGCCGCGGGCCCCCCCCCGCCC	108091066	108091365	108091366	108091319	108091351	14	124632585	124632884	124632586	124632609	124632641	243	229
LigP_108091308_108092559	upstream_LG	downstream_LG	29	89.655	63	91	239	267	4.34e-06	CCCCCCCGCCCGCCCCCCGCCCGCGGGGG	CCCCCCCGGCCGCCCCCCGGCCCCGGGGG	108091009	108091308	108091309	108091072	108091100	208	108092559	108092858	108092560	108092798	108092826	32	176
LigP_47781960_47781986	upstream_LG	downstream_LG	29	82.759	195	223	19	47	0.26	GCCGCCCCCGCGCGCGCCCCCGCGCGCGC	GCCGCCCCGGGGCGCGGCCGCGCGGGCGC	47781661	47781960	47781961	47781856	47781884	76	47781986	47782285	47781987	47782005	47782033	252	176
LigP_43999205_43999509	upstream_LG	downstream_LG	40	85.0	142	181	223	262	1.72e-05	CGCCCCCCCCGCGCCCCCCGGCCCCCCCGGGGGGGGGGCG	CGCCCCCCCGGCCCCCGCCGGGCGCCCCGGGGCGGGGGCG	43998906	43999205	43999206	43999048	43999087	118	43999509	43999808	43999510	43999732	43999771	37	81
LigP_108091276_108099536	upstream_LG	downstream_LG	36	83.333	64	99	145	180	0.004	GCGCGCGCGCGCCCCCGCCGCCCCCCGCCCGCCCCC	GCGCCCGCGCGCCCCGGCCCCCGCCCCCCCCCCCCC	108090977	108091276	108091277	108091041	108091076	200	108099536	108099835	108099537	108099681	108099716	119	81
LigP_49171659_49172184	upstream_LG	downstream_LG	31	93.548	152	182	270	300	1.14e-09	GGGCCCCCCCGGGCCGGGGGGGGGGGGGGGC	GGGCCCCCCCGGGGCGGGGGGGGGGGCGGGC	49171360	49171659	49171660	49171512	49171542	117	49172184	49172483	49172185	49172454	49172484	-1	118
LigP_124821334_126703897	upstream_LG	downstream_LG	42	83.333	179	220	39	80	0.000268	GGGGGCCGGGGGGGGGCCCCGGGGCCGGGCGGGCGCCGGGGC	GGGGGCCGGGGGCGGCGCCCCGGGGCCGGGGGGCGCCGGGGC	124821035	124821334	124821335	124821214	124821255	79	126703897	126704196	126703898	126703936	126703977	219	140
LigP_126016735_126018151	upstream_LG	downstream_LG	30	83.333	269	298	41	70	0.065	GGGGCCGCGGCCCCGGCCCCCGCCCGCCCG	GGGGCCGCCGCCGGGGCGCCCGCCCCCCCG	126016436	126016735	126016736	126016705	126016734	1	126018151	126018450	126018152	126018192	126018221	229	228
LigP_52039503_52047444	upstream_LG	downstream_LG	31	83.871	151	181	107	137	0.017	GGGGGGGGGCGCGGGGCCCGGGGCCCCGGGC	GGGGGCGGGCGGGGGGGGCGGGGGCCCGGGC	52039204	52039503	52039504	52039355	52039385	118	52047444	52047743	52047445	52047551	52047581	162	44
LigP_108091342_108104544	upstream_LG	downstream_LG	41	80.488	20	60	142	182	0.26	CCCCGCCCGCCCCCCCGCCCGCCCCCCGCCCGCGGGGGCCG	CCCCCCCCCCCCCCCCCCCCCCCCGCCGGCCCCGCGGGCCG	108091043	108091342	108091343	108091063	108091103	239	108104544	108104843	108104545	108104686	108104726	117	122
LigP_196081906_196287352	upstream_LG	downstream_LG	61	83.607	118	178	139	199	1.78e-08	CCGCGGCCGGGGGGGCGGGCGGGGGGGCGGGGGGGGGGGGGGGGGCGGGGGGCGGGGGGGC	CCGCGGCCGGGGGGGGGCGGCGGGCGGCGGCGGGGGCGGCGGGGGCCGGGGGCCGGGGGGC	196081607	196081906	196081907	196081725	196081785	121	196287352	196287651	196287353	196287491	196287551	100	21
LigP_17161071_187935839	upstream_LG	downstream_LG	39	87.179	229	267	83	121	2.78e-07	CCCCCGCCGCCGCCGCCGCCGGGGCCGGGGCCGGGGCCG	CCCCCCCCGCCGCCGCCCCCGGGGCCCGGCCCGCGGCCG	17160772	17161071	17161072	17161001	17161039	32	187935839	187936138	187935840	187935922	187935960	178	146
LigP_108091354_108101284	upstream_LG	downstream_LG	37	83.784	122	158	32	68	0.001	CCGGGGCCCGCCCGCCCGCCCCGCGGGGGCCGGGCGC	CCGGGCCCGGCCGGCCCGCCCGCCGGGGGCCCGGCGC	108091055	108091354	108091355	108091177	108091213	141	108101284	108101583	108101285	108101316	108101352	231	90
LigP_49642478_49643538	upstream_LG	downstream_LG	30	86.667	69	98	258	287	0.000268	CCGCCCCGCCCCCCCCCCCGGGCGGGGGGG	CCGCCCCGGGCCCCCCCGCGGGGGGGGGGG	49642179	49642478	49642479	49642248	49642277	201	49643538	49643837	49643539	49643796	49643825	12	189
LigP_43999194_43999691	upstream_LG	downstream_LG	40	85.0	153	192	41	80	1.72e-05	CGCCCCCCCCGCGCCCCCCGGCCCCCCCGGGGGGGGGGCG	CGCCCCCCCGGCCCCCGCCGGGCGCCCCGGGGCGGGGGCG	43998895	43999194	43999195	43999048	43999087	107	43999691	43999990	43999692	43999732	43999771	219	112
LigP_49929544_49929596	upstream_LG	downstream_LG	35	88.571	220	254	158	192	2.78e-07	GGGGGCCGCGGGGGGGCGCGGCCCCCCCGCCGCGG	GGGGGCGGCGGGGGGGGGCGGCGCCCGCGCCGCGG	49929245	49929544	49929545	49929465	49929499	45	49929596	49929895	49929597	49929754	49929788	107	62
LigP_50320450_50321065	upstream_LG	downstream_LG	32	84.375	5	36	216	247	0.004	GCCCCCCGGCGCGCCCGGGGGCCGGCGCCCCG	GCCCCCGGGGGCGCCCGCGGGGGGGCGCCCCG	50320151	50320450	50320451	50320156	50320187	263	50321065	50321364	50321066	50321281	50321312	52	211
LigP_184185533_184186080	upstream_LG	downstream_LG	32	84.375	59	90	113	144	0.004	CGGCGCGGCCCCCGGCGCCGCCCCCGGGGGCC	CGGCGCGGGCCGCCGCGCCCCGCCCGGGGGCC	184185234	184185533	184185534	184185293	184185324	209	184186080	184186379	184186081	184186193	184186224	155	54
LigP_49510827_49689174	upstream_LG	downstream_LG	30	83.333	173	202	271	300	0.065	GGCCCCCGCGGGGCCGCCCCCGCGGCGGCC	GGCCCCCGCCGGGGGGCCCCCCCCGCGGCC	49510528	49510827	49510828	49510701	49510730	97	49689174	49689473	49689175	49689445	49689474	-1	98
LigP_123449836_123459803	upstream_LG	downstream_LG	29	86.207	85	113	230	258	0.001	CCGGGGGGGCCCGCCCGGGGGCCGCGGCG	CCGGGCGGGGCCGCCCCGGGGCCGGGGCG	123449537	123449836	123449837	123449622	123449650	186	123459803	123460102	123459804	123460033	123460061	41	145
LigP_49642473_49662606	upstream_LG	downstream_LG	32	87.5	129	160	166	197	1.72e-05	GGGGGGCCCCGGGGGCGGGCGCGGCCGCCGCG	GGGGGGCCGGGGGGGCGGGCGCCGCGGCCGCG	49642174	49642473	49642474	49642303	49642334	139	49662606	49662905	49662607	49662772	49662803	102	37
LigP_185938094_186783298	upstream_LG	downstream_LG	31	83.871	159	189	95	125	0.017	GGCGCGCCGGCCGCCCGGCCGCCCGGGGCCG	GGCGCGGCGGCCCCCCGGCGCCGCGGGGCCG	185937795	185938094	185938095	185937954	185937984	110	186783298	186783597	186783299	186783393	186783423	174	64
LigP_195953168_197653170	upstream_LG	downstream_LG	41	87.805	59	99	115	155	1.78e-08	GGGCCCCCCGGGCCCCCCGGCGGCCGCCCCCCGGCGCCCCC	GGGCCCCCGGGCCCCCCGGGCGGCCGCGCCCCGGCGGCCCC	195952869	195953168	195953169	195952928	195952968	200	197653170	197653469	197653171	197653285	197653325	144	56
LigP_49171741_52195882	upstream_LG	downstream_LG	31	83.871	84	114	254	284	0.017	CGGGGGGGGGGGGGGGCGGGGGGCGGGCCCG	CGGGGGGGGGCCGGGGGGCGGGGCCGGCCCG	49171442	49171741	49171742	49171526	49171556	185	52195882	52196181	52195883	52196136	52196166	15	170
LigP_142854358_184186136	upstream_LG	downstream_LG	29	93.103	156	184	172	200	1.78e-08	CCCCCCCCGGGCCGCCGCCCCGGCCCCCC	CCCCCCCCCGGCCCCCGCCCCGGCCCCCC	142854059	142854358	142854359	142854215	142854243	115	184186136	184186435	184186137	184186308	184186336	99	16
LigP_197016564_197066776	upstream_LG	downstream_LG	35	82.857	150	184	169	203	0.017	GGCCGCGCCCCCCCCCCCCGCCCCGGCCCCCGCCC	GGCCGCGCGGCCCGCCCGCGCCCCGCCCCGCGCCC	197016265	197016564	197016565	197016415	197016449	115	197066776	197067075	197066777	197066945	197066979	96	19
LigP_108091334_125547291	upstream_LG	downstream_LG	33	87.879	20	52	30	62	4.34e-06	CCGCCGCCCCCCGCCCGCCCCCCCGCCCGCCCC	CCGCGGCCCCCCGCCCCCCCCCCGCCCCGCCCC	108091035	108091334	108091335	108091055	108091087	247	125547291	125547590	125547292	125547321	125547353	237	10
LigP_39104794_39107101	upstream_LG	downstream_LG	31	87.097	221	251	114	144	6.78e-05	CCGGCGGCGCCGCCGGCCGGGCCCCCCCCCG	CCGGCGGCGCCGGGGGCGGGGCGCCCCCCCG	39104495	39104794	39104795	39104716	39104746	48	39107101	39107400	39107102	39107215	39107245	155	107
LigP_23810845_23814341	upstream_LG	downstream_LG	31	87.097	252	282	121	151	6.78e-05	GCGCGCGCGGGGCGGGGGCGGCGCGGCCGGG	GCGCGCGCGGGCCGCGGGCGCCGGGGCCGGG	23810546	23810845	23810846	23810798	23810828	17	23814341	23814640	23814342	23814462	23814492	148	131
LigP_108091340_128735074	upstream_LG	downstream_LG	35	85.714	63	97	231	265	6.78e-05	CGCGCGCGCGCCCGGCCCCGCCCCGCGGCCGCCGC	CGCGCGCGCGGCCGCCCCCGGGCCGGGGCCGCCGC	108091041	108091340	108091341	108091104	108091138	202	128735074	128735373	128735075	128735305	128735339	34	168
LigP_49171621_49171869	upstream_LG	downstream_LG	31	87.097	55	85	18	48	6.78e-05	CGCCCCCGCCCGGGGCCGGGCGCCGGGCCCC	CGCCCCCGCCGGGGGCGGGCGGCCGGGCCCC	49171322	49171621	49171622	49171377	49171407	214	49171869	49172168	49171870	49171887	49171917	251	37
LigP_52039538_52039863	upstream_LG	downstream_LG	32	87.5	64	95	210	241	1.72e-05	CCGCGCCCCCCCCCGCCGGGGGGCCCCCGGCG	CCGCGCCCCCCCCGGCCGCGGCGGCCCCGGCG	52039239	52039538	52039539	52039303	52039334	204	52039863	52040162	52039864	52040073	52040104	58	146
LigP_123644680_126529871	upstream_LG	downstream_LG	48	83.333	205	252	77	124	1.72e-05	CCCGCCCCCCCCGCGCCCCCCCGGCCCGCCCGGGGCCCGGCCCCCGGG	CCCGCGCCCCCCGCGCCCCCGCCCCCCCGCCGGGCCCCGGGCCCCGGG	123644381	123644680	123644681	123644586	123644633	47	126529871	126530170	126529872	126529948	126529995	175	128
LigP_52039496_52040455	upstream_LG	downstream_LG	43	83.721	77	119	110	152	6.78e-05	CCCCCCCGCCGGGGGGGGGGCGGGGCCCCCCGCGCCCCCCCCC	CCCCCCCGCCCGGGGGGCGCCCGGGGCCGCCGGGCCCCCCCCC	52039197	52039496	52039497	52039274	52039316	180	52040455	52040754	52040456	52040565	52040607	147	33
LigP_127681150_186065317	upstream_LG	downstream_LG	39	87.179	18	56	96	134	2.78e-07	CGGGGGGGGCCGGGGGGGCGCGCGCGGCGGCGGGGCCCG	CGGGGGGCGCCGGGGGGGCGGGCGGGGGGGGGGGGCCCG	127680851	127681150	127681151	127680869	127680907	243	186065317	186065616	186065318	186065413	186065451	165	78
LigP_16531950_50227224	upstream_LG	downstream_LG	33	84.848	206	238	75	107	0.001	CCGGGCCCCCGCCCCCCCGGGGCCCCCGCCGCC	CCGGGGCCCGGCCCCCGCGGGGCCGCGGCCGCC	16531651	16531950	16531951	16531857	16531889	61	50227224	50227523	50227225	50227299	50227331	192	131
LigP_50348579_50387849	upstream_LG	downstream_LG	35	85.714	14	48	73	107	6.78e-05	GCCCCCCCCGGGGCCCGCCGCCGCCCCGCCCGGCC	GCCCCCCCCGCCCCCCGGCGCCGCCCCGGCCGGCC	50348280	50348579	50348580	50348294	50348328	251	50387849	50388148	50387850	50387922	50387956	192	59
LigP_23810840_23946982	upstream_LG	downstream_LG	50	82.0	242	291	97	146	0.000268	CGCGGGCCGCCGGGGGCGCGCGCGGGGCGGGGGCGGCGCGGCCGGGCGGC	CGCGGGGCCCCGGGGGCGCCCCCGGGGGCCGGGCGGGCCGGCCGGGCGGC	23810541	23810840	23810841	23810783	23810832	8	23946982	23947281	23946983	23947079	23947128	153	145
LigP_52221828_52374912	upstream_LG	downstream_LG	29	82.759	15	43	106	134	0.26	CCCGCGGGCCCCCGGGGGGGGCCCCGCCG	CCCGCGGGGCCCGGGGGCGCCCCCCGCCG	52221529	52221828	52221829	52221544	52221572	256	52374912	52375211	52374913	52375018	52375046	165	91
LigP_128428691_128480401	upstream_LG	downstream_LG	33	84.848	181	213	119	151	0.001	CGCGCCCGCCGCCCCCCCCCCCCCCCGCCCCGG	CGCGCCCCCCCCCCCCCCGGCCCCCCCCCCCGG	128428392	128428691	128428692	128428573	128428605	86	128480401	128480700	128480402	128480520	128480552	148	62
LigP_123449751_123450962	upstream_LG	downstream_LG	31	87.097	35	65	131	161	6.78e-05	GCGGCCGGCGCGGGGCGGCCGGGCGGGGGGC	GCGGCCGGCGGGGGGGGGCGGGGGGGGGGGC	123449452	123449751	123449752	123449487	123449517	234	123450962	123451261	123450963	123451093	123451123	138	96
LigP_46871746_47164558	upstream_LG	downstream_LG	46	86.957	95	140	75	120	4.51e-09	GGGGGGGGGGCGGGGGGGGGGGGGGGGCGGCCGGGGGGCGGGCGGG	GGGGGGGGGGGGGCGGGGGGGGGCGGGGGGGGGGGGGGCGGGCGGG	46871447	46871746	46871747	46871542	46871587	159	47164558	47164857	47164559	47164633	47164678	179	20
LigP_52039504_52039552	upstream_LG	downstream_LG	34	82.353	55	88	237	270	0.065	CCCCCGGGCCGGGGCCCCCCCGCCGGGGGGGGGG	CCCCCGGGCCCCGGCGCCCCCCCCCGCGGGGGGG	52039205	52039504	52039505	52039260	52039293	211	52039552	52039851	52039553	52039789	52039822	29	182
LigP_138434618_138436589	upstream_LG	downstream_LG	34	88.235	164	197	101	134	1.1e-06	GGGCCGGGCCCGCCGGCCGGCCGCCCCCCGGGGC	GGGCCGGGCCCGCCGGGCCCGCGCCCCCCGGGGC	138434319	138434618	138434619	138434483	138434516	102	138436589	138436888	138436590	138436690	138436723	165	63
LigP_127590155_127680929	upstream_LG	downstream_LG	35	88.571	66	100	76	110	2.78e-07	GGGCCGGCCCCCGCCCGCGCCCCCCGGGCCCGGGG	GGGCCGGCCCCCGCCGGGGGCCCCCGGCCCCGGGG	127589856	127590155	127590156	127589922	127589956	199	127680929	127681228	127680930	127681005	127681039	189	10
LigP_179942464_179943415	upstream_LG	downstream_LG	30	93.333	1	30	163	192	4.51e-09	CGCCGGGCCCCCCCGGGGGCCGGCCCCCGG	CGCCCGGCCCCCCGGGGGGCCGGCCCCCGG	179942165	179942464	179942465	179942166	179942195	269	179943415	179943714	179943416	179943578	179943607	107	162
LigP_113747006_113786215	upstream_LG	downstream_LG	35	82.857	106	140	243	277	0.017	GGCGCGCCCCGGCCCCCGCCGCCCGCGCCCCCCGC	GGCGCGCCGCGGCGCCGGGCGCGCGGGCCCCCCGC	113746707	113747006	113747007	113746813	113746847	159	113786215	113786514	113786216	113786458	113786492	22	137
LigP_108091370_124876453	upstream_LG	downstream_LG	31	83.871	199	229	29	59	0.017	CCGCCCCCGGGGCCCGCGCGCCCGCCCGCCG	CCGCCCCCCGCGCCCGCCCCCCCGCCGGCCG	108091071	108091370	108091371	108091270	108091300	70	124876453	124876752	124876454	124876482	124876512	240	170
LigP_190513905_192359733	upstream_LG	downstream_LG	32	87.5	108	139	197	228	1.72e-05	GCGCGCGCGCGCGCCCCGGCGCGCGGCGGGGG	GCGCGCGCGCGCGCGCCGCCCCGCGCCGGGGG	190513606	190513905	190513906	190513714	190513745	160	192359733	192360032	192359734	192359930	192359961	71	89
LigP_53045184_53045559	upstream_LG	downstream_LG	30	86.667	86	115	13	42	0.000268	CGCCCGCGCGGGGCGCCCCCGCCCCGCGCG	CGCCCGCGCGCGGCCCCGCGGCCCCGCGCG	53044885	53045184	53045185	53044971	53045000	184	53045559	53045858	53045560	53045572	53045601	257	73
LigP_108091337_108092658	upstream_LG	downstream_LG	43	83.721	33	75	234	276	6.78e-05	GCCCCCCCGCCCGCCCCCCGCCCGCGGGGGCCGCGCGCGCGCG	GCCCCCCGCCCCGCCCCCCGCGCGGGGGGGCGCCGGGCGCGCG	108091038	108091337	108091338	108091071	108091113	224	108092658	108092957	108092659	108092892	108092934	23	201
LigP_127590311_127719815	upstream_LG	downstream_LG	31	83.871	265	295	11	41	0.017	CCCGGGCCGCGCCCGGGCGGGGGCGGGCCGC	CCCGGGCCCCGCCCCGGCCCGGGGGGGCCGC	127590012	127590311	127590312	127590277	127590307	4	127719815	127720114	127719816	127719826	127719856	258	254
LigP_128428698_128428979	upstream_LG	downstream_LG	34	91.176	230	263	183	216	4.51e-09	CCCGCCGCGGGCCCGGGGCCCCGGGGCCCGCCGG	CCCGGCGCGGGCCCGGCCCCCCGGGGCCCGCCGG	128428399	128428698	128428699	128428629	128428662	36	128428979	128429278	128428980	128429162	128429195	83	47
LigP_128428754_128429153	upstream_LG	downstream_LG	34	91.176	174	207	9	42	4.51e-09	CCCGCCGCGGGCCCGGGGCCCCGGGGCCCGCCGG	CCCGGCGCGGGCCCGGCCCCCCGGGGCCCGCCGG	128428455	128428754	128428755	128428629	128428662	92	128429153	128429452	128429154	128429162	128429195	257	165
LigP_49689471_50359420	upstream_LG	downstream_LG	29	82.759	44	72	51	79	0.26	GGGGGCGGGGGCGGCGGGCGGCGGGGGCC	GGGGGGGGGCGCGGCCGGGGCCGGGGGCC	49689172	49689471	49689472	49689216	49689244	227	50359420	50359719	50359421	50359471	50359499	220	7
LigP_184299368_185628984	upstream_LG	downstream_LG	29	82.759	132	160	251	279	0.26	GGGCCGGCCCGGGGGGGGGGGCGGCGCGG	GGGCCGGGGCGGGGCGCGGGGCCGCGCGG	184299069	184299368	184299369	184299201	184299229	139	185628984	185629283	185628985	185629235	185629263	20	119
LigP_123644676_123881076	upstream_LG	downstream_LG	40	90.0	191	230	76	115	2.89e-10	CCCCCGGGCCCCGCGGCCCCCGCCCCCCCCGCGCCCCCCC	CCCCCGCGCCGCGCGGCCCCCGCCCCCCCCCCGCGCCCCC	123644377	123644676	123644677	123644568	123644607	69	123881076	123881375	123881077	123881152	123881191	184	115
LigP_51995560_52039171	upstream_LG	downstream_LG	30	86.667	258	287	165	194	0.000268	CGCCCCCGCCCCCCCCGCCCCGGCCGGGGC	CGCCCCCCCCCCCCCCCGCGCGGCCGGGGC	51995261	51995560	51995561	51995519	51995548	12	52039171	52039470	52039172	52039336	52039365	105	93
LigP_54847496_54853737	upstream_LG	downstream_LG	29	82.759	132	160	176	204	0.26	GCGGGCCGCCCCCCCCGGCGGCCGGCGGG	GCGGGCCCCCGCGCCCGGGGGCCGCCGGG	54847197	54847496	54847497	54847329	54847357	139	54853737	54854036	54853738	54853913	54853941	95	44
LigP_128681052_128845092	upstream_LG	downstream_LG	77	80.519	156	232	163	239	4.34e-06	CCCCCGCCGCGCCGGCCGGGCGGCCGCGGCGGCGGGGGGCCCCGCCGCGCGCGGCGGCGGGGCGGCCGCCCCCCCCG	CCCCGGCCGCGGCGGCCGGGGGGCCCCGGCCCGGGGGCGCCCCGGCGCCGGCGCCGGGGGGGGGGCCGGCCCCCCCG	128680753	128681052	128681053	128680909	128680985	67	128845092	128845391	128845093	128845255	128845331	60	7
LigP_50269365_112349975	upstream_LG	downstream_LG	30	83.333	218	247	37	66	0.065	CCGCCCCGGGCGGCGGGGCCGGGGGGCGCC	CCGCCCCGGCGGGCGGGGGGCGGGGGCGCC	50269066	50269365	50269366	50269284	50269313	52	112349975	112350274	112349976	112350012	112350041	233	181
LigP_49171667_49237539	upstream_LG	downstream_LG	39	84.615	174	212	2	40	6.78e-05	CGGGGGGCGGGCCCGGCCCGGCCCCGCCCCGCGCCGGGG	CGGGGGGCCGGCGCCGCCCCGCGCCGCCCCGCGGCGGGG	49171368	49171667	49171668	49171542	49171580	87	49237539	49237838	49237540	49237541	49237579	259	172
LigP_47781963_150414274	upstream_LG	downstream_LG	34	85.294	79	112	100	133	0.000268	GGGCCCGCGGCGCCCGCCGCCGCCCCCGGCCCGC	GGGCCGGCGGCGCCCCGCGCCCCCCCCCGCCCGC	47781664	47781963	47781964	47781743	47781776	187	150414274	150414573	150414275	150414374	150414407	166	21
LigP_122514400_122518316	upstream_LG	downstream_LG	31	83.871	64	94	32	62	0.017	CCCGGGCCCGCGCCGCCGCGGCGCCGGCGGG	CCCGGCCCCGCGCCCCCGCCCCGGCGGCGGG	122514101	122514400	122514401	122514165	122514195	205	122518316	122518615	122518317	122518348	122518378	237	32
LigP_50388151_50403363	upstream_LG	downstream_LG	44	88.636	223	266	138	181	2.89e-10	GCCGCGGGGCGCGGGGGGGCCCCCGCGGCGGGGGCGGGGGGGGG	GCCGCGGGGCCCGGGGGGGGCCCGGCCGGGGGGGCGGGGGGGGG	50387852	50388151	50388152	50388075	50388118	33	50403363	50403662	50403364	50403501	50403544	118	85
LigP_138187579_138187833	upstream_LG	downstream_LG	33	87.879	233	265	171	203	4.34e-06	CCCCCGCGCCGGCGCCCGCGGCGGCCGGGCGGG	CCCCCCCGCCGGGGCCCGGGGGGGCCGGGCGGG	138187280	138187579	138187580	138187513	138187545	34	138187833	138188132	138187834	138188004	138188036	96	62
LigP_108091304_114423852	upstream_LG	downstream_LG	33	93.939	174	206	171	203	7.31e-11	GGGGCCCGCCCGCCCGCCCCGCGGGGGCCGGGC	GGGGGCCGCCCGCCCGCCCCGCGGGCGCCGGGC	108091005	108091304	108091305	108091179	108091211	93	114423852	114424151	114423853	114424023	114424055	96	3
LigP_50378720_50387868	upstream_LG	downstream_LG	31	87.097	248	278	270	300	6.78e-05	CGGGCGCGGGGGCGGGCGGGCCGGGGGGCGG	CGGGCGCGGGCGGGCGGGGGCCGGGGGGCGG	50378421	50378720	50378721	50378669	50378699	21	50387868	50388167	50387869	50388138	50388168	-1	22
LigP_49171630_49295371	upstream_LG	downstream_LG	36	83.333	93	128	179	214	0.004	GGGCGCCCGCCCGCCCGCCCGCCCGCGCGCGGCCGC	GGGCGCCCGCGGGCCCCCCCGGCCCCGCGCGCCCGC	49171331	49171630	49171631	49171424	49171459	171	49295371	49295670	49295372	49295550	49295585	85	86
LigP_51671819_51941656	upstream_LG	downstream_LG	45	82.222	236	280	6	50	0.001	CCCCCGCCCCCCGCGGCCCCCCCGCCCCCCGCCGGCGCCGGGGCC	CCCCGGCCCCCCCCCGGCCCCCCGCCCCGGGCCCCCGCCGGGGCC	51671520	51671819	51671820	51671756	51671800	19	51941656	51941955	51941657	51941662	51941706	249	230
LigP_113949061_196318036	upstream_LG	downstream_LG	54	87.037	103	156	247	300	1.85e-11	GGCCCCCGCGCCGCCGCGGGCGCGCGGGCCGGGGCGGGGGGGGGGGCCGCGCGG	GGCCCCCGCCCGGCGGCCGGCGCGCGGGCGCGGGCGGGGGGGGCGGCCGCGCGG	113948762	113949061	113949062	113948865	113948918	143	196318036	196318335	196318037	196318283	196318336	-1	144
LigP_20054839_197959905	upstream_LG	downstream_LG	32	84.375	97	128	235	266	0.004	GGCGCGCGGGGGGCCCCGGGGGCGCGGGGGCG	GGCGGGCGGGGGGCCCGGCCGGCGGGGGGGCG	20054540	20054839	20054840	20054637	20054668	171	197959905	197960204	197959906	197960140	197960171	33	138
LigP_21955679_119711789	upstream_LG	downstream_LG	29	93.103	40	68	123	151	1.78e-08	CCCCCCGCGCCCGCCCCCCCGGCCCCGGC	CCCCCCGGGCCCCCCCCCCCGGCCCCGGC	21955380	21955679	21955680	21955420	21955448	231	119711789	119712088	119711790	119711912	119711940	148	83
LigP_49171631_49172461	upstream_LG	downstream_LG	35	85.714	203	237	221	255	6.78e-05	GGGGGGGCGGGGGGCGGGCCCGGCCCGGCCCCGCC	GGGGGGGCGCGGCGGGGCCCCGCCCCGGCCCCGCC	49171332	49171631	49171632	49171535	49171569	62	49172461	49172760	49172462	49172682	49172716	44	18
LigP_53046731_53114679	upstream_LG	downstream_LG	36	88.889	139	174	137	172	7.04e-08	GGGCGGCGCGGGCGGGGGGGCGGCCGGGCCCCGGGC	GGGCGGCCCGGGCGGGGGCGCGGCGGGCCCCCGGGC	53046432	53046731	53046732	53046571	53046606	125	53114679	53114978	53114680	53114816	53114851	127	2
LigP_197957922_197959867	upstream_LG	downstream_LG	30	86.667	98	127	93	122	0.000268	GGGCGCCGGCCCCGGGCGCCCGCCCCGGGG	GGGCGCCGGCCGCGCGCGGGCGCCCCGGGG	197957623	197957922	197957923	197957721	197957750	172	197959867	197960166	197959868	197959960	197959989	177	5
LigP_52038305_52039105	upstream_LG	downstream_LG	32	84.375	35	66	127	158	0.004	GGGGCCGGGCCCGGGGCCGGGGCCCCCCCCCC	GGGGCCGGGGCGGGGGCCGCGCCCCCCGCCCC	52038006	52038305	52038306	52038041	52038072	233	52039105	52039404	52039106	52039232	52039263	141	92
LigP_47825178_47825364	upstream_LG	downstream_LG	30	83.333	264	293	101	130	0.065	CCCCCCCCGGGCCGCGCCCGCCCCGGCCGC	CCCCCCCGGGGCCCCGCGCCCCCCGCCCGC	47824879	47825178	47825179	47825143	47825172	6	47825364	47825663	47825365	47825465	47825494	169	163
LigP_58116449_157088891	upstream_LG	downstream_LG	48	87.5	193	240	84	131	2.89e-10	GGGGCCCCCGGGGGGGCGGCCGCCCGGGCGCGGGCGCGCCCCGGCCCG	GGGGCCCCCGGGGGGGCCGCCCCCCGCGGGGGGGCGCGCCCCCGCCCG	58116150	58116449	58116450	58116343	58116390	59	157088891	157089190	157088892	157088975	157089022	168	109
LigP_50593433_50616758	upstream_LG	downstream_LG	30	83.333	220	249	253	282	0.065	CCGGCCCGGGGGCCCCGGGGGGGGCCCGGC	CCGGCCCCGGGGGGCCGGGCGGGCCCCGGC	50593134	50593433	50593434	50593354	50593383	50	50616758	50617057	50616759	50617011	50617040	17	33
LigP_53495674_53495761	upstream_LG	downstream_LG	52	82.692	246	297	118	169	1.72e-05	CCCCCCCCCGCCCCCCCGCCGGCCGGGGGGGGGGCCCCCGGCGGCGCCCGGG	CCCCCCCCCGGCCCGGCCCCGGCCGGCGCGGGGGCCGCGCGCGGCGCCCGGG	53495375	53495674	53495675	53495621	53495672	2	53495761	53496060	53495762	53495879	53495930	130	128
LigP_23810886_63439565	upstream_LG	downstream_LG	29	86.207	93	121	267	295	0.001	GGCCGGGGCCCCGGGCGCCGGGGGGGGGG	GGCCCGGGCCCGGGGCGGCGGCGGGGGGG	23810587	23810886	23810887	23810680	23810708	178	63439565	63439864	63439566	63439832	63439860	4	174
LigP_182680288_182682173	upstream_LG	downstream_LG	33	84.848	108	140	52	84	0.001	GGGGCGGGGCCGGGGGCGGGGCGGGGCCGCGGG	GGGGCGGGGGCGGGCGCCGGGCCGGGCCCCGGG	182679989	182680288	182680289	182680097	182680129	159	182682173	182682472	182682174	182682225	182682257	215	56
LigP_30607292_30693379	upstream_LG	downstream_LG	30	86.667	96	125	24	53	0.000268	CGGGGGGGGCCCCCCCCGCGGCGCCCGCGC	CGGGGGGGGGGCCGCCCGCGGCGCCGGCGC	30606993	30607292	30607293	30607089	30607118	174	30693379	30693678	30693380	30693403	30693432	246	72
LigP_108091342_108132074	upstream_LG	downstream_LG	33	87.879	23	55	167	199	4.34e-06	CGCCCGCCCCCCCGCCCGCCCCCCGCCCGCGGG	CGCCCCCCCGCCCGCCGGCCCCCGGCCCGCGGG	108091043	108091342	108091343	108091066	108091098	244	108132074	108132373	108132075	108132241	108132273	100	144
LigP_108091293_114350516	upstream_LG	downstream_LG	39	82.051	133	171	22	60	0.017	CGCGGCCGCCGCCGCCGGCGCGGCGCCCCCCCCGGCCGC	CGCGGCCGGCGGCGCCCGCCCGCCGGCCCCCCCCGCCGC	108090994	108091293	108091294	108091127	108091165	128	114350516	114350815	114350517	114350538	114350576	239	111
LigP_48638344_48641051	upstream_LG	downstream_LG	43	83.721	138	180	217	259	6.78e-05	CCCCCGCCCGCGCCGCCGCCCCCCCGGGGGCGGCCCCCGCCCC	CCCCGGCCCGCGCCGCGGGCGCGCCGGGGGCCGCCCGCGCCCC	48638045	48638344	48638345	48638183	48638225	119	48641051	48641350	48641052	48641268	48641310	40	79
LigP_52039470_52052785	upstream_LG	downstream_LG	47	80.851	223	269	132	178	0.017	CCCGGCGGGGGCGGGGGGCGGGGCCGGGCGCGGGGGGGGGGGCCCGC	CCCGGCCGGGGGGGGGGGGGGGGGCCGGGGCCCGGGGGGGGGGCCGC	52039171	52039470	52039471	52039394	52039440	30	52052785	52053084	52052786	52052917	52052963	121	91
LigP_159580530_197959887	upstream_LG	downstream_LG	34	82.353	162	195	255	288	0.065	CGGGGCCGGGCGGCGGCCCCCCCCGGCCGGGGGG	CGGGGGCGGGCGGGGGGCCCGGCCGGCGGGGGGG	159580231	159580530	159580531	159580393	159580426	104	197959887	197960186	197959888	197960142	197960175	11	93
LigP_52039454_102809590	upstream_LG	downstream_LG	47	82.979	169	215	246	292	6.78e-05	GGCCCCCGGCGGGCCCCGGCCGCGCGGGGGGGGGGGGGGGCGCGGGG	GGCCCGCGGGGGGCCGCGGGCGCCCGGCGGGGCGGGGGGGCGGGGGG	52039155	52039454	52039455	52039324	52039370	84	102809590	102809889	102809591	102809836	102809882	7	77
LigP_49673787_186206432	upstream_LG	downstream_LG	30	86.667	220	249	95	124	0.000268	CCGGCCCCGCGGCGGGCCCGGGGGGGCCCC	CCGGGCCCGGGGCGGCCCCGCGGGGGCCCC	49673488	49673787	49673788	49673708	49673737	50	186206432	186206731	186206433	186206527	186206556	175	125
LigP_50388151_50542065	upstream_LG	downstream_LG	29	86.207	97	125	163	191	0.001	GGGGGGGCGGGGGGCGGGGCCGGGCCCGG	GGGGGGGGGGGGGGGGGGCCGGGGCCCGG	50387852	50388151	50388152	50387949	50387977	174	50542065	50542364	50542066	50542228	50542256	108	66
LigP_52032224_52039103	upstream_LG	downstream_LG	29	89.655	174	202	255	283	4.34e-06	GGCCCGGGGGCCCCGGCCCCGCCCCCCCC	GGCCCGGGGCCCCGGGCCCCGCGCCCCCC	52031925	52032224	52032225	52032099	52032127	97	52039103	52039402	52039104	52039358	52039386	16	81
LigP_123644614_123644554	upstream_LG	downstream_LG	35	85.714	52	86	223	257	6.78e-05	GGCCCCGGGCGCGGGCGGGCCCCCCGGCGCCCGGG	GGCCCCGGGCCCGGGCGCCCCCCCCCGCCCCCGGG	123644315	123644614	123644615	123644367	123644401	213	123644554	123644853	123644555	123644777	123644811	42	171
LigP_49171609_49173209	upstream_LG	downstream_LG	50	84.0	193	242	63	112	1.1e-06	GGCGGGGGGGGGCCCCCCCGGGCCGGGGGGGGGGGGGGGCGGGGGGCGGG	GGCGGGGGGCGGCGGCCCGGGCCCGGGCCGGGGGGGGCGCGGGGGGCGGG	49171310	49171609	49171610	49171503	49171552	57	49173209	49173508	49173210	49173272	49173321	187	130
LigP_49689404_49722092	upstream_LG	downstream_LG	35	82.857	232	266	189	223	0.017	GCGCGCCGCGCCCCGCCGCGGCGGGGCCGGGGGCG	GCGCGCCCCCCCCCGCGGCCGCCGGGGCGGGGGCG	49689105	49689404	49689405	49689337	49689371	33	49722092	49722391	49722093	49722281	49722315	76	43
LigP_157089216_157135334	upstream_LG	downstream_LG	31	87.097	158	188	6	36	6.78e-05	GCGGGCCCCCGCCCCCGCCGGGGGCGCCGGC	GCGGGCGCCCGCCGGCGGCGGGGGCGCCGGC	157088917	157089216	157089217	157089075	157089105	111	157135334	157135633	157135335	157135340	157135370	263	152
LigP_46899777_46900354	upstream_LG	downstream_LG	30	83.333	122	151	38	67	0.065	CGGCCCCGGCCCCGCCCCGGGCCCGGGGGG	CGGCCCCGGGCCCGGCGCGCCCCCGGGGGG	46899478	46899777	46899778	46899600	46899629	148	46900354	46900653	46900355	46900392	46900421	232	84
LigP_48990289_49029195	upstream_LG	downstream_LG	37	86.486	218	254	176	212	4.34e-06	GCGGGCGCCCCCGCGGCCCCCCCCCCGGGCGCGCGCG	GCGGGGGCCCCCGCGGCGCGGCCCCCGGGGGCGCGCG	48989990	48990289	48990290	48990208	48990244	45	49029195	49029494	49029196	49029371	49029407	87	42
LigP_52039520_157669199	upstream_LG	downstream_LG	31	87.097	138	168	31	61	6.78e-05	GGGGGCGCGGGGCCCGGGGCCCCGGGCCCCC	GGGGGCGGCGGGCCCGGGGGCCGGGGCCCCC	52039221	52039520	52039521	52039359	52039389	131	157669199	157669498	157669200	157669230	157669260	238	107
LigP_38166120_122985740	upstream_LG	downstream_LG	39	84.615	245	283	16	54	6.78e-05	CGGGGCCGGGGGCCCGCGGGGCGCCCGCGCCGGGGGGCG	CGGGGCCGCGGGCCGGCGCGGCCGCCCCGCCGGGGGGCG	38165821	38166120	38166121	38166066	38166104	16	122985740	122986039	122985741	122985756	122985794	245	229
LigP_108091303_108092559	upstream_LG	downstream_LG	29	89.655	68	96	239	267	4.34e-06	CCCCCCCGCCCGCCCCCCGCCCGCGGGGG	CCCCCCCGGCCGCCCCCCGGCCCCGGGGG	108091004	108091303	108091304	108091072	108091100	203	108092559	108092858	108092560	108092798	108092826	32	171
LigP_51381518_172110183	upstream_LG	downstream_LG	30	83.333	251	280	119	148	0.065	GGGCCCGCGCCGCGGGGCCCCGCCGCCCCC	GGGCCCGGGCGGCGGCGCCGCCCCGCCCCC	51381219	51381518	51381519	51381470	51381499	19	172110183	172110482	172110184	172110302	172110331	151	132
LigP_129121081_182793163	upstream_LG	downstream_LG	38	89.474	152	189	166	203	4.51e-09	CCCGGGGCGCCCCGCCGGCGCCCGGGGCGGGGGGGCCC	CCCGGCGCGCCCCGCCGCCGCCCCGGGCCGGGGGGCCC	129120782	129121081	129121082	129120934	129120971	110	182793163	182793462	182793164	182793329	182793366	96	14
LigP_47825234_75083608	upstream_LG	downstream_LG	31	87.097	222	252	224	254	6.78e-05	CGCCCGCCCCGGCCGCGCCGGGGGGGCCGCC	CGCCCGCCCCCGCCCCGCCGCGGGCGCCGCC	47824935	47825234	47825235	47825157	47825187	47	75083608	75083907	75083609	75083832	75083862	45	2
LigP_49723709_49723685	upstream_LG	downstream_LG	37	83.784	209	245	97	133	0.001	GGCGCGGCGGGGCGGGCCCGCCGCGGGGGCCCGCCGG	GGCGCGGCGCCGGGGGCGCGCGGCGGGGGCCGGCCGG	49723410	49723709	49723710	49723619	49723655	54	49723685	49723984	49723686	49723782	49723818	166	112
LigP_52017251_52039098	upstream_LG	downstream_LG	40	90.0	247	286	200	239	2.89e-10	GCCCCCCGGGGGCCCCCGGGCGGGGGCGGGGGCGGGGGGC	GCCCGCCGGGGGCCCCCCGGCGGGGGGGGGCGCGGGGGGC	52016952	52017251	52017252	52017199	52017238	13	52039098	52039397	52039099	52039298	52039337	60	47
LigP_12927738_12927759	upstream_LG	downstream_LG	32	87.5	101	132	164	195	1.72e-05	CCGCCGCCCCCCCCCCGCCCCCGCCCGCCCCC	CCGCCGCCCCGCCGCCCCCCCCGCCCCCCCCC	12927439	12927738	12927739	12927540	12927571	167	12927759	12928058	12927760	12927923	12927954	104	63
LigP_196082426_196196521	upstream_LG	downstream_LG	30	86.667	234	263	237	266	0.000268	CCCGGCGGCCCGGCGGCCCCCGCCCGGCCC	CCCGGGGGCCCGCCGGGCCCGGCCCGGCCC	196082127	196082426	196082427	196082361	196082390	36	196196521	196196820	196196522	196196758	196196787	33	3
LigP_108091391_108092779	upstream_LG	downstream_LG	36	86.111	151	186	215	250	1.72e-05	CCCCGGGCCGCGCCCCGCCGCGCCCGCCCGCCCCCG	CCCCGGGCCGCCCCCCCCGGGGCGCGCCCGCCCCCG	108091092	108091391	108091392	108091243	108091278	113	108092779	108093078	108092780	108092994	108093029	49	64
LigP_126356501_126356705	upstream_LG	downstream_LG	36	88.889	205	240	83	118	7.04e-08	GGCGGCGCCGGGGCGGGGGGGGGGGGGCGGGCCGGG	GGCGGCGCCGGGGGCGGGGGGGGGGCGCGGGGCGGG	126356202	126356501	126356502	126356407	126356442	59	126356705	126357004	126356706	126356788	126356823	181	122
LigP_128428746_128433617	upstream_LG	downstream_LG	29	89.655	230	258	236	264	4.34e-06	GGGGCCGGGCGCGCCCCCCCGCCGGGCCC	GGGGGCGGGCGCGCGCCCCGGCCGGGCCC	128428447	128428746	128428747	128428677	128428705	41	128433617	128433916	128433618	128433853	128433881	35	6
LigP_128428795_128428854	upstream_LG	downstream_LG	40	82.5	57	96	104	143	0.004	GCCCCGGGGCGCGCGGCGCGCGCGCCCGCCGCCCCCCCCC	GCCCCGGGCCCCGCGGCGGGCCCGGCCCGCGCCCCCCCCC	128428496	128428795	128428796	128428553	128428592	203	128428854	128429153	128428855	128428958	128428997	156	47
LigP_51671304_51699125	upstream_LG	downstream_LG	31	87.097	87	117	99	129	6.78e-05	GGGCGCGCGCCCGCCGCCGCGGGGGCGGGGC	GGGCGCGCGCGGGCCGCCCCGGCGGCGGGGC	51671005	51671304	51671305	51671092	51671122	182	51699125	51699424	51699126	51699224	51699254	170	12
LigP_138434856_138436792	upstream_LG	downstream_LG	39	82.051	219	257	169	207	0.017	GGGGGGCGGGGCCGCGGCGGCGGGGCGCGGGCGGGGGGG	GGGGGCCGGGGCCGCCCCCGCGGCGCGCGCGGGGGGGGG	138434557	138434856	138434857	138434776	138434814	42	138436792	138437091	138436793	138436961	138436999	92	50
LigP_48716127_48717017	upstream_LG	downstream_LG	39	84.615	239	277	261	299	6.78e-05	CCCGGGCCGCGCGGCGCGGCCGCGCGGGCCCCGCGGCGG	CCCGGGCCGCCCGGCCCGCGCGCGCGGCCCCCGGGGCGG	48715828	48716127	48716128	48716067	48716105	22	48717017	48717316	48717018	48717278	48717316	0	22
LigP_127681162_127775622	upstream_LG	downstream_LG	35	85.714	60	94	161	195	6.78e-05	CGCGGGCCCGCGCCCCGGGGCGCGGCCCGGGGGGG	CGCGGGCCCGCCCCCCGCGGCCCCGCCGGGGGGGG	127680863	127681162	127681163	127680923	127680957	205	127775622	127775921	127775623	127775783	127775817	104	101
LigP_52039462_52040141	upstream_LG	downstream_LG	36	83.333	237	272	151	186	0.004	GGGGGCGGGGGGCGGGGCCGGGCGCGGGGGGGGGGG	GGGGGGGGGGGGGGGGGGGGGGCGCGGCGGCGGGGG	52039163	52039462	52039463	52039400	52039435	27	52040141	52040440	52040142	52040292	52040327	113	86
LigP_42582017_53101097	upstream_LG	downstream_LG	30	83.333	260	289	183	212	0.065	GCGCGGGCCCCGGGCCGCCCCGCCCCCCCC	GCGCGGGGCCCGGCCCCCGCCCCCCCCCCC	42581718	42582017	42582018	42581978	42582007	10	53101097	53101396	53101098	53101280	53101309	87	77
LigP_108091342_190060550	upstream_LG	downstream_LG	39	92.308	151	189	7	45	4.68e-12	GCCCCGCGGGGGCCGGGCGCCCGCCCCGGGGCGGCGGCG	GCCCCGCGGGGGCGGGGCGCCCGGCCGGGGGCGGCGGCG	108091043	108091342	108091343	108091194	108091232	110	190060550	190060849	190060551	190060557	190060595	254	144
