LigP_ID	query_ID	subject_ID	length	perc_id	q_start	q_end	s_start	s_end	evalue	q_seq	s_seq	start_harbor	end_harbor	end_LG1	start_homolog1	end_homolog1	LG1_distance	start_harbor2	end_harbor2	end_LG2	start_homolog2	end_homolog2	LG2_distance	Ligshift
LigP_794464_972378	upstream_LG	downstream_LG	35	85.714	254	288	175	209	6.78e-05	GGCGGGGGGCCGGGGGGCCCGCGGCCGGCCCCCGG	GGCGGGGGGCGGGGGGGCCGCGGCCCGGCCCCCGG	794165	794464	794465	794419	794453	11	972378	972677	972379	972553	972587	90	79
LigP_900332_2462736	upstream_LG	downstream_LG	37	83.784	74	110	9	45	0.001	CGGGGGCGCCCGCCCCCCCGCGCGCGCCCGCCCCCGC	CGGGGGCGCCCCCGCCGCCCCCCGCGCCCGCCGCCGC	900033	900332	900333	900107	900143	189	2462736	2463035	2462737	2462745	2462781	254	65
LigP_6910047_6910598	upstream_LG	downstream_LG	32	87.5	210	241	16	47	1.72e-05	GGGGGCCCCCCGCGGGGGCCGGGCCGCGGGCC	GGGGGCCCCCGGCGGGGGGGGGGCCGGGGGCC	6909748	6910047	6910048	6909958	6909989	58	6910598	6910897	6910599	6910614	6910645	252	194
LigP_2756081_2925482	upstream_LG	downstream_LG	34	97.059	171	204	41	74	7.58e-14	GGGCCCGGCGGCCGCCGCGCGCGCCCCCGCCCCC	GGGCCCGGCGGCCGCGGCGCGCGCCCCCGCCCCC	2755782	2756081	2756082	2755953	2755986	95	2925482	2925781	2925483	2925523	2925556	225	130
LigP_1010345_1011091	upstream_LG	downstream_LG	31	83.871	196	226	211	241	0.017	GGGGCCGCGCGGCGGCCCCCGGGCCCCCCCC	GGGGCCGGCCGGGGGCCGCCGCGCCCCCCCC	1010046	1010345	1010346	1010242	1010272	73	1011091	1011390	1011092	1011302	1011332	58	15
LigP_145180528_145203124	upstream_LG	downstream_LG	37	86.486	92	128	3	39	4.34e-06	CGGGCCCCCCCCCCCGCGCCGGCGCGGGGCGGGGGGG	CGGGCCCCCCCCCCCGCCCGGGCGGCGGCCGGGGGGG	145180229	145180528	145180529	145180321	145180357	171	145203124	145203423	145203125	145203127	145203163	260	89
LigP_25861116_25862533	upstream_LG	downstream_LG	30	83.333	178	207	4	33	0.065	CCCCGCCCCCCCGGCCCCGGCCCCCCGGGC	CCCCCCCCCCCCCGCCGCCGCGCCCCGGGC	25860817	25861116	25861117	25860995	25861024	92	25862533	25862832	25862534	25862537	25862566	266	174
LigP_651215_41640797	upstream_LG	downstream_LG	45	82.222	9	53	125	169	0.001	GGGGGCGGGGGCGGGGGGGGCGGCGGGGGCCCCGGGGCGGGGCCG	GGGGGGGGGCGCGGGGGCGGGGGGGGGGGCGGGGGGGCGGGGCCG	650916	651215	651216	650925	650969	246	41640797	41641096	41640798	41640922	41640966	130	116
LigP_966510_972457	upstream_LG	downstream_LG	30	86.667	226	255	215	244	0.000268	CCCCGGGGGCCGGCGCCCGCGCCCGCCCGC	CCCCCGGGGCCGGCCCCCGCCCCCCCCCGC	966211	966510	966511	966437	966466	44	972457	972756	972458	972672	972701	55	11
LigP_1003148_1011057	upstream_LG	downstream_LG	32	84.375	131	162	39	70	0.004	CCGGGGCCCCGGGGGGGGCGGCCCGGGGGGCC	CCGGGGCCCCCGGGCCCGCGCCCCGGGGGGCC	1002849	1003148	1003149	1002980	1003011	137	1011057	1011356	1011058	1011096	1011127	229	92
LigP_151014522_151015474	upstream_LG	downstream_LG	33	84.848	215	247	104	136	0.001	GCGGCCCCCGCGGCGCCCCCGCCGGGCGCCCCC	GCGGCGCCCGCGGCGCCGGCGGCGGCCGCCCCC	151014223	151014522	151014523	151014438	151014470	52	151015474	151015773	151015475	151015578	151015610	163	111
LigP_993423_1011094	upstream_LG	downstream_LG	42	80.952	46	87	1	42	0.065	GCGGGGGCGGCGGGGCCGCCCGCCCCGGGCCCGGGGGCGCCC	GCGGGGGCCCCGGGGCCCCCGGGCCCGCGCCCCGGGGGGCCC	993124	993423	993424	993170	993211	212	1011094	1011393	1011095	1011095	1011136	257	45
LigP_826099_829954	upstream_LG	downstream_LG	37	86.486	176	212	17	53	4.34e-06	GGGCGCCGGGGCCGGGGGGGGGGGCCCGGGGGGCGGG	GGGCCCCGGGGCCCCGGGGCGGGGCCCGGGGCGCGGG	825800	826099	826100	825976	826012	87	829954	830253	829955	829971	830007	246	159
LigP_145180525_145181242	upstream_LG	downstream_LG	41	82.927	90	130	78	118	0.001	CCCCGCGGGCCCCCCCCCCCGCGCCGGCGCGGGGCGGGGGG	CCCCGCCGGCCCCCCGCCGCCCGGCGCCGGGGGGCGGGGGG	145180226	145180525	145180526	145180316	145180356	169	145181242	145181541	145181243	145181320	145181360	181	12
LigP_159102386_159102642	upstream_LG	downstream_LG	40	85.0	76	115	130	169	1.72e-05	GGGCCGGGGGGGCCGGCGGGGGCGGCGGCGCCCCGGGGGG	GGGCCCGGGGGGGGGGCGCGGGCCCCGGCGCCCCGGGGGG	159102087	159102386	159102387	159102163	159102202	184	159102642	159102941	159102643	159102772	159102811	130	54
LigP_70839794_89837645	upstream_LG	downstream_LG	33	81.818	1	33	45	77	0.26	GGCGGCCGCCGCCGCCGGCGGCCGCGGCGGCGG	GGCGGCCCCCGGCGCCGCGGCCCGCGGCCGCGG	70839495	70839794	70839795	70839496	70839528	266	89837645	89837944	89837646	89837690	89837722	222	44
LigP_1520271_1521051	upstream_LG	downstream_LG	31	83.871	60	90	180	210	0.017	CCGCCGCGGGGGCGGGGGCCGGCCCCGGGCG	CCGCCGCGCCGGGGGGGGCCGGGCGCGGGCG	1519972	1520271	1520272	1520032	1520062	209	1521051	1521350	1521052	1521231	1521261	89	120
LigP_159102717_159126093	upstream_LG	downstream_LG	31	83.871	244	274	17	47	0.017	GGGGGGCGGCGGCCCGGCGCGGCCGGGCCCC	GGGGCGCGGGGGCCGGGGGCGGCCGGCCCCC	159102418	159102717	159102718	159102662	159102692	25	159126093	159126392	159126094	159126110	159126140	252	227
LigP_139556022_139651500	upstream_LG	downstream_LG	33	87.879	157	189	139	171	4.34e-06	GGCGGGGCCCCGCCCCCGGCCCGCGCCCCGCCG	GGCGGGGCCCCCCGCCCGCCCCGCCCCCCGCCG	139555723	139556022	139556023	139555880	139555912	110	139651500	139651799	139651501	139651639	139651671	128	18
LigP_1761984_1870959	upstream_LG	downstream_LG	33	84.848	80	112	213	245	0.001	CGCGGGGGCGGGGGGGGCCCGGGGCCCCGGGGG	CGCGCGGGCGGGCGGGGCCGGCGGCGCCGGGGG	1761685	1761984	1761985	1761765	1761797	187	1870959	1871258	1870960	1871172	1871204	54	133
LigP_3363596_3364685	upstream_LG	downstream_LG	44	84.091	39	82	248	291	1.72e-05	GGGCCCCGGCCGCCCCGGGGGGGGGCCGCCCCCGGGGGCCCCGC	GGGCCCCGCCCGCCCCGCGCGGGGCGCGCCCCCCCGGGCCCCGC	3363297	3363596	3363597	3363336	3363379	217	3364685	3364984	3364686	3364933	3364976	8	209
LigP_39698066_128543976	upstream_LG	downstream_LG	29	82.759	126	154	186	214	0.26	GGGGGCCCGGGCCGCGGCGCCCGGGCCCG	GGGGGCCCGCCCCGCCGCCCCGGGGCCCG	39697767	39698066	39698067	39697893	39697921	145	128543976	128544275	128543977	128544162	128544190	85	60
LigP_7022282_7067491	upstream_LG	downstream_LG	52	84.615	132	183	54	105	7.04e-08	GGGGGGGGGGCGGGGGGGGGGGGGCCCCGGCCCGGGGCCGCGGGGCGGGGCC	GGGGGGGCGGCCGGGGGGGCCCGGGCCCCGCCCGGGGCCGCGCGGCGGGGCC	7021983	7022282	7022283	7022115	7022166	116	7067491	7067790	7067492	7067545	7067596	194	78
LigP_2926504_2931311	upstream_LG	downstream_LG	30	86.667	264	293	52	81	0.000268	GCCGCCGCGCGCCCGCGGCGCGCGGCCCCG	GCCGCCCCGCCCCCCCGGCGGGCGGCCCCG	2926205	2926504	2926505	2926469	2926498	6	2931311	2931610	2931312	2931363	2931392	218	212
LigP_1465431_1567879	upstream_LG	downstream_LG	37	86.486	248	284	150	186	4.34e-06	GGGGGCGGCCCCGGGGGCGGCCGGGCGGGCGGCCCGG	GGGGGCCGCCCCGGGGGGGGCGGGGGGGGGGGCCCGG	1465132	1465431	1465432	1465380	1465416	15	1567879	1568178	1567880	1568029	1568065	113	98
LigP_145180584_145297905	upstream_LG	downstream_LG	30	93.333	66	95	152	181	4.51e-09	GGGGGGGCCCCCGCCCCCGGCGCGCGCGCC	GGGGGGGCCCCCGCGCCGGGCGCGCGCGCC	145180285	145180584	145180585	145180351	145180380	204	145297905	145298204	145297906	145298057	145298086	118	86
LigP_1010849_1011091	upstream_LG	downstream_LG	39	82.051	24	62	30	68	0.017	GGGGGGGGCCGCCCCGGGGGGCGGGGGGGGCGCCGGGGC	GGGGGGGGGCGGGCCGGGCGGCCGCGGGGGCCCCGGGGC	1010550	1010849	1010850	1010574	1010612	237	1011091	1011390	1011092	1011121	1011159	231	6
LigP_1207422_120295285	upstream_LG	downstream_LG	29	82.759	125	153	6	34	0.26	GGGCGCCCGCGGGGGCCGGGGGGGGCGCG	GGGCCCCCGGGGGGGGCGGCGCGGGCGCG	1207123	1207422	1207423	1207248	1207276	146	120295285	120295584	120295286	120295291	120295319	265	119
LigP_159017336_159102663	upstream_LG	downstream_LG	29	89.655	98	126	32	60	4.34e-06	CCCCCCCCCCCCCGCCGGCGCGCCCCGCC	CCCCCCCCCCGCGCCCGGCGCGCCCCGCC	159017037	159017336	159017337	159017135	159017163	173	159102663	159102962	159102664	159102695	159102723	239	66
LigP_9541129_16742424	upstream_LG	downstream_LG	30	86.667	147	176	112	141	0.000268	CCCCCCCCCCCGCCCGGCCCCGGCCGGGGG	CCCCCCCCCCCCGCCGCCCCCGGCGGGGGG	9540830	9541129	9541130	9540977	9541006	123	16742424	16742723	16742425	16742536	16742565	158	35
LigP_1010369_1011092	upstream_LG	downstream_LG	31	83.871	172	202	210	240	0.017	GGGGCCGCGCGGCGGCCCCCGGGCCCCCCCC	GGGGCCGGCCGGGGGCCGCCGCGCCCCCCCC	1010070	1010369	1010370	1010242	1010272	97	1011092	1011391	1011093	1011302	1011332	59	38
LigP_1502289_5800754	upstream_LG	downstream_LG	34	85.294	25	58	12	45	0.000268	CCGGCCCCCCGCCCCCCCGGCCGGCCCCCGCCCC	CCGGCCCCCCGGCCCCCGGGCCCCCGCCCGCCCC	1501990	1502289	1502290	1502015	1502048	241	5800754	5801053	5800755	5800766	5800799	254	13
LigP_150708139_151015475	upstream_LG	downstream_LG	37	81.081	12	48	157	193	0.26	GCCCCCGGGGGGGCCGCCCGGGGCGGGGGGGCCCCCG	GCCCGCGGCGGGGCGGGCCGCGGCGGCGGCGCCCCCG	150707840	150708139	150708140	150707852	150707888	251	151015475	151015774	151015476	151015632	151015668	106	145
LigP_52597287_70839371	upstream_LG	downstream_LG	37	89.189	143	179	234	270	1.78e-08	CGCGCGGGCCCGGGGCCGCGCCCGCGCCCCCGGGGGG	CGCGCGGCCCCCGGGCCGGGCCCGCGCCCCCCGGGGG	52596988	52597287	52597288	52597131	52597167	120	70839371	70839670	70839372	70839605	70839641	29	91
LigP_651199_151621347	upstream_LG	downstream_LG	31	83.871	248	278	82	112	0.017	GGCGGGGCCGGGGCGCCGGCGCCGGCGGCGG	GGCGGGGCGGCGGGGCGGGCCCCGGCGGCGG	650900	651199	651200	651148	651178	21	151621347	151621646	151621348	151621429	151621459	187	166
LigP_128811742_128811758	upstream_LG	downstream_LG	32	84.375	36	67	121	152	0.004	GGGCGCCGGGCGGCCCCGGGGCCGGCCCCCGC	GGGCCCCGGGCGGGCCCGGCCCCCGCCCCCGC	128811443	128811742	128811743	128811479	128811510	232	128811758	128812057	128811759	128811879	128811910	147	85
LigP_76213423_76213720	upstream_LG	downstream_LG	33	81.818	204	236	153	185	0.26	CCCGCCCGGGCGCCGGCCCCCCCCGCGCGGGGC	CCCGCGCGGCCGCCGGCGGCCGCCCCGCGGGGC	76213124	76213423	76213424	76213328	76213360	63	76213720	76214019	76213721	76213873	76213905	114	51
LigP_2926520_3154377	upstream_LG	downstream_LG	30	90.0	21	50	28	57	1.1e-06	GCGCCCCCCCCCCCCCGCGCCGCCCCCGCC	GCGCCGCCCCCCGCCCGCGCCGGCCCCGCC	2926221	2926520	2926521	2926242	2926271	249	3154377	3154676	3154378	3154405	3154434	242	7
LigP_2932661_2934480	upstream_LG	downstream_LG	46	84.783	18	63	17	62	1.1e-06	GGGGGGCGGGGGGCGGGCGGCGGGCCGGGGGCCGCGGGGGGCGGGG	GGGGCGCGCGGGGCGGGGGGCGGGGCCGGGGGCGCGCGGGGCGGGG	2932362	2932661	2932662	2932380	2932425	236	2934480	2934779	2934481	2934497	2934542	237	1
LigP_120922652_120923009	upstream_LG	downstream_LG	51	82.353	92	142	19	69	6.78e-05	CGGCGGGGCGGCCCCGGGGGGCGCGGGGCGCGCGGGGCGCGGGGGCGCGCG	CGGCGGGGCGGGGCCCGGGGGCCCGGGGCCGGGCGGGGGCGGGGGCGCGCG	120922353	120922652	120922653	120922445	120922495	157	120923009	120923308	120923010	120923028	120923078	230	73
LigP_1520360_3517741	upstream_LG	downstream_LG	39	87.179	100	138	102	140	2.78e-07	CGGGCCCCGCCGCCGGGGGCCCCGCCGCCGGGCCCGCCC	CGGGCCCCGCCCCCGGGGGCCGCCCCGCGGGGGCCGCCC	1520061	1520360	1520361	1520161	1520199	161	3517741	3518040	3517742	3517843	3517881	159	2
LigP_2463118_2463701	upstream_LG	downstream_LG	32	84.375	214	245	167	198	0.004	CCCCCGGCCCCGGCCCCCCCGCCCCCGCGCCC	CCCCCGCCCCCCGGCCCCCCGCCGCCCCGCCC	2462819	2463118	2463119	2463033	2463064	54	2463701	2464000	2463702	2463868	2463899	101	47
LigP_8867895_8868065	upstream_LG	downstream_LG	38	84.211	126	163	70	107	0.000268	GGGGGGGGCGCGGGGGCGGCGGCCGGGGGGGCGGCCGG	GGGGGGCGCGCGGCGGCGCCGGCGCGGGCGGCGGCCGG	8867596	8867895	8867896	8867722	8867759	136	8868065	8868364	8868066	8868135	8868172	192	56
LigP_120922724_120932119	upstream_LG	downstream_LG	39	84.615	9	47	168	206	6.78e-05	CCCGGGCCCCGCGGCGGGGCGGCCCCGGGGGGCGCGGGG	CCCGGCCCCCCCGGGGGGGGGCCCCCCGGGGGCGCGGGG	120922425	120922724	120922725	120922434	120922472	252	120932119	120932418	120932120	120932287	120932325	93	159
LigP_148439553_148440379	upstream_LG	downstream_LG	31	83.871	90	120	226	256	0.017	CCCGCGCCCGGGGCCGGGCGCCCCCCGCGCG	CCCGCGCCCCGGGGCGGGGCCCGCCCGCGCG	148439254	148439553	148439554	148439344	148439374	179	148440379	148440678	148440380	148440605	148440635	43	136
LigP_143514064_152937349	upstream_LG	downstream_LG	31	87.097	207	237	200	230	6.78e-05	CGCCCCCCGGGCCCGCGGCCCCGGCCGCCGG	CGCCCCCCCGCCCGGCGGCCGCGGCCGCCGG	143513765	143514064	143514065	143513972	143514002	62	152937349	152937648	152937350	152937549	152937579	69	7
LigP_55395887_151672177	upstream_LG	downstream_LG	46	84.783	106	151	120	165	1.1e-06	GGCCCCGCGGCCCCGGGGCGGCGGGGCGCGGGGGGGGGGGGGGGGC	GGCCCCGCGCCCCCGGGGGGCGGGGGGGGGGGCGGGGGGGGGGGGC	55395588	55395887	55395888	55395694	55395739	148	151672177	151672476	151672178	151672297	151672342	134	14
LigP_25862832_163475607	upstream_LG	downstream_LG	74	81.081	68	141	32	105	1.1e-06	CGCCCCCGGCCGCCCCCGCCCGCGCCCCCGGGGCCCCGCGCGGGGGGGGGGGCCCGGGCGGGGCCCGGCGCCCG	CGCCGCCGCCCGCCCCGGCGCGCGCCCCCGGGGGCCGGGGCGGCGGGGCCGGCCGGGGCGGCGGGCGGCGCCCG	25862533	25862832	25862833	25862601	25862674	158	163475607	163475906	163475608	163475639	163475712	194	36
LigP_70839713_70902914	upstream_LG	downstream_LG	29	89.655	253	281	28	56	4.34e-06	CCCGGGCGGCGGCGGCGGGCGGCGGCGGC	CCCGGGGGGGGGCGGCGGGCGGCCGCGGC	70839414	70839713	70839714	70839667	70839695	18	70902914	70903213	70902915	70902942	70902970	243	225
LigP_70688817_70993231	upstream_LG	downstream_LG	35	85.714	24	58	156	190	6.78e-05	CCGGGGGCCCGCGGGCCCCGGCGGCGGGGGGGCGC	CCGGGGGCCCGGGGGCGCCGGGGGGCGGGGGGCGC	70688518	70688817	70688818	70688542	70688576	241	70993231	70993530	70993232	70993387	70993421	109	132
LigP_651204_138871805	upstream_LG	downstream_LG	36	88.889	53	88	245	280	7.04e-08	GGGGCGGGGCCGCCGGGCCGGGGCCGCCCCGGGCCC	GGGGCGGGGCCGCCGGGCCCGGGGGGGCCCGGGCCC	650905	651204	651205	650958	650993	211	138871805	138872104	138871806	138872050	138872085	19	192
LigP_966564_1521226	upstream_LG	downstream_LG	41	85.366	252	292	91	131	4.34e-06	CCGCCCGCCGGGCCGCGGGGGCGGGGGCGCGGGCCGCCGGC	CCGCCCGCCGGCGCGGGGGGGGGGGGGCCGGGGCCGCCGGC	966265	966564	966565	966517	966557	7	1521226	1521525	1521227	1521317	1521357	168	161
LigP_153464397_153465942	upstream_LG	downstream_LG	33	84.848	131	163	72	104	0.001	GGGGCCGGGCGGGCCGGGCCCGCCCGGGGGGGC	GGGGCGGGGCCGCCCGGGGCCGCCCGCGGGGGC	153464098	153464397	153464398	153464229	153464261	136	153465942	153466241	153465943	153466014	153466046	195	59
LigP_15681882_87053157	upstream_LG	downstream_LG	30	86.667	214	243	85	114	0.000268	GCGGCGCCGCGGGGGGGGGCGCGGGGGGGG	GCGGCGCGGCGGGGGGCCGCGGGGGGGGGG	15681583	15681882	15681883	15681797	15681826	56	87053157	87053456	87053158	87053242	87053271	185	129
LigP_139176180_139295561	upstream_LG	downstream_LG	44	81.818	166	209	1	44	0.004	CCCGGGGCGGGGCCGGCGCCCGGCCCCGGCGGGGCCCCCCCCGC	CCCGGGGCCCGGCCCGCGCCCGCCCCCCGCGCGGGGCCCCCCGC	139175881	139176180	139176181	139176047	139176090	90	139295561	139295860	139295562	139295562	139295605	255	165
LigP_120922782_120922858	upstream_LG	downstream_LG	39	92.308	49	87	255	293	4.68e-12	GGCCGCGCGGGGCCCCGCGCCGCCCCGGGCCCGGGGGGG	GGCCGCGCGGGGGCCCGCCCCGCCCCGCGCCCGGGGGGG	120922483	120922782	120922783	120922532	120922570	212	120922858	120923157	120922859	120923113	120923151	6	206
LigP_966564_1610956	upstream_LG	downstream_LG	33	87.879	100	132	162	194	4.34e-06	GGCCGGGGGGGGCCCGGCGCCCGGGGCGCGCCC	GGCCGGGCCGGGCCGGGCGGCCGGGGCGCGCCC	966265	966564	966565	966365	966397	167	1610956	1611255	1610957	1611118	1611150	105	62
LigP_55395796_55853410	upstream_LG	downstream_LG	38	84.211	226	263	156	193	0.000268	GGGGGGGGGGGGGGGGCCCCGGGCGCGGCGCGGCGGGG	GGGGGGGGGGGGCGGCCGGCGGGCGCGGGGGGGCGGGG	55395497	55395796	55395797	55395723	55395760	36	55853410	55853709	55853411	55853566	55853603	106	70
LigP_966511_1167720	upstream_LG	downstream_LG	33	90.909	42	74	232	264	1.78e-08	CGCCCGCCCCCCCCGGGGGCCCCGGGGGGGCCC	CGCCCGCCCCCCCCCGGGGCCCCCGCGGGGCCC	966212	966511	966512	966254	966286	225	1167720	1168019	1167721	1167952	1167984	35	190
LigP_1450399_1458325	upstream_LG	downstream_LG	46	80.435	217	262	255	300	0.065	GGGGGCGGGCGGGGGCCCCGGGCCCCGGGGGGGGGGGGGGGGCCGG	GGGGCCGGGCGGGGCCCGCGCGGCGCGGGGCGGGCGCGGGGGCCGG	1450100	1450399	1450400	1450317	1450362	37	1458325	1458624	1458326	1458580	1458625	-1	38
