LigP_ID	query_ID	subject_ID	length	perc_id	q_start	q_end	s_start	s_end	evalue	q_seq	s_seq	start_harbor	end_harbor	end_LG1	start_homolog1	end_homolog1	LG1_distance	start_harbor2	end_harbor2	end_LG2	start_homolog2	end_homolog2	LG2_distance	Ligshift
LigP_73451492_73999653	upstream_LG	downstream_LG	32	84.375	177	208	112	143	0.004	CGGCGCGGGGGCCCCCGCCCGGCGCGGCCCGC	CGGCGCGGGCCCCCCCGCGCCGCGCCGCCCGC	73451193	73451492	73451493	73451370	73451401	91	73999653	73999952	73999654	73999765	73999796	156	65
LigP_10441919_10632177	upstream_LG	downstream_LG	40	85.0	179	218	175	214	1.72e-05	GCCCCCCCGCCCGGCCCGGGGGCGGCCCCGCCCCGCCCGG	GCCCCCCGGCCCGCCCCGGCGGCGCCCCCGCGCCCCCCGG	10441620	10441919	10441920	10441799	10441838	81	10632177	10632476	10632178	10632352	10632391	85	4
LigP_10250550_10441575	upstream_LG	downstream_LG	39	84.615	132	170	41	79	6.78e-05	CCCCCCCCCCGCCGCCGGGGGCCGGGGCCGCGGGCCCCG	CCCCGCCCCGGCCGCGCGGGGCCGGGGCCGGGGGGCCCG	10250251	10250550	10250551	10250383	10250421	129	10441575	10441874	10441576	10441616	10441654	220	91
LigP_9214325_9214776	upstream_LG	downstream_LG	34	88.235	254	287	88	121	1.1e-06	CGGGGCCCGCGGGGGCCCCCGGGGCCCGGGCCGG	CGGGGCCCCCGGGCGCCGCCGGCGCCCGGGCCGG	9214026	9214325	9214326	9214280	9214313	12	9214776	9215075	9214777	9214864	9214897	178	166
LigP_9649844_10441563	upstream_LG	downstream_LG	38	86.842	224	261	244	281	1.1e-06	GCGGCCCCGGGGGGGGGGGGGCCCCGCCGGGGCCGGGC	GCGGCCCCGGGCGGGGCGGGGCCGCCCCCGGGCCGGGC	9649545	9649844	9649845	9649769	9649806	38	10441563	10441862	10441564	10441807	10441844	18	20
LigP_10761236_26553360	upstream_LG	downstream_LG	29	89.655	41	69	49	77	4.34e-06	GCGCCCGCGCGCGGGGGGGGGGGGGGGGG	GCGCCCCCGCGCGGGGCGGGGGGCGGGGG	10760937	10761236	10761237	10760978	10761006	230	26553360	26553659	26553361	26553409	26553437	222	8
LigP_150632653_151064537	upstream_LG	downstream_LG	36	86.111	121	156	146	181	1.72e-05	GGGGGGGGGGGGGGGCGCGGGGGGGCGGGCCGGGGG	GGGGGGGGCGCGGGCCGGGGGGGGGGGGGCCGGGGG	150632354	150632653	150632654	150632475	150632510	143	151064537	151064836	151064538	151064683	151064718	118	25
LigP_10396848_10441563	upstream_LG	downstream_LG	63	80.952	200	262	21	83	6.78e-05	CGGCCGGGCGGGGCGGGGCGGGGGGGGCCGGGGCGCCGCGGGGGGCGGGGGGGCCGGGGGGGG	CGGCCGCGCGGGGCCGGGGCCGGGGGGCCCGGGCCCGCCGGGGGGGGGGCGGGCCGGGCGGGG	10396549	10396848	10396849	10396749	10396811	37	10441563	10441862	10441564	10441584	10441646	216	179
LigP_6733234_10441578	upstream_LG	downstream_LG	29	86.207	229	257	90	118	0.001	CGCCGGGGGCGGGGGGCGGGGCCGGGGGG	CGCCGGGCGCGGGCGGCGGGCCCGCGGGG	6732935	6733234	6733235	6733164	6733192	42	10441578	10441877	10441579	10441668	10441696	181	139
LigP_37107781_52799738	upstream_LG	downstream_LG	37	86.486	148	184	149	185	4.34e-06	CGGGCCCCGGCCCCCCGCGCCGGCCGCCGCGCCCCCG	CGGGCCCCGGCCCCCCGGGCCCCCCCCCCCGCCCCCG	37107482	37107781	37107782	37107630	37107666	115	52799738	52800037	52799739	52799887	52799923	114	1
LigP_10761255_55991782	upstream_LG	downstream_LG	38	84.211	182	219	130	167	0.000268	GGGCCCGGGCGCGGGCGCCGGGGGGCGGGCGGGCGGGG	GGGCCGGGCCGCGGGCGGCGCGGCGCGGCCGGGCGGGG	10760956	10761255	10761256	10761138	10761175	80	55991782	55992081	55991783	55991912	55991949	132	52
LigP_10202675_10441600	upstream_LG	downstream_LG	36	86.111	65	100	8	43	1.72e-05	CCGCGCGGCGGCGGGGCGGGGCGGCGCGGGCCCGCC	CCGCGCGGGGCCGGGGCCGGGGGGCCCGGGCCCGCC	10202376	10202675	10202676	10202441	10202476	199	10441600	10441899	10441601	10441608	10441643	256	57
LigP_139660780_139660884	upstream_LG	downstream_LG	35	82.857	120	154	223	257	0.017	CGGCCCCCCGCGGCCCGGGGGCCCGGGGGGGGGGG	CGGCCCGCCGCCCCCCCGGGCCCCCGGGGGGGGGG	139660481	139660780	139660781	139660601	139660635	145	139660884	139661183	139660885	139661107	139661141	42	103
LigP_40797589_62403576	upstream_LG	downstream_LG	32	81.25	178	209	151	182	1.0	CCGGGGGGGGCCGGCGGCCCCCCCCGGCGGCG	CCGGGGGCCGCCGGCCGCCGCCGCGGGCGGCG	40797290	40797589	40797590	40797468	40797499	90	62403576	62403875	62403577	62403727	62403758	117	27
LigP_139659542_139660899	upstream_LG	downstream_LG	47	85.106	91	137	186	232	2.78e-07	CCCCGCCGGCCCCCCGGGGGGGGGGCGGGCCGGCGGGGGGGGGGGCG	CCCCCCCGGGCCCCCGGGGGGGGGGGGCCGCGGCGCGGGGGGGGGCG	139659243	139659542	139659543	139659334	139659380	162	139660899	139661198	139660900	139661085	139661131	67	95
LigP_141878256_146079407	upstream_LG	downstream_LG	33	84.848	55	87	10	42	0.001	CCGGCCCCCCGCCGCGGGCCCGGGGGGGCGGGG	CCGGGCCCCCGCCGGCGCCCCGGGGGGGGGGGG	141877957	141878256	141878257	141878012	141878044	212	146079407	146079706	146079408	146079417	146079449	257	45
LigP_10761134_34928453	upstream_LG	downstream_LG	40	87.5	257	296	214	253	7.04e-08	GCCGGGGCGGCGGCGCGGCCCCCGGGCCGGGCGGGCGCGC	GCCGGGGCGGCGCCGCGGCCGCCGGGGCGCGCCGGCGCGC	10760835	10761134	10761135	10761092	10761131	3	34928453	34928752	34928454	34928667	34928706	46	43
LigP_10284403_10441568	upstream_LG	downstream_LG	35	85.714	190	224	265	299	6.78e-05	CCCCCGGGCCCGCGCCCCCCCGCGCCGCCCCGGGC	CCCCCGGGGCCGCGCGCGCGCGCGCGGCCCCGGGC	10284104	10284403	10284404	10284294	10284328	75	10441568	10441867	10441569	10441833	10441867	0	75
LigP_10396848_10441532	upstream_LG	downstream_LG	63	80.952	200	262	52	114	6.78e-05	CGGCCGGGCGGGGCGGGGCGGGGGGGGCCGGGGCGCCGCGGGGGGCGGGGGGGCCGGGGGGGG	CGGCCGCGCGGGGCCGGGGCCGGGGGGCCCGGGCCCGCCGGGGGGGGGGCGGGCCGGGCGGGG	10396549	10396848	10396849	10396749	10396811	37	10441532	10441831	10441533	10441584	10441646	185	148
LigP_170013061_176626415	upstream_LG	downstream_LG	29	86.207	271	299	223	251	0.001	CGGGGGCCCGGGGGCCCGGGCCGGGGGGG	CGGGGGCCGGGGGGCGGGGGCGGGGGGGG	170012762	170013061	170013062	170013033	170013061	0	176626415	176626714	176626416	176626638	176626666	48	48
LigP_135108187_135110865	upstream_LG	downstream_LG	33	87.879	144	176	8	40	4.34e-06	GGCCCCCGGGGGCCCCCGCGGCCCGCGGGCCCC	GGCCCCCGGCCGGCCCCGGGGCCCGCGGGCCCC	135107888	135108187	135108188	135108032	135108064	123	135110865	135111164	135110866	135110873	135110905	259	136
LigP_138946280_175442329	upstream_LG	downstream_LG	34	85.294	203	236	74	107	0.000268	GGGGGCGGGCGCGCCGGGGCCCGGGCCCGGGGGG	GGGGGCGGGCGCGGCGCGCCGCGGCCCCGGGGGG	138945981	138946280	138946281	138946184	138946217	63	175442329	175442628	175442330	175442403	175442436	192	129
LigP_132228915_132410586	upstream_LG	downstream_LG	29	89.655	209	237	272	300	4.34e-06	CCGGGGGGCGGGCCCGGGGCGGGGGGCGC	CCGGGGGGCGGGGCCGGGGCCGGGCGCGC	132228616	132228915	132228916	132228825	132228853	62	132410586	132410885	132410587	132410858	132410886	-1	63
LigP_109888597_123700111	upstream_LG	downstream_LG	31	87.097	164	194	195	225	6.78e-05	GCCCGCGCGCGCCCGCCCCGCCCCGCCCCCC	GCCCGCGGGCGCCCGGCCGGCGCCGCCCCCC	109888298	109888597	109888598	109888462	109888492	105	123700111	123700410	123700112	123700306	123700336	74	31
LigP_37840422_37842113	upstream_LG	downstream_LG	42	80.952	74	115	77	118	0.065	GGCCGGGGCGCGGGCGGGCGGCGCGGGGCGCCCCCCCCCGGG	GGCCGGGCCGCCGGCGGGGGCCGGCGGGCGCCCGCCGCCGGG	37840123	37840422	37840423	37840197	37840238	184	37842113	37842412	37842114	37842190	37842231	181	3
LigP_135069038_135107984	upstream_LG	downstream_LG	33	81.818	231	263	120	152	0.26	CCGCGGCCCCCCCGGGGGGCCGGGGGCCCGGGG	CCGCCGCCCCGCCCGGGGGCCCCGGCCCCGGGG	135068739	135069038	135069039	135068970	135069002	36	135107984	135108283	135107985	135108104	135108136	147	111
LigP_73451451_73497101	upstream_LG	downstream_LG	33	84.848	171	203	236	268	0.001	GGCCGGCGCGGGGGGCCGGGGCCCCCCCCGGGG	GGCCGGCGGGGGCGGCCGCGCCGCCCCCCGGGG	73451152	73451451	73451452	73451323	73451355	96	73497101	73497400	73497102	73497337	73497369	31	65
LigP_73450931_73451164	upstream_LG	downstream_LG	29	89.655	151	179	133	161	4.34e-06	GCCCGGGGGCGGGGCGGGGGGGGGGGGCC	GCCCGGGGGCGGGGGGCCGGGGGGGGGCC	73450632	73450931	73450932	73450783	73450811	120	73451164	73451463	73451165	73451297	73451325	138	18
LigP_10441912_34008173	upstream_LG	downstream_LG	34	85.294	120	153	37	70	0.000268	GCGCCCGGCCCGCGCGGCCCCGGGCCGCCGGGGG	GCGCCCGGCGCCGGCGGCCCCGGGGGGCCGGGGG	10441613	10441912	10441913	10441733	10441766	146	34008173	34008472	34008174	34008210	34008243	229	83
LigP_9849156_10441575	upstream_LG	downstream_LG	34	82.353	163	196	39	72	0.065	CCGGCCCCGGGGGGCGGGGCCGGGGGGGCGCGGG	CCGGCCGCGCGGGGCCGGGGCCGGGGGGCCCGGG	9848857	9849156	9849157	9849020	9849053	103	10441575	10441874	10441576	10441614	10441647	227	124
LigP_9979702_10441596	upstream_LG	downstream_LG	30	90.0	190	219	194	223	1.1e-06	CCCCGGGCGGGGCCGGGGGGCGCCGCCGCG	CCCCGGGCCGGGCGGGGGGGCGCCGGCGCG	9979403	9979702	9979703	9979593	9979622	80	10441596	10441895	10441597	10441790	10441819	76	4
LigP_10761235_140549931	upstream_LG	downstream_LG	31	87.097	80	110	124	154	6.78e-05	GGCGGGCGGGCGCCCGGCCCCGGCCCCCGGC	GGCGGGCCGCCGCCCCGCCCCGGGCCCCGGC	10760936	10761235	10761236	10761016	10761046	189	140549931	140550230	140549932	140550055	140550085	145	44
LigP_176625236_176626416	upstream_LG	downstream_LG	33	84.848	1	33	204	236	0.001	CGGGGGCGGGGGGCGGCGCGGGGCCCCCCGCGG	CGGGGGCGGGGGGGGCCCCCGGGGCCCCCGCGG	176624937	176625236	176625237	176624938	176624970	266	176626416	176626715	176626417	176626620	176626652	63	203
LigP_135108280_135120793	upstream_LG	downstream_LG	38	86.842	161	198	27	64	1.1e-06	CGGGGGCGCCCCGCGGGCGCGGCGGGGGCCCGCCCCGG	CGGGGGCGCCCCCCGGGCCCCGCGGGCGCCGGCCCCGG	135107981	135108280	135108281	135108142	135108179	101	135120793	135121092	135120794	135120820	135120857	235	134
LigP_135474497_135534949	upstream_LG	downstream_LG	38	92.105	38	75	80	117	1.85e-11	CCCGCCGGCCCCGCGGCCCCGCCCCCCCCCCCCGGGGC	CCCGCCGCCCCGGCGGCCCCGCCCCCCCCCCCCCGGGC	135474198	135474497	135474498	135474236	135474273	224	135534949	135535248	135534950	135535029	135535066	182	42
LigP_79236022_79373776	upstream_LG	downstream_LG	34	85.294	73	106	261	294	0.000268	CCGGGGGCCCCGGCGCCCGGGGCCCGGGGCGCCC	CCGGGGGGCCCGGCGCGGGGGGCCGGGGGGGCCC	79235723	79236022	79236023	79235796	79235829	193	79373776	79374075	79373777	79374037	79374070	5	188
LigP_135930654_135933278	upstream_LG	downstream_LG	30	83.333	7	36	5	34	0.065	CGCGCCCCCGGCGCGCGGGGCCGGCCCCGC	CGCGCGCCCCGCGCCCGGGGGCCGCCCCGC	135930355	135930654	135930655	135930362	135930391	263	135933278	135933577	135933279	135933283	135933312	265	2
LigP_10441777_10554434	upstream_LG	downstream_LG	40	82.5	120	159	29	68	0.004	CCCCCCCCCCGGCGGGCCCGGGCCCCCCGGCCCCGGCCCC	CCCCCGCCCCGGCGCCCCGGGGGCCCCCGCCCCGGGCCCC	10441478	10441777	10441778	10441598	10441637	140	10554434	10554733	10554435	10554463	10554502	231	91
LigP_177299776_177311687	upstream_LG	downstream_LG	37	86.486	262	298	240	276	4.34e-06	CGGGCGCGGGGCCCCGGGGGCCCGGCGGGGCCCCGCG	CGGGCGGGGCGCCCCGGGGGCGGGGCGGGCCCCCGCG	177299477	177299776	177299777	177299739	177299775	1	177311687	177311986	177311688	177311927	177311963	23	22
LigP_135397930_150517751	upstream_LG	downstream_LG	30	86.667	194	223	183	212	0.000268	CGGCCCGGGCCCCCCGCCCGGGCCCGGGGC	CGGCCCCGCCCCCCGGCCCGGGGCCGGGGC	135397631	135397930	135397931	135397825	135397854	76	150517751	150518050	150517752	150517934	150517963	87	11
LigP_52800041_52948401	upstream_LG	downstream_LG	37	83.784	144	180	32	68	0.001	GCGGGGGCGGGGGGGGGGGCCCGGGGGGCCGGGGCCC	GCGGGGGGGCGGGGGGGGGCGGGGGCGGCCGGCGCCC	52799742	52800041	52800042	52799886	52799922	119	52948401	52948700	52948402	52948433	52948469	231	112
LigP_71728507_73451157	upstream_LG	downstream_LG	33	84.848	205	237	76	108	0.001	GGGGCGGGGGGCGCGGGGGCGGGCGCGGCGGGG	GGGGGGGGGGGCCCGGGGCGGGGGGCGGCGGGG	71728208	71728507	71728508	71728413	71728445	62	73451157	73451456	73451158	73451233	73451265	191	129
LigP_73450823_73451169	upstream_LG	downstream_LG	29	89.655	259	287	128	156	4.34e-06	GCCCGGGGGCGGGGCGGGGGGGGGGGGCC	GCCCGGGGGCGGGGGGCCGGGGGGGGGCC	73450524	73450823	73450824	73450783	73450811	12	73451169	73451468	73451170	73451297	73451325	143	131
LigP_472622_472765	upstream_LG	downstream_LG	34	85.294	170	203	221	254	0.000268	GCCCCCGCGCCGGGCGCGGCGGCCCGGGCCGGGG	GCCCCCGCGCCGCGCGCCGCCGCGCGCGCCGGGG	472323	472622	472623	472493	472526	96	472765	473064	472766	472986	473019	45	51
LigP_10761300_16550209	upstream_LG	downstream_LG	35	91.429	154	188	265	299	1.14e-09	CCGGGGGGCGGGCGGGCGGGGGGGCGGCGCGCGCG	CCGGGGGGCGGGCGGGCCGGCGGGCGGCGGGCGCG	10761001	10761300	10761301	10761155	10761189	111	16550209	16550508	16550210	16550474	16550508	0	111
LigP_176076843_178022158	upstream_LG	downstream_LG	33	84.848	253	285	263	295	0.001	CCCCCCCCCGGCCGGGCCCCGCCCCGGGGGGGG	CCCCCCCCGGGGCGGGGCCCGGCCGGGGGGGGG	176076544	176076843	176076844	176076797	176076829	14	178022158	178022457	178022159	178022421	178022453	4	10
LigP_9211211_10441608	upstream_LG	downstream_LG	30	86.667	38	67	77	106	0.000268	CCCGGGGCGGCCCCCGGCCCCCGGGGGCGG	CCCGGGCCGGCCCCCCGCCGCCGGGCGCGG	9210912	9211211	9211212	9210950	9210979	232	10441608	10441907	10441609	10441685	10441714	193	39
LigP_73436205_73451173	upstream_LG	downstream_LG	35	82.857	191	225	60	94	0.017	GCGGGGGGGCGGGGGCCGGGCGGCGGGCGGGGGGG	GCGGGGGGGGGGGCCCGGGGCGGGGGGCGGCGGGG	73435906	73436205	73436206	73436097	73436131	74	73451173	73451472	73451174	73451233	73451267	205	131
LigP_79236005_90517338	upstream_LG	downstream_LG	33	84.848	107	139	77	109	0.001	CGGGGCCCGGGGCGCCCCGGCCCCCCCGCCCCG	CGGGGCCCGGCGGGGCCCGGGCCGCCCGCCCCG	79235706	79236005	79236006	79235813	79235845	160	90517338	90517637	90517339	90517415	90517447	190	30
LigP_73277857_75236672	upstream_LG	downstream_LG	29	86.207	29	57	137	165	0.001	CGGCGCCCCCGGGGCGCCCCCCGGCCCCC	CGGCGGCCCCGCGGCGGGCCCCGGCCCCC	73277558	73277857	73277858	73277587	73277615	242	75236672	75236971	75236673	75236809	75236837	134	108
LigP_181161440_181161585	upstream_LG	downstream_LG	30	86.667	150	179	234	263	0.000268	GGGGCGGGGCCGGGGCCGGCGGCCCGGGGG	GGGGCGGGGCCCGGGCGGGCCGGCCGGGGG	181161141	181161440	181161441	181161291	181161320	120	181161585	181161884	181161586	181161819	181161848	36	84
LigP_521780_523224	upstream_LG	downstream_LG	31	87.097	215	245	121	151	6.78e-05	GGGCGGGGCCGGGGGGGCCCCCGCCGCGGCG	GGGCGGGGCCGGGGCGGCGGGCGCCGCGGCG	521481	521780	521781	521696	521726	54	523224	523523	523225	523345	523375	148	94
LigP_141225588_141236333	upstream_LG	downstream_LG	44	81.818	25	68	30	73	0.004	CGCGCCGGCCGCCCGGGGCCGCGGGGCCCGGGCCGCCCGGCGCG	CGCGCCGGGCGGCCCGGGCCCCGCGGCCCCGGGCGGCCGGCGCG	141225289	141225588	141225589	141225314	141225357	231	141236333	141236632	141236334	141236363	141236406	226	5
LigP_10441928_39073593	upstream_LG	downstream_LG	40	87.5	125	164	134	173	7.04e-08	GGGCCGCCGGGGGGCGGCGGCCGCCGCCGGCCGGGCCGCG	GGGCGGCCGGGGGGGGGCGGGGGCCGCCGCCCGGGCCGCG	10441629	10441928	10441929	10441754	10441793	135	39073593	39073892	39073594	39073727	39073766	126	9
LigP_4134238_52799758	upstream_LG	downstream_LG	34	85.294	163	196	109	142	0.000268	CCCCCCCGCCCGCGCGCGCGCCGGCCCCGGGGGG	CCCCCCCGCCCCCGCCCGCGGGGGGCCCGGGGGG	4133939	4134238	4134239	4134102	4134135	103	52799758	52800057	52799759	52799867	52799900	157	54
LigP_135108280_135211075	upstream_LG	downstream_LG	29	82.759	118	146	158	186	0.26	CGCCGCCCCGGGGCCGGGGCCCCCGGGCG	CGCCCCCCGGGGGCGGGGGGCGCCGGGCG	135107981	135108280	135108281	135108099	135108127	153	135211075	135211374	135211076	135211233	135211261	113	40
LigP_10760379_10760842	upstream_LG	downstream_LG	32	87.5	187	218	190	221	1.72e-05	CCGCCGCCGGGGGGGGGGGCGGGGGCGGGGGC	CCGCCCCCCGGGGGGGGGCCGGGGGCCGGGGC	10760080	10760379	10760380	10760267	10760298	81	10760842	10761141	10760843	10761032	10761063	78	3
LigP_139897115_139961733	upstream_LG	downstream_LG	30	86.667	247	276	7	36	0.000268	CCGCCCGCGCCCGCCCCGCCCCGCCCCCGC	CCGCCCCCGCCCCGCCGGCCCCGCCCCCGC	139896816	139897115	139897116	139897063	139897092	23	139961733	139962032	139961734	139961740	139961769	263	240
LigP_9214355_37552546	upstream_LG	downstream_LG	31	87.097	21	51	203	233	6.78e-05	CCGGCCGGGGGGCGGGGCCGGGCGGGGCGGG	CCGGCCCGGGGCCGGCGCCGGGCGCGGCGGG	9214056	9214355	9214356	9214077	9214107	248	37552546	37552845	37552547	37552749	37552779	66	182
LigP_73451483_73497619	upstream_LG	downstream_LG	29	89.655	122	150	127	155	4.34e-06	CCGGCCCCCCGCCCCCGGGCCGGCGCGGG	CCGGCCCCCGGGCGCCGGGCCGGCGCGGG	73451184	73451483	73451484	73451306	73451334	149	73497619	73497918	73497620	73497746	73497774	144	5
LigP_1129385_10441593	upstream_LG	downstream_LG	41	82.927	210	250	62	102	0.001	GCCGGGGGCGGGCGGGGCGCCCGGGCGGCGCCCCCGCCCCC	GCCGGGCGCGGGCGGCGGGCCCGCGGGGGGCCCCCCCCCCC	1129086	1129385	1129386	1129296	1129336	49	10441593	10441892	10441594	10441655	10441695	197	148
LigP_9214295_9214414	upstream_LG	downstream_LG	31	87.097	152	182	62	92	6.78e-05	GGCGGGGCGCGCCCCCGGGGCCGCGCGCCGC	GGCGGGCCGGGCCCCCCGGGCCCCGCGCCGC	9213996	9214295	9214296	9214148	9214178	117	9214414	9214713	9214415	9214476	9214506	207	90
LigP_132203967_132204250	upstream_LG	downstream_LG	34	85.294	192	225	123	156	0.000268	GGGGGGGGCGGGGGGGGGGGGGCGGGGGGGCGGG	GGGGGGGGGGGGGGGCGGGCGGCGGCCGGGCGGG	132203668	132203967	132203968	132203860	132203893	74	132204250	132204549	132204251	132204373	132204406	143	69
LigP_151064913_151067984	upstream_LG	downstream_LG	41	87.805	79	119	207	247	1.78e-08	CCCCCCCCCCGGCCCGCGCCCCCCCCCCGGGCCCGGGCCCC	CCCCCCCCCCCGCCCCCCCCCCCCCCGGGGGCCCGGGCCCC	151064614	151064913	151064914	151064693	151064733	180	151067984	151068283	151067985	151068191	151068231	52	128
LigP_136080227_136080433	upstream_LG	downstream_LG	36	83.333	44	79	242	277	0.004	GGGCGGGGGCGGGCCGCGCGGGGCGCCCGGGCGCGG	GGGCGGGGCCGCGCGGCGCGGGCCCCCCGGGGGCGG	136079928	136080227	136080228	136079972	136080007	220	136080433	136080732	136080434	136080675	136080710	22	198
LigP_10761134_12312788	upstream_LG	downstream_LG	39	89.744	55	93	203	241	1.14e-09	CGCCGGGGCCCGGGGCCCGCCCCGGCGCCCGCCGGGGCC	CGCCGGGGCCCGGGGCCGGGCCGGGCGCCCCCCGGGGCC	10760835	10761134	10761135	10760890	10760928	206	12312788	12313087	12312789	12312991	12313029	58	148
LigP_73451559_73453009	upstream_LG	downstream_LG	43	83.721	67	109	78	120	6.78e-05	GGCGCGGGGGGCCGGGGCCCCCCCCGGGGGCGGGCCGGGGGGG	GGCGGGGGCGGCCGCGGGCCCGCCCGGGGGCGGCCCCGGGGGG	73451260	73451559	73451560	73451327	73451369	190	73453009	73453308	73453010	73453087	73453129	179	11
LigP_52799383_52799742	upstream_LG	downstream_LG	33	87.879	55	87	131	163	4.34e-06	GCCCCCCGCCCCGCCCGGGCCCCCGGGGGGCCC	GCCCCCCCCCCCGCCCCCGCCCGCGGGGGGCCC	52799084	52799383	52799384	52799139	52799171	212	52799742	52800041	52799743	52799873	52799905	136	76
LigP_10761234_32400033	upstream_LG	downstream_LG	38	84.211	77	114	232	269	0.000268	CGCCGGCGGGCGGGCGCCCGGCCCCGGCCCCCGGCCCC	CGCCGGCGGGGGGGGGCCCCGCCCGGGGCCCCCGCCCC	10760935	10761234	10761235	10761012	10761049	185	32400033	32400332	32400034	32400265	32400302	30	155
LigP_9214330_9214834	upstream_LG	downstream_LG	34	88.235	249	282	30	63	1.1e-06	CGGGGCCCGCGGGGGCCCCCGGGGCCCGGGCCGG	CGGGGCCCCCGGGCGCCGCCGGCGCCCGGGCCGG	9214031	9214330	9214331	9214280	9214313	17	9214834	9215133	9214835	9214864	9214897	236	219
LigP_9214251_10284114	upstream_LG	downstream_LG	35	82.857	16	50	121	155	0.017	CGGCGGCGCGGGGGGGGGCGCGGCCCGGGCGGCGC	CGGCGGGGCCGGGGGGCGCCCCGCCCGGGCCGCGC	9213952	9214251	9214252	9213968	9214002	249	10284114	10284413	10284115	10284235	10284269	144	105
LigP_9214319_9214613	upstream_LG	downstream_LG	34	88.235	260	293	251	284	1.1e-06	CGGGGCCCGCGGGGGCCCCCGGGGCCCGGGCCGG	CGGGGCCCCCGGGCGCCGCCGGCGCCCGGGCCGG	9214020	9214319	9214320	9214280	9214313	6	9214613	9214912	9214614	9214864	9214897	15	9
LigP_73451468_73454359	upstream_LG	downstream_LG	30	86.667	148	177	9	38	0.000268	CCCCCGGGCCGGCGCGGGGGGCCGGGGCCC	CCCCCGGGCGCGCGCGCGGGGCCGCGGCCC	73451169	73451468	73451469	73451317	73451346	122	73454359	73454658	73454360	73454368	73454397	261	139
LigP_141878256_149851952	upstream_LG	downstream_LG	38	86.842	46	83	31	68	1.1e-06	CCCCCCCCCCCGGCCCCCCGCCGCGGGCCCGGGGGGGC	CCCCGCCCCCGGGCCCCCCGCCCCGGCCCCCGGGGGGC	141877957	141878256	141878257	141878003	141878040	216	149851952	149852251	149851953	149851983	149852020	231	15
LigP_93572720_93579981	upstream_LG	downstream_LG	30	86.667	263	292	220	249	0.000268	CGCCGGGCGGGGGCGGGCCGGCGCCCGGGG	CGCCGGGCGGGCGGCGGCCCGCGCCCGGGG	93572421	93572720	93572721	93572684	93572713	7	93579981	93580280	93579982	93580201	93580230	50	43
LigP_171387663_171388267	upstream_LG	downstream_LG	29	86.207	154	182	236	264	0.001	GCCCCCGGCGGGGGGCCGGCGCGCCCGGG	GCCCCCGGCGGCCGGCCGGGGCGCGCGGG	171387364	171387663	171387664	171387518	171387546	117	171388267	171388566	171388268	171388503	171388531	35	82
LigP_79236005_130396305	upstream_LG	downstream_LG	43	83.721	227	269	70	112	6.78e-05	GGCCGGCCCCGGCCCCGGGGGGCCGGGGGCCGCGCGGGGGGGG	GGCCCGCCCCGGGCGCGGGGCGCGGCGGGCCCCGCGGGGGGGG	79235706	79236005	79236006	79235933	79235975	30	130396305	130396604	130396306	130396375	130396417	187	157
LigP_7722637_9213952	upstream_LG	downstream_LG	30	83.333	180	209	26	55	0.065	CCCCGGCGCCGGCCGGCCCCCGGCCCCCCC	CCCCCGCGCCGCCCGGGCCGCGCCCCCCCC	7722338	7722637	7722638	7722518	7722547	90	9213952	9214251	9213953	9213978	9214007	244	154
LigP_9157232_9213969	upstream_LG	downstream_LG	50	82.0	248	297	25	74	0.000268	GCCCCCCCCGCCCCCCCGGGGCCCCCCCCCCCCCCGCCCGCGCCCCGCCC	GCCCCCCCCGGCCCCCGGCGGGCCCGCCCCGCCCCCCCCCCGCGCCGCCC	9156933	9157232	9157233	9157181	9157230	2	9213969	9214268	9213970	9213994	9214043	225	223
LigP_9214328_154094268	upstream_LG	downstream_LG	35	82.857	89	123	29	63	0.017	CCGCGGGCCGCGGGGCGGCGCGGCGGGGGGGGCGG	CCGCGGGCCCGGGGCCGGGGGGGCGCGGGGGGCGG	9214029	9214328	9214329	9214118	9214152	176	154094268	154094567	154094269	154094297	154094331	236	60
LigP_73451451_78445155	upstream_LG	downstream_LG	30	93.333	79	108	168	197	4.51e-09	CCCCCCGCCGCCCCCCGCCCCGGGCCCCCC	CCCCCCGCCGCCCGCCGCCCCGGCCCCCCC	73451152	73451451	73451452	73451231	73451260	191	78445155	78445454	78445156	78445323	78445352	102	89
LigP_75050540_75236673	upstream_LG	downstream_LG	39	82.051	68	106	49	87	0.017	CCGGGGCGCCGCCGCGGCCCGGGGGGGGGGGGGCCCGGG	CCGGGGCGCCCCCCCGCCCGCGGGCGGGGGGGGGCCGGG	75050241	75050540	75050541	75050309	75050347	193	75236673	75236972	75236674	75236722	75236760	212	19
LigP_10411687_10441559	upstream_LG	downstream_LG	29	89.655	177	205	87	115	4.34e-06	CGCGGGGGCCCCCCCGGCCCCCCCGCCCC	CGCGGGGGGCCCCCCCCCCCCCCCGCCCC	10411388	10411687	10411688	10411565	10411593	94	10441559	10441858	10441560	10441646	10441674	184	90
LigP_143306590_171387359	upstream_LG	downstream_LG	34	82.353	195	228	152	185	0.065	CGGGGGCGGCGGCCCCGCGGCGGGGCCGCGCGCG	CGGGCGCGCCGGCCCCCCGCCGGGGGCCCGCGCG	143306291	143306590	143306591	143306486	143306519	71	171387359	171387658	171387360	171387511	171387544	114	43
LigP_73214176_73451155	upstream_LG	downstream_LG	29	82.759	127	155	64	92	0.26	CGGGGGGCGCCCGGGGCCGCCGGGGGGCC	CGGGGGGCGGCGGGGGGGGCGGGGGGGCC	73213877	73214176	73214177	73214004	73214032	144	73451155	73451454	73451156	73451219	73451247	207	63
LigP_171388208_171388251	upstream_LG	downstream_LG	32	84.375	208	239	245	276	0.004	CCGGCGGGGGGCCCGGGCGGGCGGGGGGGGCC	CCGGCGGCCGGCCGGGGCGCGCGGGGCGGGCC	171387909	171388208	171388209	171388117	171388148	60	171388251	171388550	171388252	171388496	171388527	23	37
LigP_10761174_12086038	upstream_LG	downstream_LG	30	86.667	247	276	25	54	0.000268	GCGGGCGCGCGCGGGCGGGCCCGGGCGCGG	GCGGGCGCGCGGGGGCCCGCCGGGGCGCGG	10760875	10761174	10761175	10761122	10761151	23	12086038	12086337	12086039	12086063	12086092	245	222
LigP_181161408_181169753	upstream_LG	downstream_LG	47	82.979	102	148	253	299	6.78e-05	GGGGGCGGGGCCGGGGCGGGCGCCGCCGCCGGGGGCGGGCGGCCGCG	GGGGGCGGCGCGGGGGCGCGCGGGGCCGCGGGGGGGGGGCGGGCGCG	181161109	181161408	181161409	181161211	181161257	151	181169753	181170052	181169754	181170006	181170052	0	151
LigP_61331968_62403579	upstream_LG	downstream_LG	32	87.5	82	113	230	261	1.72e-05	CCCCCCCCCGCCCGCCCCCCCCCCCCCCCCCC	CCCCCCCGCGCCGGCCCCCCCCGGCCCCCCCC	61331669	61331968	61331969	61331751	61331782	186	62403579	62403878	62403580	62403809	62403840	38	148
LigP_93321054_93579989	upstream_LG	downstream_LG	38	86.842	222	259	167	204	1.1e-06	CCCCGGCCCCCCCCCGCCCCCGGCCCCCCCCCCCGGGC	CCCCCGCCCCCGCCCGCCGCCCCCCCCCCCCCCCGGGC	93320755	93321054	93321055	93320977	93321014	40	93579989	93580288	93579990	93580156	93580193	95	55
LigP_52800078_164961545	upstream_LG	downstream_LG	40	87.5	225	264	189	228	7.04e-08	GCGCCCGCGCGCGCGCGGGCCGCGGCCCCGCCCCCCCCCC	GCGCCCGGGCGCCCGCGCGCCGCGCCCCCGCGCCCCCCCC	52799779	52800078	52800079	52800004	52800043	35	164961545	164961844	164961546	164961734	164961773	71	36
LigP_151064912_151066869	upstream_LG	downstream_LG	37	86.486	78	114	109	145	4.34e-06	CCCCCCCCCCCCGGCCCGCGCCCCCCCCCCGGGCCCG	CCCCCCCCGCCGGGGCCCCGCCCCCCCCCCCGGCCCG	151064613	151064912	151064913	151064691	151064727	185	151066869	151067168	151066870	151066978	151067014	154	31
LigP_4942505_6625723	upstream_LG	downstream_LG	29	82.759	217	245	108	136	0.26	GGGGGCGCCCCCCCCGCCCCCGGGGCGGC	GGGGCCGCGCCCCCCGGGCCCGCGGCGGC	4942206	4942505	4942506	4942423	4942451	54	6625723	6626022	6625724	6625831	6625859	163	109
LigP_10760535_10760789	upstream_LG	downstream_LG	51	84.314	224	274	45	95	2.78e-07	CCGGGGGGGGCGGCCCCGGGGGGGGGGGGGGGCCCGGGCGCGGGGGGGGCC	CCGGGGGGCGCGGGCCGCGGGGGGGCCGGGCGCCCGGGCCCGGGGGGGGCC	10760236	10760535	10760536	10760460	10760510	25	10760789	10761088	10760790	10760834	10760884	204	179
LigP_10124022_10441609	upstream_LG	downstream_LG	32	90.625	179	210	45	76	7.04e-08	GGCGGCGGGCCCGCCGGGGGCCGCCGCCCCCC	GGCGGCGGGCCCGCGGGGGGCCCCCCCCCCCC	10123723	10124022	10124023	10123902	10123933	89	10441609	10441908	10441610	10441654	10441685	223	134
LigP_52799707_52799742	upstream_LG	downstream_LG	33	84.848	122	154	72	104	0.001	CCCCCCCCCCCCGGGGCCGGCGCCCCGGCGCCC	CCCCGCCCGCCCGCGGCCGCCGCCGCGGCGCCC	52799408	52799707	52799708	52799530	52799562	145	52799742	52800041	52799743	52799814	52799846	195	50
LigP_170638257_170785810	upstream_LG	downstream_LG	34	82.353	255	288	45	78	0.065	CGGGGGGGGGCGGCCGGGCCGGGCCCCGGCCCCC	CGGGCGGGGGCGCGCGGGCCCGCCCGCGGCCCCC	170637958	170638257	170638258	170638213	170638246	11	170785810	170786109	170785811	170785855	170785888	221	210
LigP_2103355_2104293	upstream_LG	downstream_LG	30	83.333	46	75	82	111	0.065	GCGGGGGCCGCGGCGGCGGGGGGCGGCCGG	GCGGGGGCGCCGGGGGCGCGGGGCCGCCGG	2103056	2103355	2103356	2103102	2103131	224	2104293	2104592	2104294	2104375	2104404	188	36
LigP_132203910_132210419	upstream_LG	downstream_LG	30	90.0	167	196	184	213	1.1e-06	GCCCCGCGGCGCGCCGCGCCCGGCGGCCCG	GCCCGGCGGCGCCCCCCGCCCGGCGGCCCG	132203611	132203910	132203911	132203778	132203807	103	132210419	132210718	132210420	132210603	132210632	86	17
LigP_65035092_99906681	upstream_LG	downstream_LG	29	86.207	156	184	39	67	0.001	CCCCCGCCCCCCGGGGGGCCCCCCGGGGG	CCCCCCCCCCGCGGCGGCCCCCCCGGGGG	65034793	65035092	65035093	65034949	65034977	115	99906681	99906980	99906682	99906720	99906748	232	117
LigP_73450821_73451111	upstream_LG	downstream_LG	29	89.655	261	289	186	214	4.34e-06	GCCCGGGGGCGGGGCGGGGGGGGGGGGCC	GCCCGGGGGCGGGGGGCCGGGGGGGGGCC	73450522	73450821	73450822	73450783	73450811	10	73451111	73451410	73451112	73451297	73451325	85	75
LigP_79236011_151740102	upstream_LG	downstream_LG	33	87.879	115	147	124	156	4.34e-06	CCCCGGCCCCCCCGCCCCGGCCCCCCCCCCCCC	CCCCCGCCCCCGCGCGCGGGCCCCCCCCCCCCC	79235712	79236011	79236012	79235827	79235859	152	151740102	151740401	151740103	151740226	151740258	143	9
LigP_10761146_143970386	upstream_LG	downstream_LG	34	82.353	70	103	11	44	0.065	CCCGCCGGGGCCCCCCCCGCGGGGCCCCCGCCCG	CCCGCCGGCGCCCGCCGCGCCCGGCCCCCCCCCG	10760847	10761146	10761147	10760917	10760950	196	143970386	143970685	143970387	143970397	143970430	255	59
LigP_136019217_136080429	upstream_LG	downstream_LG	40	85.0	176	215	152	191	1.72e-05	CCCCGGGCGCGCGCCCCCCCCCCGCCGGGGGCGGGCCCGG	CCCCGGCCGCGCGCCCCCGCCCGGGCCGGGGCCGGCCCGG	136018918	136019217	136019218	136019094	136019133	84	136080429	136080728	136080430	136080581	136080620	108	24
LigP_6633032_135458806	upstream_LG	downstream_LG	29	96.552	83	111	27	55	7.31e-11	CCCGCGGGCCCCGGGGCCCGGGGGGCCCG	CCCGGGGGCCCCGGGGCCCGGGGGGCCCG	6632733	6633032	6633033	6632816	6632844	188	135458806	135459105	135458807	135458833	135458861	244	56
LigP_126777743_126848305	upstream_LG	downstream_LG	33	81.818	24	56	59	91	0.26	CCCGCCCGCGGCCCCGCCGCCCCGCCGCCCCCG	CCCGCCCCCGGCGCCCGCGCCCCCCCCCCCCCG	126777444	126777743	126777744	126777468	126777500	243	126848305	126848604	126848306	126848364	126848396	208	35
LigP_10441893_10441815	upstream_LG	downstream_LG	29	86.207	204	232	160	188	0.001	CGCCCCCCCGCCCGGCCCGGGGGCGGCCC	CGCCCCCCCGCGGGCCCCGGGGGGGGCCC	10441594	10441893	10441894	10441798	10441826	67	10441815	10442114	10441816	10441975	10442003	111	44
LigP_10331668_10441579	upstream_LG	downstream_LG	40	82.5	250	289	52	91	0.004	GGGGGGCCCCCCCCCGGCCCGCCGCCGGGGCGCGGGGCCG	GGGGGCCCCCCCCCCCCCCCGCCCCGGCCGCGCGGGGCCG	10331369	10331668	10331669	10331619	10331658	10	10441579	10441878	10441580	10441631	10441670	208	198
LigP_93590731_93592250	upstream_LG	downstream_LG	39	84.615	260	298	123	161	6.78e-05	CCGCCCGGCCCCCGGGCGGGCCCCGGGCGGCGGGGGGGG	CCGCCCGCCCCCCGCGCCGGCGGCGGGCGCCGGGGGGGG	93590432	93590731	93590732	93590692	93590730	1	93592250	93592549	93592251	93592373	93592411	138	137
LigP_9214319_9214388	upstream_LG	downstream_LG	31	87.097	128	158	88	118	6.78e-05	GGCGGGGCGCGCCCCCGGGGCCGCGCGCCGC	GGCGGGCCGGGCCCCCCGGGCCCCGCGCCGC	9214020	9214319	9214320	9214148	9214178	141	9214388	9214687	9214389	9214476	9214506	181	40
LigP_10250997_10441591	upstream_LG	downstream_LG	36	86.111	10	45	105	140	1.72e-05	CCGCCCGCGGGGGCGGGGCGGGGCCGCCCCCCCGCC	CCGCCCGCGGGGGCGCCCCCGGGCCGGCCCCCCGCC	10250698	10250997	10250998	10250708	10250743	254	10441591	10441890	10441592	10441696	10441731	159	95
LigP_71728506_73451157	upstream_LG	downstream_LG	33	84.848	206	238	76	108	0.001	GGGGCGGGGGGCGCGGGGGCGGGCGCGGCGGGG	GGGGGGGGGGGCCCGGGGCGGGGGGCGGCGGGG	71728207	71728506	71728507	71728413	71728445	61	73451157	73451456	73451158	73451233	73451265	191	130
LigP_177299420_177303466	upstream_LG	downstream_LG	29	89.655	139	167	158	186	4.34e-06	GGCCCGGGCCCCCGCCCGGGGGGGGGCCC	GGCCGGGGCCCCCGGCCGGGGCGGGGCCC	177299121	177299420	177299421	177299260	177299288	132	177303466	177303765	177303467	177303624	177303652	113	19
LigP_179803606_179820526	upstream_LG	downstream_LG	30	83.333	256	285	169	198	0.065	GCCCGCCCGCGGCCGCCGCCCGCCCCCGCC	GCCCCCCCGCCGCCGGCCCCCCCCCCCGCC	179803307	179803606	179803607	179803563	179803592	14	179820526	179820825	179820527	179820695	179820724	101	87
LigP_78809774_80055700	upstream_LG	downstream_LG	30	86.667	6	35	16	45	0.000268	CGGGGGGGGCGGGGGGCGGCGGGCGGGCGG	CGGGGGGGGGGGCGGGGGGCCGGCGGGCGG	78809475	78809774	78809775	78809481	78809510	264	80055700	80055999	80055701	80055716	80055745	254	10
LigP_139659516_139660888	upstream_LG	downstream_LG	47	85.106	117	163	197	243	2.78e-07	CCCCGCCGGCCCCCCGGGGGGGGGGCGGGCCGGCGGGGGGGGGGGCG	CCCCCCCGGGCCCCCGGGGGGGGGGGGCCGCGGCGCGGGGGGGGGCG	139659217	139659516	139659517	139659334	139659380	136	139660888	139661187	139660889	139661085	139661131	56	80
LigP_78510098_78550936	upstream_LG	downstream_LG	35	82.857	164	198	172	206	0.017	GGGCCCGCGCGGCGCGCCCCGCCGGGGGCGCCGCG	GGGCCCCCGGGGGGCGCCCCCCCGGCGGCCCCGCG	78509799	78510098	78510099	78509963	78509997	101	78550936	78551235	78550937	78551108	78551142	93	8
LigP_10761230_19358836	upstream_LG	downstream_LG	32	90.625	94	125	217	248	7.04e-08	GCGCCCGGCCCCGGCCCCCGGCCCCCCCCCGG	GCGCCGGGCCCGGCCCCCCGGCCCCCCCCCGG	10760931	10761230	10761231	10761025	10761056	174	19358836	19359135	19358837	19359053	19359084	51	123
LigP_10761143_32276406	upstream_LG	downstream_LG	38	86.842	225	262	226	263	1.1e-06	CGGCGCGGCGGGGCCCCCGCGGGGCCGGGGCGGCGGCG	CGGCGCGGCGGCCCCCGCGCGGGGCGGGGCCGGCGGCG	10760844	10761143	10761144	10761069	10761106	37	32276406	32276705	32276407	32276632	32276669	36	1
LigP_10439014_10441554	upstream_LG	downstream_LG	33	81.818	116	148	88	120	0.26	CGCGCGGGCCCCCCCGCCGCCGCCCCCCCGGCC	CGCGGGGGGCCCCCCCCCCCCCCCGCCCCGGCC	10438715	10439014	10439015	10438831	10438863	151	10441554	10441853	10441555	10441642	10441674	179	28
LigP_137753912_138954891	upstream_LG	downstream_LG	35	82.857	196	230	72	106	0.017	CCCCCCGGGGCGCCGCCCGCCCCGGCCCCGCGGCG	CCCCCGGGGGCGCGGCCCGGCCCCCCCGCGCGGCG	137753613	137753912	137753913	137753809	137753843	69	138954891	138955190	138954892	138954963	138954997	193	124
LigP_78510149_107420800	upstream_LG	downstream_LG	35	85.714	35	69	24	58	6.78e-05	GGCGGGGGCCCCCGCGGCCGGGGGGGCGGCCGCGG	GGCGGGGGGCCGCGCGCCCCGGGGGGGGGCCGCGG	78509850	78510149	78510150	78509885	78509919	230	107420800	107421099	107420801	107420824	107420858	241	11
LigP_134004557_138933765	upstream_LG	downstream_LG	51	82.353	183	233	208	258	6.78e-05	GCCCGCCCGGCGCCCGCCCGCGCGGCCCCCCCCGCCCGCCCGCCCGCCGGC	GCCCGCCCGGCCCCGGCCCGCGCCCCGCCCCGCCCCCCCCCCCCCGCCGGC	134004258	134004557	134004558	134004441	134004491	66	138933765	138934064	138933766	138933973	138934023	41	25
