LigP_ID	query_ID	subject_ID	length	perc_id	q_start	q_end	s_start	s_end	evalue	q_seq	s_seq	start_harbor	end_harbor	end_LG1	start_homolog1	end_homolog1	LG1_distance	start_harbor2	end_harbor2	end_LG2	start_homolog2	end_homolog2	LG2_distance	Ligshift
LigP_139375551_139885514	upstream_LG	downstream_LG	35	85.714	48	82	11	45	6.78e-05	CCCCCCCGGGGGCGGGGGCCGGGGGCGGGGGGGGG	CCCCCCGGGCGGGGGGGGGCGGCGGCGGGGGGGGG	139375252	139375551	139375552	139375300	139375334	217	139885514	139885813	139885515	139885525	139885559	254	37
LigP_139375450_139588109	upstream_LG	downstream_LG	33	84.848	242	274	222	254	0.001	CCGGGGCCCCGGCCCGCGCCCCCGGGCCCGCCC	CCGGGGCGCCGGCCCGGCCCCCGGGGGCCGCCC	139375151	139375450	139375451	139375393	139375425	25	139588109	139588408	139588110	139588331	139588363	45	20
LigP_139368098_139375136	upstream_LG	downstream_LG	33	87.879	16	48	206	238	4.34e-06	GCCGGCCCCCCGGGGGCCGCCCGCCCGCCCGCG	GCCGGGCCCCCGGGCGCGCCCCGCCCGCCCGCG	139367799	139368098	139368099	139367815	139367847	251	139375136	139375435	139375137	139375342	139375374	61	190
LigP_31156817_105590030	upstream_LG	downstream_LG	30	83.333	72	101	19	48	0.065	CCCGCGCGCCGCGGGGGCCGGCCGCCCGCG	CCCGCGGGCCCCGGGGCCCGCGCGCCCGCG	31156518	31156817	31156818	31156590	31156619	198	105590030	105590329	105590031	105590049	105590078	251	53
LigP_31740511_31744075	upstream_LG	downstream_LG	29	93.103	107	135	255	283	1.78e-08	GCCCCCCGCGCCCCCCGGCCCCGCCCCGC	GCCCCCCGGGCCCCCCGGCCCCGCGCCGC	31740212	31740511	31740512	31740319	31740347	164	31744075	31744374	31744076	31744330	31744358	16	148
LigP_37170856_37183241	upstream_LG	downstream_LG	44	81.818	188	231	4	47	0.004	CCGGGCCCCCGCGCCCCCCCCCCCCCCGGGCGGGGGGGGGGGGC	CCGGCCCCCGGCCCCCCCCCCCCGGCCGGGCCCGGGCGGGGGGC	37170557	37170856	37170857	37170745	37170788	68	37183241	37183540	37183242	37183245	37183288	252	184
LigP_89819727_112087309	upstream_LG	downstream_LG	33	84.848	94	126	12	44	0.001	CCCGCCCGGCCCGCCGCGGCCCCCCCCGCCCCC	CCCGCCCGGCGCCCCGCCCCCCCCCCCCCCCCC	89819428	89819727	89819728	89819522	89819554	173	112087309	112087608	112087310	112087321	112087353	255	82
LigP_127267310_127268214	upstream_LG	downstream_LG	31	83.871	114	144	187	217	0.017	GCGGCCCCGGCCGCCCGCGCGGGGGCGGGGC	GCGGCGCCCGCCGGCCGCGGGGCGGCGGGGC	127267011	127267310	127267311	127267125	127267155	155	127268214	127268513	127268215	127268401	127268431	82	73
LigP_166612561_166998721	upstream_LG	downstream_LG	32	87.5	174	205	96	127	1.72e-05	GGGGCCGCGGCGCGCGGCGGCCCCCGCGGGCC	GGGGCCGCGGGGGGCGGGGGGCCCCGCGGGCC	166612262	166612561	166612562	166612436	166612467	94	166998721	166999020	166998722	166998817	166998848	172	78
LigP_37170850_37172073	upstream_LG	downstream_LG	31	87.097	188	218	57	87	6.78e-05	CCGGCGCCGGGCCCCCGCGCCCCCCCCCCCC	CCGGCCCCGGGCCCCCCGCCCCCCCCCCCCC	37170551	37170850	37170851	37170739	37170769	81	37172073	37172372	37172074	37172130	37172160	212	131
LigP_37170871_37171648	upstream_LG	downstream_LG	40	85.0	163	202	92	131	1.72e-05	CGGGCCGGCGCCGGGCCCCCGCGCCCCCCCCCCCCCCGGG	CGGGCCGCCGCCGGCCGCCCGCGGCCCCCCGCCCGCCGGG	37170572	37170871	37170872	37170735	37170774	97	37171648	37171947	37171649	37171740	37171779	168	71
LigP_37102868_37172140	upstream_LG	downstream_LG	31	90.323	127	157	27	57	2.78e-07	GCCGCGCCGCCCGCGCGGCGGCCCCCCCCCC	GCCGGGCCGCCCGGGCGGCGGCCCGCCCCCC	37102569	37102868	37102869	37102696	37102726	142	37172140	37172439	37172141	37172167	37172197	242	100
LigP_11581953_12011737	upstream_LG	downstream_LG	32	84.375	34	65	115	146	0.004	CGGGCCGGGCGGGGGCCGCCCCCCCCGGGGCC	CGGGCGGGGGGGGGGGCGCCCCCGCGGGGGCC	11581654	11581953	11581954	11581688	11581719	234	12011737	12012036	12011738	12011852	12011883	153	81
LigP_139375169_139375145	upstream_LG	downstream_LG	32	84.375	12	43	89	120	0.004	CGGGGCCGGCCCGGCCGCCCCCGGGGCGGGGG	CGGGGCGGGCCCGCCCGCCGCCCGCGCGGGGG	139374870	139375169	139375170	139374882	139374913	256	139375145	139375444	139375146	139375234	139375265	179	77
LigP_7726956_7739084	upstream_LG	downstream_LG	31	87.097	6	36	185	215	6.78e-05	CGCGCCCGGCCCGGGCCGCGCGCCCCCGGGG	CGCGCCCCGCCCGGGCCGCCCGGGCCCGGGG	7726657	7726956	7726957	7726663	7726693	263	7739084	7739383	7739085	7739269	7739299	84	179
LigP_37170826_37172410	upstream_LG	downstream_LG	37	91.892	219	255	44	80	7.31e-11	CGGGCCCCCGCGCCCCCCCCCCCCCCGGGCGGGGGGG	CGGGCGCCCGCGCCCCCCCCCCCCCGGGCCGGGGGGG	37170527	37170826	37170827	37170746	37170782	44	37172410	37172709	37172411	37172454	37172490	219	175
LigP_124962434_124963302	upstream_LG	downstream_LG	36	83.333	157	192	67	102	0.004	GGCGCCCCCGGGGCGGCGCCCCGCCGCGCCGGGGCG	GGCGCCCCCCGCGCGCGGCCCCCCCGCGGCGGGGCG	124962135	124962434	124962435	124962292	124962327	107	124963302	124963601	124963303	124963369	124963404	197	90
LigP_105994233_105994740	upstream_LG	downstream_LG	37	83.784	99	135	84	120	0.001	GCCCGCGCGCCGGCCGGGGCGGGGCGGGGGCGCCGGC	GCCCGCGCCCCCGGCGCGGCGGGGCCGGGGGGCCGGC	105993934	105994233	105994234	105994033	105994069	164	105994740	105995039	105994741	105994824	105994860	179	15
LigP_37092831_37102555	upstream_LG	downstream_LG	29	82.759	230	258	259	287	0.26	GGGGGGGGGGGGGGGGCGCGGCGGCGGGG	GGGGGGGCGGCGGCGGCGCCGCGCCGGGG	37092532	37092831	37092832	37092762	37092790	41	37102555	37102854	37102556	37102814	37102842	12	29
LigP_138773798_139375155	upstream_LG	downstream_LG	32	84.375	39	70	17	48	0.004	GGGGGGCGCCGCGCCCCCCGCCCCCGCCCCCG	GGGGGGGGGCGCGCCGCCCGCCCGGGCCCCCG	138773499	138773798	138773799	138773538	138773569	229	139375155	139375454	139375156	139375172	139375203	251	22
LigP_35452745_35470407	upstream_LG	downstream_LG	35	82.857	173	207	86	120	0.017	CCCGCCCGCCCCCCGCCGCGGGCGCCGCGGGCGGG	CCCGCCCCCCCCCCCCCGGCGGCCCGGCGGGCGGG	35452446	35452745	35452746	35452619	35452653	92	35470407	35470706	35470408	35470493	35470527	179	87
LigP_31730413_31730663	upstream_LG	downstream_LG	30	83.333	249	278	155	184	0.065	GGCGGGCGCCGCCCGGGCCCGCCCGGGCCC	GGCGGGCCCCCCCCGGGGCCCCCCCGGCCC	31730114	31730413	31730414	31730363	31730392	21	31730663	31730962	31730664	31730818	31730847	115	94
LigP_107487584_108074512	upstream_LG	downstream_LG	32	90.625	62	93	48	79	7.04e-08	GGCCGCCGCCGCCCCCGGGGCCCGCCCCGGGC	GGCCGCCGCCGCGGCCGGGGCCGGCCCCGGGC	107487285	107487584	107487585	107487347	107487378	206	108074512	108074811	108074513	108074560	108074591	220	14
LigP_45641024_45651486	upstream_LG	downstream_LG	39	82.051	77	115	217	255	0.017	GCGGCGCCCCCGGGCCGCGGCCCCCCCCCGCCCCGGGCG	GCGGCGCCCCCCCGCCGGGCCCCCGGCCCGCGCCGGGCG	45640725	45641024	45641025	45640802	45640840	184	45651486	45651785	45651487	45651703	45651741	44	140
LigP_99521499_110390909	upstream_LG	downstream_LG	30	86.667	25	54	118	147	0.000268	GCCCGCCCCCCCGGGCCCCCGGCCGGGGGC	GCCCCCCCCCGCGGGCCCCCGCCGGGGGGC	99521200	99521499	99521500	99521225	99521254	245	110390909	110391208	110390910	110391027	110391056	152	93
LigP_32070477_32070540	upstream_LG	downstream_LG	34	85.294	137	170	133	166	0.000268	GGGGGCCGCCCGGGGGGGGCGCGGCGGGCCCGGG	GGGGGCGGCCCGCGGGGGGCGGGGGGGGGCCGGG	32070178	32070477	32070478	32070315	32070348	129	32070540	32070839	32070541	32070673	32070706	133	4
LigP_41920288_41920836	upstream_LG	downstream_LG	29	82.759	89	117	75	103	0.26	CCGCGGCCGGCGCCCCCGCGGGCGCCGGG	CCGCGGCCCGCCGCCCCCCGGGGGCCGGG	41919989	41920288	41920289	41920078	41920106	182	41920836	41921135	41920837	41920911	41920939	196	14
LigP_31730307_31735003	upstream_LG	downstream_LG	33	87.879	128	160	94	126	4.34e-06	CCCCCGCCCCCGGGCCCCGGGGGCCGGGGGCCC	CCCCCCCCCCCGGGCCCGGGGGGGCCGGGGCCC	31730008	31730307	31730308	31730136	31730168	139	31735003	31735302	31735004	31735097	31735129	173	34
LigP_107822374_108074510	upstream_LG	downstream_LG	34	91.176	252	285	214	247	4.51e-09	CGGCCCCCCGCCCCCGCCCCCGGGGGCCGGGGGC	CGGCCCCCGGCCCGCGCCCGCGGGGGCCGGGGGC	107822075	107822374	107822375	107822327	107822360	14	108074510	108074809	108074511	108074724	108074757	52	38
LigP_139374145_139375113	upstream_LG	downstream_LG	35	85.714	98	132	171	205	6.78e-05	GCCCCCGGCCCCGGGGGCGGGGGGGGCGGGCGGCG	GCCCCCGCCCCCGGGGGGGGCGGGGGGGGGGGGCG	139373846	139374145	139374146	139373944	139373978	167	139375113	139375412	139375114	139375284	139375318	94	73
LigP_36593940_36593935	upstream_LG	downstream_LG	32	87.5	99	130	86	117	1.72e-05	CCCGGGCGCCCGCCGGGGGCGGCGGCCCCCGG	CCCGGGCGCCGGCGGGGGCCGCCGGCCCCCGG	36593641	36593940	36593941	36593740	36593771	169	36593935	36594234	36593936	36594021	36594052	182	13
LigP_77463004_77463528	upstream_LG	downstream_LG	38	84.211	47	84	250	287	0.000268	CGGGGGGCGCCCGCCGCGGGGCGGGCCGCGCGGGGGGC	CGGGGGGCGCCCGGCCCCGGGCGGCCGGGGCGGGGGGC	77462705	77463004	77463005	77462752	77462789	215	77463528	77463827	77463529	77463778	77463815	12	203
LigP_139374682_139375077	upstream_LG	downstream_LG	31	87.097	30	60	226	256	6.78e-05	CCCCCCGCCCCCGCGGCCCCCGCCCCGGGGG	CCCCCCCCGCCCCCGGCCCCCGCCCCCGGGG	139374383	139374682	139374683	139374413	139374443	239	139375077	139375376	139375078	139375303	139375333	43	196
LigP_37102596_37102538	upstream_LG	downstream_LG	29	86.207	12	40	225	253	0.001	GGGCGGGGGCCGGCGGGGGCCGGGCCGGG	GGGCGGGGGGCCGGGGCGGCCGGGCCGGG	37102297	37102596	37102597	37102309	37102337	259	37102538	37102837	37102539	37102763	37102791	46	213
LigP_30884322_30886362	upstream_LG	downstream_LG	31	90.323	80	110	32	62	2.78e-07	CCGGGCGGGGCCGCGGCCGGCCCCCCGGGGC	CCGGGGGGCGCCGCGCCCGGCCCCCCGGGGC	30884023	30884322	30884323	30884103	30884133	189	30886362	30886661	30886363	30886394	30886424	237	48
LigP_169964004_170108389	upstream_LG	downstream_LG	29	82.759	165	193	26	54	0.26	CGGGCGCGGGCGCGGGGGCCGCGCGCGCG	CGGGGGCGGCCGGGGGGGGCGGGCGCGCG	169963705	169964004	169964005	169963870	169963898	106	170108389	170108688	170108390	170108415	170108443	245	139
LigP_37170830_37173518	upstream_LG	downstream_LG	41	85.366	144	184	234	274	4.34e-06	CCCCCGGCCCGGGGGCGCGGGGCGGCGGCGGGGCCCCCCGG	CCCCCGGCGGGGGGGCGCCGGCCGGCGCCCGGGCCCCCCGG	37170531	37170830	37170831	37170675	37170715	115	37173518	37173817	37173519	37173752	37173792	25	90
LigP_100455729_100464657	upstream_LG	downstream_LG	39	87.179	44	82	112	150	2.78e-07	GGCCCGCCCCCCCCCGCCCCCGCCGCGGCCCGCCCCCCC	GGCCCGCGCCCCCCCCCCCCCGCCGCGCGCCCCCCCCCC	100455430	100455729	100455730	100455474	100455512	217	100464657	100464956	100464658	100464769	100464807	149	68
LigP_10521299_10522192	upstream_LG	downstream_LG	36	86.111	132	167	124	159	1.72e-05	CCCCGGGGGCGGGGGGCGGGCCGGCGCCGGGCGGCG	CCCCGGCGCCGGGGGGCGGGCCCCCGCGGGGCGGCG	10521000	10521299	10521300	10521132	10521167	132	10522192	10522491	10522193	10522316	10522351	140	8
LigP_37170835_37171457	upstream_LG	downstream_LG	30	86.667	152	181	89	118	0.000268	GGCGCGGGGCGGCGGCGGGGCCCCCCGGGC	GGCGCGGGGGGCCGGCCGGGGCCCCCGGGC	37170536	37170835	37170836	37170688	37170717	118	37171457	37171756	37171458	37171546	37171575	181	63
LigP_139375444_139446266	upstream_LG	downstream_LG	33	84.848	36	68	128	160	0.001	GGGCGGGCGGCGCGCCCCCCCCCGGGCGCGCCC	GGGCGGGCCCCGGGCCCCCCCCCCGGGGCGCCC	139375145	139375444	139375445	139375181	139375213	231	139446266	139446565	139446267	139446394	139446426	139	92
LigP_167962747_167962969	upstream_LG	downstream_LG	30	90.0	47	76	240	269	1.1e-06	GGGGCCGGGCGGGGCGGGGGGGGGGGCGCC	GGGGCGGGGGGGGGCGCGGGGGGGGGCGCC	167962448	167962747	167962748	167962495	167962524	223	167962969	167963268	167962970	167963209	167963238	30	193
LigP_27515354_79055478	upstream_LG	downstream_LG	33	84.848	197	229	268	300	0.001	CCCCGCCGCCCCGCCGCGCCGCCGCCCCCCGCC	CCCCGGCGCCCCCCCGCCCCGCCCCGCCCCGCC	27515055	27515354	27515355	27515252	27515284	70	79055478	79055777	79055479	79055746	79055778	-1	71
LigP_7726987_44247251	upstream_LG	downstream_LG	31	87.097	97	127	1	31	6.78e-05	GGGGCGCCCCGGGCGGCCGCGGGGGGCGGGG	GGGGCCCCCCGGGGGGCGGGGGGGGGCGGGG	7726688	7726987	7726988	7726785	7726815	172	44247251	44247550	44247252	44247252	44247282	268	96
LigP_139374656_139375143	upstream_LG	downstream_LG	31	87.097	20	50	102	132	6.78e-05	GGCGGGGGCCCCGGCCGGCCCCGCCCGCCGC	GGCGGCGGCCCGGGGCGGGCCCGCCCGCCGC	139374357	139374656	139374657	139374377	139374407	249	139375143	139375442	139375144	139375245	139375275	167	82
LigP_37170815_129514053	upstream_LG	downstream_LG	30	83.333	176	205	82	111	0.065	CGGGGCGGCGGCGGGGCCCCCCGGGCGGGG	CGGGGCGCCGCCGGGGGCCGGCGGGCGGGG	37170516	37170815	37170816	37170692	37170721	94	129514053	129514352	129514054	129514135	129514164	188	94
LigP_167962785_167962958	upstream_LG	downstream_LG	30	90.0	9	38	251	280	1.1e-06	GGGGCCGGGCGGGGCGGGGGGGGGGGCGCC	GGGGCGGGGGGGGGCGCGGGGGGGGGCGCC	167962486	167962785	167962786	167962495	167962524	261	167962958	167963257	167962959	167963209	167963238	19	242
LigP_30466670_131029012	upstream_LG	downstream_LG	46	80.435	208	253	101	146	0.065	GGCGCCCGGCCCCGCCCCCGCCCCGCCGCCGCCCCCGCCCCGCCGC	GGCGCCCGGGGCCCCCCCCCCCCCGGCGCCCCCCGCCCGCCGCCGC	30466371	30466670	30466671	30466579	30466624	46	131029012	131029311	131029013	131029113	131029158	153	107
LigP_37170848_37171685	upstream_LG	downstream_LG	40	85.0	186	225	55	94	1.72e-05	CGGGCCGGCGCCGGGCCCCCGCGCCCCCCCCCCCCCCGGG	CGGGCCGCCGCCGGCCGCCCGCGGCCCCCCGCCCGCCGGG	37170549	37170848	37170849	37170735	37170774	74	37171685	37171984	37171686	37171740	37171779	205	131
LigP_81750362_81753210	upstream_LG	downstream_LG	30	83.333	20	49	34	63	0.065	GGGGGCCCCGGCCCCGCCGGGGGCGGGCCC	GGGGGCCGGGGCCCGGCCGCCGGCGGGCCC	81750063	81750362	81750363	81750083	81750112	250	81753210	81753509	81753211	81753244	81753273	236	14
LigP_147204159_147207888	upstream_LG	downstream_LG	35	85.714	171	205	227	261	6.78e-05	GGGGGGGGGCCGGGGGGCGCGCCGGGGGGCCGCGG	GGGGGGGGGCCCCGGGGCGCGGCCGCGGGCCGCGG	147203860	147204159	147204160	147204031	147204065	94	147207888	147208187	147207889	147208115	147208149	38	56
LigP_37170847_37173704	upstream_LG	downstream_LG	32	87.5	111	142	146	177	1.72e-05	GCGGGGGCGCCCCCCGCCCCCGGCCCGGGGGC	GCGGGGGCCCCCCCCGCCCGCCCCCCGGGGGC	37170548	37170847	37170848	37170659	37170690	157	37173704	37174003	37173705	37173850	37173881	122	35
LigP_37170845_37171419	upstream_LG	downstream_LG	30	86.667	142	171	127	156	0.000268	GGCGCGGGGCGGCGGCGGGGCCCCCCGGGC	GGCGCGGGGGGCCGGCCGGGGCCCCCGGGC	37170546	37170845	37170846	37170688	37170717	128	37171419	37171718	37171420	37171546	37171575	143	15
LigP_36443279_36443352	upstream_LG	downstream_LG	34	88.235	161	194	243	276	1.1e-06	CGCGGGGGCCGGGCGGGGGGGGCGCGGCGGCGGG	CGCGGGCGGCGGGGGGGGGGGGCGCGGGGGCGGG	36442980	36443279	36443280	36443141	36443174	105	36443352	36443651	36443353	36443595	36443628	23	82
LigP_101799772_110052557	upstream_LG	downstream_LG	30	86.667	107	136	122	151	0.000268	CCGCGGGCCGCCCGCCGCGGGCCCCGCGGG	CCGCGGGCGGCCCGCGCGGGGCCCCGCGGG	101799473	101799772	101799773	101799580	101799609	163	110052557	110052856	110052558	110052679	110052708	148	15
LigP_37170842_37175397	upstream_LG	downstream_LG	46	80.435	136	181	4	49	0.065	CGGCCCGGGGGCGCGGGGCGGCGGCGGGGCCCCCCGGGCGGGGGGC	CGGCCGGGGGCCGCGGGCCGGGGCGGGGGGCCCCCGCCCGGGGGGC	37170543	37170842	37170843	37170679	37170724	118	37175397	37175696	37175398	37175401	37175446	250	132
LigP_34235065_88963420	upstream_LG	downstream_LG	33	84.848	80	112	206	238	0.001	CGGGCGGGGGGGGGCGCGCCCGGGGGGGGGGGC	CGGGGGGGGGGCGGGGCCCCCGGGGGCGGGGGC	34234766	34235065	34235066	34234846	34234878	187	88963420	88963719	88963421	88963626	88963658	61	126
LigP_52284785_52284937	upstream_LG	downstream_LG	30	86.667	148	177	224	253	0.000268	CCCCCGCGGCCCCGCGCCGCCCGGCGCCGC	CCCCCGCCCCCCCGCGCCGCGGGGCGCCGC	52284486	52284785	52284786	52284634	52284663	122	52284937	52285236	52284938	52285161	52285190	46	76
LigP_52284743_100775548	upstream_LG	downstream_LG	31	83.871	66	96	114	144	0.017	GGGGGCCCGGCGGGCCCCCGGCCCCCCGGCC	GGGGGCCCCGGGGGGCCCCCCCCCCCCGGCC	52284444	52284743	52284744	52284510	52284540	203	100775548	100775847	100775549	100775662	100775692	155	48
LigP_169964010_170709034	upstream_LG	downstream_LG	31	90.323	82	112	218	248	2.78e-07	CGGCCGGGGGCCCCCCCCCCCCGGCCCCCGG	CGGCCGGGGGGCCCCGCCCCCCGCCCCCCGG	169963711	169964010	169964011	169963793	169963823	187	170709034	170709333	170709035	170709252	170709282	51	136
LigP_149451028_169963637	upstream_LG	downstream_LG	39	84.615	48	86	219	257	6.78e-05	CGCGCGGCCCGCCCGGCCGCGCGGGGGGGCGCCGCGGGG	CGCGCGGCCCCCGCGCCCGCGCCCGGGGGGGCCGCGGGG	149450729	149451028	149451029	149450777	149450815	213	169963637	169963936	169963638	169963856	169963894	42	171
LigP_10522561_29187721	upstream_LG	downstream_LG	37	81.081	51	87	206	242	0.26	CGCCGCCGCCCCGCGGGGGCCCGCCCCCCGGCGCCGG	CGCCCCCGCCCCGGGGGCCCCGGCCCGCGGGCGCCGG	10522262	10522561	10522562	10522313	10522349	212	29187721	29188020	29187722	29187927	29187963	57	155
LigP_37170848_37171686	upstream_LG	downstream_LG	40	85.0	186	225	54	93	1.72e-05	CGGGCCGGCGCCGGGCCCCCGCGCCCCCCCCCCCCCCGGG	CGGGCCGCCGCCGGCCGCCCGCGGCCCCCCGCCCGCCGGG	37170549	37170848	37170849	37170735	37170774	74	37171686	37171985	37171687	37171740	37171779	206	132
LigP_42978981_42979094	upstream_LG	downstream_LG	30	86.667	1	30	94	123	0.000268	CGGCCGGCCGGGCCCCCGGGCCCGGCGGCC	CGGCCGCCCGGCCCCCCGGCCCCGGGGGCC	42978682	42978981	42978982	42978683	42978712	269	42979094	42979393	42979095	42979188	42979217	176	93
LigP_110348804_149450600	upstream_LG	downstream_LG	35	82.857	93	127	234	268	0.017	CGCGCGCGGCGGCGGGCGCCGCGGGGCGCGGGCGC	CGCGCGCGGCCGGGGGCGGCGGGGGGGGCGCGCGC	110348505	110348804	110348805	110348598	110348632	172	149450600	149450899	149450601	149450834	149450868	31	141
LigP_147204105_147205776	upstream_LG	downstream_LG	31	87.097	39	69	109	139	6.78e-05	GGGGGGCCGGCGGCCGCGGCGGCGCCCGGGG	GGGGGGCCGGCGGGGGCGCCGGGGCCCGGGG	147203806	147204105	147204106	147203845	147203875	230	147205776	147206075	147205777	147205885	147205915	160	70
LigP_31730413_106279654	upstream_LG	downstream_LG	32	84.375	77	108	7	38	0.004	CGCGGGCGGGCCCGCGCGCCGCGGCGGGGCGG	CGCGGGCGGCCCCGGGCGGGGCCGCGGGGCGG	31730114	31730413	31730414	31730191	31730222	191	106279654	106279953	106279655	106279661	106279692	261	70
LigP_7726966_8109140	upstream_LG	downstream_LG	37	83.784	47	83	131	167	0.001	CCCCCCCCCCCCCCCCCCGGGCGGCCCCCCCGGCGGC	CCCCCCCCCGCGCCCCCCCCGCGGCGGCCCCGGCGGC	7726667	7726966	7726967	7726714	7726750	216	8109140	8109439	8109141	8109271	8109307	132	84
LigP_32096361_41941418	upstream_LG	downstream_LG	31	83.871	196	226	146	176	0.017	GCGGCCCCCGGGGCGGCGGCGGCCCCCGCGG	GCGGCCGCCGGGGGGCCGGCGCGCCCCGCGG	32096062	32096361	32096362	32096258	32096288	73	41941418	41941717	41941419	41941564	41941594	123	50
LigP_104940666_105568140	upstream_LG	downstream_LG	30	86.667	73	102	33	62	0.000268	GGCGGCGGCGGCCGCGCGCGCCCGCGGCCC	GGCGGCGGGGGCCCCCCGCCCCCGCGGCCC	104940367	104940666	104940667	104940440	104940469	197	105568140	105568439	105568141	105568173	105568202	237	40
LigP_52576538_52576747	upstream_LG	downstream_LG	38	81.579	247	284	234	271	0.065	GGCGGCGGCGCGGCGGCCGGCCCGGGGCCGGGCCGGGG	GGCGGCGGGCCGGCGGGCGGGCCGGGCCGGCGCCGGGG	52576239	52576538	52576539	52576486	52576523	15	52576747	52577046	52576748	52576981	52577018	28	13
LigP_139374672_139375147	upstream_LG	downstream_LG	31	87.097	4	34	98	128	6.78e-05	GGCGGGGGCCCCGGCCGGCCCCGCCCGCCGC	GGCGGCGGCCCGGGGCGGGCCCGCCCGCCGC	139374373	139374672	139374673	139374377	139374407	265	139375147	139375446	139375148	139375245	139375275	171	94
LigP_30466630_30469468	upstream_LG	downstream_LG	31	83.871	98	128	59	89	0.017	GGGCGGGGCCCGCGGCCCCCGGGCGCGCCGG	GGGCGGGGGCCCCGCCCCCCGCGCGGGCCGG	30466331	30466630	30466631	30466429	30466459	171	30469468	30469767	30469469	30469527	30469557	210	39
LigP_127267328_127273974	upstream_LG	downstream_LG	30	83.333	126	155	159	188	0.065	CGGGGCGGCCCGGCCCCCCCCGCCGCCCCC	CGGGGGGGCGCGCCCCCCCGCCCCGCCCCC	127267029	127267328	127267329	127267155	127267184	144	127273974	127274273	127273975	127274133	127274162	111	33
LigP_52284829_52452695	upstream_LG	downstream_LG	33	84.848	75	107	2	34	0.001	CCCGGGGGGCCCGGGCGGCCCCCCCGGGCCCCC	CCCGGCGGGCCCGGCCCGGCCCCCCGGCCCCCC	52284530	52284829	52284830	52284605	52284637	192	52452695	52452994	52452696	52452697	52452729	265	73
LigP_127267313_127269614	upstream_LG	downstream_LG	37	81.081	57	93	138	174	0.26	GGGGGCGGCGGCGGGGCCGGGGGCCGGCGCGCGGGCG	GGGGGGGGCGGGCGGGCCGGGCGCGGGCCGGCGGGCG	127267014	127267313	127267314	127267071	127267107	206	127269614	127269913	127269615	127269752	127269788	125	81
LigP_139374466_139375144	upstream_LG	downstream_LG	32	87.5	143	174	163	194	1.72e-05	GCCGCCGCCCCCCGGCCCCGCCCCGCGCCCCC	GCCGCCCCCCCCCGCCCCCGGCCCCCGCCCCC	139374167	139374466	139374467	139374310	139374341	125	139375144	139375443	139375145	139375307	139375338	105	20
LigP_33622120_33622346	upstream_LG	downstream_LG	30	90.0	261	290	188	217	1.1e-06	CGGGGGCGGGCGGGCCCGGCCCGGGGCCCG	CGGGGGCGGCCGGCCCCGCCCCGGGGCCCG	33621821	33622120	33622121	33622082	33622111	9	33622346	33622645	33622347	33622534	33622563	82	73
LigP_147204159_147354288	upstream_LG	downstream_LG	29	89.655	94	122	211	239	4.34e-06	GGGGGCCCGCGCCGGGCGCCCCGCGCGCG	GGGGGCGCGCGCCGCGCGCCCCGGGCGCG	147203860	147204159	147204160	147203954	147203982	177	147354288	147354587	147354289	147354499	147354527	60	117
LigP_139374603_139375080	upstream_LG	downstream_LG	32	87.5	6	37	227	258	1.72e-05	GCCGCCGCCCCCCGGCCCCGCCCCGCGCCCCC	GCCGCCCCCCCCCGCCCCCGGCCCCCGCCCCC	139374304	139374603	139374604	139374310	139374341	262	139375080	139375379	139375081	139375307	139375338	41	221
LigP_147204101_155300439	upstream_LG	downstream_LG	31	87.097	191	221	71	101	6.78e-05	GCGGCCGCGGGCGGGGGGCCGGCGGCCCCCG	GCGGCCGCGGGGGGGGCCCCGGCGCCCCCCG	147203802	147204101	147204102	147203993	147204023	78	155300439	155300738	155300440	155300510	155300540	198	120
LigP_149451090_149451709	upstream_LG	downstream_LG	32	84.375	242	273	99	130	0.004	CGGGGCCGCGGGCCGGGCGGGGGCGGGGGGCC	CGGGGCCCCCGGGCGGCCGGGGGCCGGGGGCC	149450791	149451090	149451091	149451033	149451064	26	149451709	149452008	149451710	149451808	149451839	169	143
LigP_139375130_139375139	upstream_LG	downstream_LG	32	84.375	51	82	95	126	0.004	CGGGGCCGGCCCGGCCGCCCCCGGGGCGGGGG	CGGGGCGGGCCCGCCCGCCGCCCGCGCGGGGG	139374831	139375130	139375131	139374882	139374913	217	139375139	139375438	139375140	139375234	139375265	173	44
LigP_79947088_79947778	upstream_LG	downstream_LG	44	81.818	152	195	163	206	0.004	GGGGGGCGGGGGGGGCCCGGGGGGGGGCCCCGCGGGCGCCGGGG	GGGGCGCGGGCGGGGCCGGGGCGGGCGCCGGGCGGGGGCCGGGG	79946789	79947088	79947089	79946941	79946984	104	79947778	79948077	79947779	79947941	79947984	93	11
LigP_41191862_41274160	upstream_LG	downstream_LG	36	83.333	151	186	154	189	0.004	GGGGGCCCCCGGCCGCCCGGCCGCGGCCCCCCGGGG	GGGGCCCCCGGGCCGCCGCGCCGGGCCCCCCCGGGG	41191563	41191862	41191863	41191714	41191749	113	41274160	41274459	41274161	41274314	41274349	110	3
LigP_165659696_165660896	upstream_LG	downstream_LG	59	83.051	39	97	115	173	2.78e-07	CCGGGCCGGCGGCCCGCCGGGCGGCGGCGGGCGGGGGCGGGGGCCCGGGGGGCGGGGGG	CCGGGGCGGGGGCCCGCCGGGGGGGGGCGGGCGGGCGGGGGGCGGCGGGGGGGGGGGGG	165659397	165659696	165659697	165659436	165659494	202	165660896	165661195	165660897	165661011	165661069	126	76
LigP_139375442_139593491	upstream_LG	downstream_LG	30	83.333	109	138	188	217	0.065	GCGGGCCCGCCCCGGGCCGCCGCCCGCGGG	GCGGGCCCGCGCCCGCCCGGCGGCCGCGGG	139375143	139375442	139375443	139375252	139375281	161	139593491	139593790	139593492	139593679	139593708	82	79
LigP_45640940_45642290	upstream_LG	downstream_LG	31	87.097	126	156	76	106	6.78e-05	CCCCCCCGCCCGCCCCGGGCGGCGGCCCCCC	CCCCCCCGCCGGCCCGGGGGGGCGGGCCCCC	45640641	45640940	45640941	45640767	45640797	143	45642290	45642589	45642291	45642366	45642396	193	50
LigP_150899533_150900252	upstream_LG	downstream_LG	32	84.375	113	144	210	241	0.004	CGGGCGGGGGCGGGGGCGGGGGGGGCGCGCCC	CGGGCGGCGGCCGGGGCCGGGGGCGCGGGCCC	150899234	150899533	150899534	150899347	150899378	155	150900252	150900551	150900253	150900462	150900493	58	97
LigP_139375519_139533980	upstream_LG	downstream_LG	39	82.051	91	129	145	183	0.017	GCGGGGGCCGGGGGCGGGGGGGGGCGGCCGCCGCGGGCG	GCGGGGGGGGGGGCCGGGCGGCGGCGGCCCCGGCGGGCG	139375220	139375519	139375520	139375311	139375349	170	139533980	139534279	139533981	139534125	139534163	116	54
LigP_45640989_46691968	upstream_LG	downstream_LG	51	82.353	168	218	161	211	6.78e-05	GCCCCCGCGGCGCCCGCCCCCGGGCCCGCCCCGGCCCCGCCCCCCCGGGGG	GCCCGCGCGGCGCCCGGGCCCCGCCCCGGCGCCGCCCGGCCCCCCCGGGGG	45640690	45640989	45640990	45640858	45640908	81	46691968	46692267	46691969	46692129	46692179	88	7
LigP_43455516_43493119	upstream_LG	downstream_LG	40	82.5	148	187	232	271	0.004	CCCCGCCGCGCCCCGCCCCCGCGGCCCCCGCCCCCGGCGG	CCCCCCCGCCCCCCGCGCCGCCGGCGCCCGCCCCGGGCGG	43455217	43455516	43455517	43455365	43455404	112	43493119	43493418	43493120	43493351	43493390	28	84
LigP_37170863_37171024	upstream_LG	downstream_LG	34	85.294	196	229	240	273	0.000268	CCCCCCCCCCCCGGGCGGGGGGGGGGGGCCCCCG	CCCCCCCCCCCGCGGCGGGGCCGGGGGGGCCCCG	37170564	37170863	37170864	37170760	37170793	70	37171024	37171323	37171025	37171264	37171297	26	44
LigP_34238379_34876634	upstream_LG	downstream_LG	30	86.667	254	283	79	108	0.000268	GGCCGGGCCCGGGGCCCGGCGCCCCGGGGG	GGCCGGGCGGGGGCCCCGGCGCCCGGGGGG	34238080	34238379	34238380	34238334	34238363	16	34876634	34876933	34876635	34876713	34876742	191	175
LigP_146913053_146916263	upstream_LG	downstream_LG	31	83.871	245	275	228	258	0.017	CCCCCCCGCCCCCCGGGGGCGCCGCCCCCGG	CCCCCGCGCGCCCCGGCGGGGGCGCCCCCGG	146912754	146913053	146913054	146912999	146913029	24	146916263	146916562	146916264	146916491	146916521	41	17
LigP_45640938_45642291	upstream_LG	downstream_LG	31	87.097	128	158	75	105	6.78e-05	CCCCCCCGCCCGCCCCGGGCGGCGGCCCCCC	CCCCCCCGCCGGCCCGGGGGGGCGGGCCCCC	45640639	45640938	45640939	45640767	45640797	141	45642291	45642590	45642292	45642366	45642396	194	53
LigP_166612134_166612233	upstream_LG	downstream_LG	32	87.5	236	267	41	72	1.72e-05	CCCCGGCGCCCCCCCCCCGGGCCCGCCCGCCC	CCCCGGCCCCCCCCCCCCCGCCGCGCCCGCCC	166611835	166612134	166612135	166612071	166612102	32	166612233	166612532	166612234	166612274	166612305	227	195
LigP_43915148_44134029	upstream_LG	downstream_LG	30	90.0	36	65	258	287	1.1e-06	GGGGGGGCCGGCCCCCCCCGGGCGGGGGGC	GGGGGGGCCGGCCCCGCCGGGCCGGGGGGC	43914849	43915148	43915149	43914885	43914914	234	44134029	44134328	44134030	44134287	44134316	12	222
LigP_21729833_167962982	upstream_LG	downstream_LG	38	81.579	37	74	88	125	0.065	GGCCCGGGCCGCCGGCCCGGCGGGCCGCCGGCCCCCCC	GGCCCGGGGCGCCCGCCGGGCCGCGCGCCGGGCCCCCC	21729534	21729833	21729834	21729571	21729608	225	167962982	167963281	167962983	167963070	167963107	174	51
LigP_139374544_139375139	upstream_LG	downstream_LG	32	87.5	65	96	168	199	1.72e-05	GCCGCCGCCCCCCGGCCCCGCCCCGCGCCCCC	GCCGCCCCCCCCCGCCCCCGGCCCCCGCCCCC	139374245	139374544	139374545	139374310	139374341	203	139375139	139375438	139375140	139375307	139375338	100	103
LigP_7726957_8006724	upstream_LG	downstream_LG	37	83.784	171	207	243	279	0.001	GGGGGGGGGCGGGCCCGCCGGGGGGCGGCGGGGGCCG	GGGGGGGGGGGGCCCGGCCGGGGCCCGGCGGGCGCCG	7726658	7726957	7726958	7726829	7726865	92	8006724	8007023	8006725	8006967	8007003	20	72
LigP_144287245_148345338	upstream_LG	downstream_LG	32	87.5	86	117	164	195	1.72e-05	GCCCGGCCGGGCGGCGGCGGCCGCGCCCGCCC	GCCCCGCCGGGGGGCGGCCCCCGCGCCCGCCC	144286946	144287245	144287246	144287032	144287063	182	148345338	148345637	148345339	148345502	148345533	104	78
LigP_127267323_127316220	upstream_LG	downstream_LG	30	83.333	46	75	59	88	0.065	GGGGGGCGGCGGCGGGGCCGGGGGCCGGCG	GGGGGGCGGCCGCCCGGCCGCGCGCCGGCG	127267024	127267323	127267324	127267070	127267099	224	127316220	127316519	127316221	127316279	127316308	211	13
LigP_52284745_52399701	upstream_LG	downstream_LG	30	83.333	216	245	269	298	0.065	GCGGCGCCCGCCGCGCCCGCCGCCGGGGGG	GCGGCGCCCCCGCCGCCGGCCGGCGGGGGG	52284446	52284745	52284746	52284662	52284691	54	52399701	52400000	52399702	52399970	52399999	1	53
LigP_166955963_166956000	upstream_LG	downstream_LG	34	85.294	215	248	125	158	0.000268	CCCCCCCGGCCCGCCCCCCCCGGGGGCCGCCCCG	CCCCGCCGGGCCGCCCCCGCCCGGCGCCGCCCCG	166955664	166955963	166955964	166955879	166955912	51	166956000	166956299	166956001	166956125	166956158	141	90
LigP_169963371_169963659	upstream_LG	downstream_LG	38	86.842	222	259	135	172	1.1e-06	GCCCGGGCCCGGGGGCCGCGGGGGCGGGGGCCGCGGCC	GCCCGCGCCCGGGGGCCGGGGGGGGGGGGCCCCCGGCC	169963072	169963371	169963372	169963294	169963331	40	169963659	169963958	169963660	169963794	169963831	127	87
LigP_7726966_7975020	upstream_LG	downstream_LG	30	86.667	99	128	203	232	0.000268	CCCCCGGCCCGGGCGGCCGGGGGCGCCCCG	CCCCCGGCGCGGCGGGCCGGGGGCGGCCCG	7726667	7726966	7726967	7726766	7726795	171	7975020	7975319	7975021	7975223	7975252	67	104
LigP_127267394_149648178	upstream_LG	downstream_LG	33	81.818	126	158	249	281	0.26	GCCCCCGCGCCGCCCGGGGGCGCCGCGGCCCCC	GCCCCGGCGGCGCCCCGGGGGCCCCCGGCCCCC	127267095	127267394	127267395	127267221	127267253	141	149648178	149648477	149648179	149648427	149648459	18	123
LigP_424346_424859	upstream_LG	downstream_LG	39	82.051	205	243	79	117	0.017	CCCCCCCCGGGCCGCCGCGGGCGCCGCCGGGCCCCGGGC	CCCCCCCCGCCCCGCCGCGCCCGCCCCCCGCCCCCGGGC	424047	424346	424347	424252	424290	56	424859	425158	424860	424938	424976	182	126
LigP_24911163_32415302	upstream_LG	downstream_LG	30	83.333	4	33	83	112	0.065	GGCGCGCGGGGGCCCCCGCGCCGGCGCGGC	GGCGCGCCCGGGCGCCCCCGCGGGCGCGGC	24910864	24911163	24911164	24910868	24910897	266	32415302	32415601	32415303	32415385	32415414	187	79
LigP_139375140_139375139	upstream_LG	downstream_LG	32	84.375	41	72	95	126	0.004	CGGGGCCGGCCCGGCCGCCCCCGGGGCGGGGG	CGGGGCGGGCCCGCCCGCCGCCCGCGCGGGGG	139374841	139375140	139375141	139374882	139374913	227	139375139	139375438	139375140	139375234	139375265	173	54
LigP_56954699_57021494	upstream_LG	downstream_LG	42	83.333	104	145	118	159	0.000268	CGGCGCCCGGCGGGGGCGGCGGGGGGGGGGGGGCGCGCCGGG	CGGCGCCCGCGGGGGGGGGGCGGGGGGCGGGGGCGGGCCGGG	56954400	56954699	56954700	56954504	56954545	154	57021494	57021793	57021495	57021612	57021653	140	14
LigP_151297902_151452500	upstream_LG	downstream_LG	33	84.848	258	290	88	120	0.001	CGCGGGGCGGGGGGCGGGGGGCGCCGGGGCGGC	CGCGGGGGCGGGGGGGGGGGGGGCCGGGCCGGC	151297603	151297902	151297903	151297861	151297893	9	151452500	151452799	151452501	151452588	151452620	179	170
LigP_149451012_149451277	upstream_LG	downstream_LG	35	82.857	56	90	39	73	0.017	GCGGCCGCCGCGCGGCCCGCCCGGCCGCGCGGGGG	GCGGCCGCCGGGGGCCCCGGGCGGCCCCGCGGGGG	149450713	149451012	149451013	149450769	149450803	209	149451277	149451576	149451278	149451316	149451350	226	17
LigP_105994231_105994741	upstream_LG	downstream_LG	37	83.784	101	137	83	119	0.001	GCCCGCGCGCCGGCCGGGGCGGGGCGGGGGCGCCGGC	GCCCGCGCCCCCGGCGCGGCGGGGCCGGGGGGCCGGC	105993932	105994231	105994232	105994033	105994069	162	105994741	105995040	105994742	105994824	105994860	180	18
LigP_158536947_158604490	upstream_LG	downstream_LG	37	86.486	212	248	38	74	4.34e-06	GCCGCGGGCGGGCGCGGCGCGGGCGGCGGCGGGGCGG	GCCGGGGGCGGGGGCGCCGCCGCCGGCGGCGGGGCGG	158536648	158536947	158536948	158536860	158536896	51	158604490	158604789	158604491	158604528	158604564	225	174
LigP_45640949_45641282	upstream_LG	downstream_LG	35	82.857	55	89	110	144	0.017	CCGCCGGCCCGCCCGGCGCCCCCGCGGGGCCGCGG	CCGCCGGCGCGCCCCGCGGCCCCCCCGCGCCGCGG	45640650	45640949	45640950	45640705	45640739	210	45641282	45641581	45641283	45641392	45641426	155	55
LigP_27515345_75349978	upstream_LG	downstream_LG	34	82.353	187	220	212	245	0.065	CGGGGCCCCGCCGCCGCGCCCCCGCCGCCCCGCC	CGGGCCCCCCCCGCCCCCCCGCCGGCGCCCCGCC	27515046	27515345	27515346	27515233	27515266	79	75349978	75350277	75349979	75350190	75350223	54	25
LigP_127267312_127267290	upstream_LG	downstream_LG	29	89.655	269	297	22	50	4.34e-06	GGCCCGGGCGCGGGGGGCGGGGCGGCGGC	GGCCCGGGCGGGGGGGGCCGCGCGGCGGC	127267013	127267312	127267313	127267282	127267310	2	127267290	127267589	127267291	127267312	127267340	249	247
LigP_2765181_99349153	upstream_LG	downstream_LG	31	83.871	158	188	140	170	0.017	GGGCCGGGGGGGCGGCGCCCGCCGCCCCGGC	GGGCCGGGGCCGGGGCGCCCCCCCCCCCGGC	2764882	2765181	2765182	2765040	2765070	111	99349153	99349452	99349154	99349293	99349323	129	18
LigP_43621768_44338431	upstream_LG	downstream_LG	48	83.333	12	59	47	94	1.72e-05	GGGGGCGGGCGGCGGGCGGCGCCCCCCCCCCCCCGGCCCGCCGGCGCG	GGGGGCGGGGGGGGGGGGGCGCCCGCCGCCCCGGGGCCGGCCGGCGCG	43621469	43621768	43621769	43621481	43621528	240	44338431	44338730	44338432	44338478	44338525	205	35
LigP_27515356_27516206	upstream_LG	downstream_LG	37	83.784	165	201	224	260	0.001	CCCGGGGGCCGCGGGGCCCCGCCGCCGCGCCCCCGCC	CCCGGGGGGCCCGGGGGGCCCCCGCCGCCCCCCCGCC	27515057	27515356	27515357	27515222	27515258	98	27516206	27516505	27516207	27516430	27516466	39	59
LigP_107957146_107957441	upstream_LG	downstream_LG	35	88.571	158	192	215	249	2.78e-07	CGCCGGCCCCGGGGGCGCCGCCCGCCGCGCGCCCC	CGCCGCCCCCGGGGGCCCCGCCCGCCCCGCCCCCC	107956847	107957146	107957147	107957005	107957039	107	107957441	107957740	107957442	107957656	107957690	50	57
LigP_35452841_35455943	upstream_LG	downstream_LG	36	83.333	50	85	4	39	0.004	CCGGCGCCCCGGGCGCGGCCGGGGGCCCCCGCCCGC	CCGGCGCCCCCCGGGCGGCGGGGGGGCCCCCCCCGC	35452542	35452841	35452842	35452592	35452627	214	35455943	35456242	35455944	35455947	35455982	260	46
LigP_31272335_71333032	upstream_LG	downstream_LG	29	86.207	194	222	181	209	0.001	CCGGGGGGGGCGGGGCCCGGGGGGGCGGG	CCGGGGGGGGCGGCGGCCCCGGGGGCGGG	31272036	31272335	31272336	31272230	31272258	77	71333032	71333331	71333033	71333213	71333241	90	13
LigP_34238363_34244428	upstream_LG	downstream_LG	35	82.857	260	294	165	199	0.017	GCCGCCCCCGGGCCGGGCCCGGGGCCCGGCGCCCC	GCCGCCCCCGCCCGGGGCCGGGGGCCGGGCCCCCC	34238064	34238363	34238364	34238324	34238358	5	34244428	34244727	34244429	34244593	34244627	100	95
LigP_70256168_163414330	upstream_LG	downstream_LG	36	88.889	126	161	103	138	7.04e-08	CGCCCCGCCCCCCCGGCCCCGCCCCCCCGGCCGGGC	CGCCGCGCCCCCCCCCCCCCGCCCCCCCGGCGGGGC	70255869	70256168	70256169	70255995	70256030	138	163414330	163414629	163414331	163414433	163414468	161	23
LigP_13711911_13712733	upstream_LG	downstream_LG	31	83.871	213	243	163	193	0.017	CCGCGGCCGCCCCCCGGCGGGCGGGCCGGGC	CCGCCGCCGCGCCCCCGGGGGCGGGCGGGGC	13711612	13711911	13711912	13711825	13711855	56	13712733	13713032	13712734	13712896	13712926	106	50
LigP_167960892_167962964	upstream_LG	downstream_LG	32	87.5	57	88	73	104	1.72e-05	GCGCCGCCCCCCCCGGCCCCCCCGGCCCCCCC	GCGCCGCGCCCCCCGGGCCGCCCGCCCCCCCC	167960593	167960892	167960893	167960650	167960681	211	167962964	167963263	167962965	167963037	167963068	195	16
LigP_124962445_128106469	upstream_LG	downstream_LG	35	82.857	41	75	31	65	0.017	CCCCCCCCCGGGCCCCCCCGCCCCGCCCGGGGCCC	CCCCCCCCCCGGGCCGGCCGCCCCCCCCGGCGCCC	124962146	124962445	124962446	124962187	124962221	224	128106469	128106768	128106470	128106500	128106534	234	10
LigP_139375128_139375102	upstream_LG	downstream_LG	32	84.375	53	84	132	163	0.004	CGGGGCCGGCCCGGCCGCCCCCGGGGCGGGGG	CGGGGCGGGCCCGCCCGCCGCCCGCGCGGGGG	139374829	139375128	139375129	139374882	139374913	215	139375102	139375401	139375103	139375234	139375265	136	79
LigP_52284767_52671478	upstream_LG	downstream_LG	33	84.848	232	264	50	82	0.001	GCCGGGGCCGCGCGGGGGCCCCCGGGGCGGCCC	GCCGGGGCCCCGCCGGGCGCCCCGCGGCGGCCC	52284468	52284767	52284768	52284700	52284732	35	52671478	52671777	52671479	52671528	52671560	217	182
LigP_111211941_111833011	upstream_LG	downstream_LG	34	82.353	176	209	33	66	0.065	GGCCGGCCCCGGCCCCGCCCGCCCGCCCCCCCCC	GGCCCGCCCCGCCCCCGGGCGCCCCCGCCCCCCC	111211642	111211941	111211942	111211818	111211851	90	111833011	111833310	111833012	111833044	111833077	233	143
LigP_139375115_139375140	upstream_LG	downstream_LG	32	84.375	66	97	94	125	0.004	CGGGGCCGGCCCGGCCGCCCCCGGGGCGGGGG	CGGGGCGGGCCCGCCCGCCGCCCGCGCGGGGG	139374816	139375115	139375116	139374882	139374913	202	139375140	139375439	139375141	139375234	139375265	174	28
LigP_32001467_32033905	upstream_LG	downstream_LG	38	81.579	137	174	73	110	0.065	CCCCCCCCGCCCCCCGGGGCGCGGGCGCCCCGCGCCCC	CCCCCCCGGCCCCGGGGGGCCCCGGGGCCCCCCGCCCC	32001168	32001467	32001468	32001305	32001342	125	32033905	32034204	32033906	32033978	32034015	189	64
LigP_41191917_41192281	upstream_LG	downstream_LG	30	86.667	157	186	29	58	0.000268	GCGGGGGCGCGGGCCCCGCGCGGCCCCGGG	GCGGGGCCGGGGGGCCCGCGCGGCGCCGGG	41191618	41191917	41191918	41191775	41191804	113	41192281	41192580	41192282	41192310	41192339	241	128
LigP_32096233_32974793	upstream_LG	downstream_LG	34	88.235	168	201	20	53	1.1e-06	GCCCCCGCCGGGGCGGCCGCCCCCGCGCGCGCGC	GCCCGCGCCGGGCGGGCCGCCCCCGCCCGCGCGC	32095934	32096233	32096234	32096102	32096135	98	32974793	32975092	32974794	32974813	32974846	246	148
LigP_37170871_37172085	upstream_LG	downstream_LG	31	87.097	167	197	45	75	6.78e-05	CCGGCGCCGGGCCCCCGCGCCCCCCCCCCCC	CCGGCCCCGGGCCCCCCGCCCCCCCCCCCCC	37170572	37170871	37170872	37170739	37170769	102	37172085	37172384	37172086	37172130	37172160	224	122
LigP_169723051_169723355	upstream_LG	downstream_LG	35	82.857	243	277	170	204	0.017	CCGCGGCGCGGCGGGCGCGCGCGGCGGGGGGGGCC	CCGCGGGGCGGGGCGCGCCCGGGGCCGGGGGGGCC	169722752	169723051	169723052	169722995	169723029	22	169723355	169723654	169723356	169723525	169723559	95	73
LigP_159169544_159171197	upstream_LG	downstream_LG	44	81.818	132	175	90	133	0.004	GCCCGGCGGGGGGCCGGCGGCCCCGGCGGCGGGGCGCGGCCGCC	GCCCGGCCCGGGCCCGGCGGGCCCCGCCCCGGGGCGCGCCCGCC	159169245	159169544	159169545	159169377	159169420	124	159171197	159171496	159171198	159171287	159171330	166	42
LigP_34238140_34238580	upstream_LG	downstream_LG	29	86.207	239	267	127	155	0.001	GGCGGGGGGGGGGGGCCCCCCCCCCCCCC	GGCGGGGCCGGGGGGCGCCCGCCCCCCCC	34237841	34238140	34238141	34238080	34238108	32	34238580	34238879	34238581	34238707	34238735	144	112
LigP_73462001_73462027	upstream_LG	downstream_LG	48	85.417	180	227	248	295	7.04e-08	CCGGGCCGCGGCCCCCCCCGCCGGGCGGCGGCCCCCGCCGGCGCGGCC	CCGGGCCCCGGCCCCCCGCGGCGGGCGGCCGCCGGCGGCGGCGCGGCC	73461702	73462001	73462002	73461882	73461929	72	73462027	73462326	73462028	73462275	73462322	4	68
LigP_308570_158536600	upstream_LG	downstream_LG	33	90.909	38	70	90	122	1.78e-08	CCGGGCCCCCGGCCCGCCGCCCCGCCGCCCGCG	CCGGGCCCCGGCCCCGCCGCCCCGCCCCCCGCG	308271	308570	308571	308309	308341	229	158536600	158536899	158536601	158536690	158536722	177	52
LigP_63573419_63573583	upstream_LG	downstream_LG	40	87.5	93	132	112	151	7.04e-08	GGGGCGGGGCGGGGGCCGCGCGCGCCGCCGCGGGGCCGGG	GGGGCGGGGCCGGGCCCGCCCCCGCCGCCGCGGGCCCGGG	63573120	63573419	63573420	63573213	63573252	167	63573583	63573882	63573584	63573695	63573734	148	19
LigP_167963262_168032884	upstream_LG	downstream_LG	44	84.091	42	85	100	143	1.72e-05	CCCGCCCGGGCCGCCCGCCCCCGGCCGGCGGCGGGGGGGGCGGG	CCCGGCCGCGCCGCCCGGCCCGGGGCGCCGGCGGGGGGGCCGGG	167962963	167963262	167963263	167963005	167963048	214	168032884	168033183	168032885	168032984	168033027	156	58
LigP_145735081_145845170	upstream_LG	downstream_LG	30	83.333	24	53	126	155	0.065	CGGGGGCCGGGGGGCGCCCGGGGGGCGGGG	CGGGGGCGGGGGGCGGCCCGCCGGGCGGGG	145734782	145735081	145735082	145734806	145734835	246	145845170	145845469	145845171	145845296	145845325	144	102
LigP_146912182_146912725	upstream_LG	downstream_LG	34	82.353	60	93	253	286	0.065	GGGGGGGGGGGGCCCCGGGGGGCGGGGGGGGCGG	GGGGGCGGGGGGGGCCGGGGCGGGGGCGGGGCGG	146911883	146912182	146912183	146911943	146911976	206	146912725	146913024	146912726	146912978	146913011	13	193
LigP_37170845_37171024	upstream_LG	downstream_LG	34	85.294	214	247	240	273	0.000268	CCCCCCCCCCCCGGGCGGGGGGGGGGGGCCCCCG	CCCCCCCCCCCGCGGCGGGGCCGGGGGGGCCCCG	37170546	37170845	37170846	37170760	37170793	52	37171024	37171323	37171025	37171264	37171297	26	26
LigP_27515339_27516293	upstream_LG	downstream_LG	37	83.784	182	218	137	173	0.001	CCCGGGGGCCGCGGGGCCCCGCCGCCGCGCCCCCGCC	CCCGGGGGGCCCGGGGGGCCCCCGCCGCCCCCCCGCC	27515040	27515339	27515340	27515222	27515258	81	27516293	27516592	27516294	27516430	27516466	126	45
LigP_32852653_32853151	upstream_LG	downstream_LG	30	86.667	133	162	230	259	0.000268	CGGGGCGGCCGCCCCCCCCGGGGGGGGGGG	CGGGGCGGCGGCCGGCCCCGGGGGCGGGGG	32852354	32852653	32852654	32852487	32852516	137	32853151	32853450	32853152	32853381	32853410	40	97
LigP_37170856_37172080	upstream_LG	downstream_LG	31	87.097	182	212	50	80	6.78e-05	CCGGCGCCGGGCCCCCGCGCCCCCCCCCCCC	CCGGCCCCGGGCCCCCCGCCCCCCCCCCCCC	37170557	37170856	37170857	37170739	37170769	87	37172080	37172379	37172081	37172130	37172160	219	132
LigP_87913617_139375145	upstream_LG	downstream_LG	30	86.667	174	203	147	176	0.000268	CCGGCCGCCGCCCCCCCCGGGGGCGGGGGG	CCGGCCCCCGCCCCCGGGGGGGGCGGGGGG	87913318	87913617	87913618	87913492	87913521	96	139375145	139375444	139375146	139375292	139375321	123	27
LigP_63635818_63636300	upstream_LG	downstream_LG	38	84.211	141	178	258	295	0.000268	GCGCCGCGCCCCCCGGGGGCGGGGGGGGGCGCGGCGGC	GCGCCGGGGCCCCCCGGGGGGGGGGGGGCCCCGGCGGC	63635519	63635818	63635819	63635660	63635697	121	63636300	63636599	63636301	63636558	63636595	4	117
LigP_32150379_32152703	upstream_LG	downstream_LG	31	87.097	43	73	157	187	6.78e-05	CCCCCCCGGGCCCCCGGGCCCCGGCCCCCCC	CCCCCGCGGGCCCCCCGCCCCCGCCCCCCCC	32150080	32150379	32150380	32150123	32150153	226	32152703	32153002	32152704	32152860	32152890	112	114
LigP_169963973_169964259	upstream_LG	downstream_LG	47	82.979	105	151	249	295	6.78e-05	CCGCGCGGCCCGCGCGGCCGGGGGCCCCCCCCCCCCGGCCCCCGGGC	CCGCCCGGCCCGCCCCGCCGGGCCCCCCGGCCCCCGGGCCCCCGGGC	169963674	169963973	169963974	169963779	169963825	148	169964259	169964558	169964260	169964508	169964554	4	144
LigP_158819383_159510190	upstream_LG	downstream_LG	48	81.25	179	226	96	143	0.004	CCGGGGGCCCCCCGCCCGGGGCCCCCGCCCCGGCCCCGGCCGCCGCGC	CCGGGGGCCGCCCGGGCGGGCCCCCCCCCGCGGGGCGGGCCGCCGCGC	158819084	158819383	158819384	158819263	158819310	73	159510190	159510489	159510191	159510286	159510333	156	83
LigP_37170845_37171686	upstream_LG	downstream_LG	40	85.0	189	228	54	93	1.72e-05	CGGGCCGGCGCCGGGCCCCCGCGCCCCCCCCCCCCCCGGG	CGGGCCGCCGCCGGCCGCCCGCGGCCCCCCGCCCGCCGGG	37170546	37170845	37170846	37170735	37170774	71	37171686	37171985	37171687	37171740	37171779	206	135
LigP_52284772_52285145	upstream_LG	downstream_LG	43	81.395	195	237	210	252	0.017	CCCGCCGCGCCCGCCGCCGGGGGGCCGCCCCCGCCGGGGCCGC	CCCGCCCCGCCCCCCCCCGCGGCGGCGCCCCCGCGGGGCCCGC	52284473	52284772	52284773	52284668	52284710	62	52285145	52285444	52285146	52285355	52285397	47	15
