LigP_ID	query_ID	subject_ID	length	perc_id	q_start	q_end	s_start	s_end	evalue	q_seq	s_seq	start_harbor	end_harbor	end_LG1	start_homolog1	end_homolog1	LG1_distance	start_harbor2	end_harbor2	end_LG2	start_homolog2	end_homolog2	LG2_distance	Ligshift
LigP_50303945_50305971	upstream_LG	downstream_LG	38	81.579	217	254	228	265	0.065	GCGCGCCGCCCGCGCCGCGCCCCCGCGGGCCGCGCGCG	GCGCGGCGCCCCCGGCGCGGCGCCGCCGCCCGCGCGCG	50303646	50303945	50303946	50303863	50303900	45	50305971	50306270	50305972	50306199	50306236	34	11
LigP_130491129_130668032	upstream_LG	downstream_LG	29	86.207	43	71	76	104	0.001	CCCGCGGGCGGCGGCCCCCCCGGCGCCCG	CCCGCGGGGCGCGGCCCGCCGGGCGCCCG	130490830	130491129	130491130	130490873	130490901	228	130668032	130668331	130668033	130668108	130668136	195	33
LigP_1901882_1902056	upstream_LG	downstream_LG	30	86.667	204	233	224	253	0.000268	CCCCCCCGCCCGGGGGCGCCGGGCCCCGGC	CCCCCCCGCCCCGGCGCCCCGGCCCCCGGC	1901583	1901882	1901883	1901787	1901816	66	1902056	1902355	1902057	1902280	1902309	46	20
LigP_28180213_28640296	upstream_LG	downstream_LG	33	90.909	248	280	45	77	1.78e-08	CGCCGCGGCGCCCCCCGCCCCCGCCGCCCCGCG	CGCCGCGGCGCCCCGGGCGCCCGCCGCCCCGCG	28179914	28180213	28180214	28180162	28180194	19	28640296	28640595	28640297	28640341	28640373	222	203
LigP_28180200_154867007	upstream_LG	downstream_LG	33	84.848	72	104	32	64	0.001	CCGGGGCGGGGGCGCCCGGCGGCGCGCGGCGCC	CCGGGGCGCGGGCGGGCGGCCGCGGGCGGCGCC	28179901	28180200	28180201	28179973	28180005	195	154867007	154867306	154867008	154867039	154867071	235	40
LigP_151520769_151553322	upstream_LG	downstream_LG	29	86.207	211	239	17	45	0.001	GGGCGCGGGGGGGGGGGCCCGGCCGGGGG	GGGCGGGGGGGGGGGGCGGCGGCCGGGGG	151520470	151520769	151520770	151520681	151520709	60	151553322	151553621	151553323	151553339	151553367	254	194
LigP_130668056_130668032	upstream_LG	downstream_LG	32	87.5	54	85	243	274	1.72e-05	CGCCCCCGCGGCGGCGGGGGCCGGCGGGGCCG	CGCCCCCGCGCCCGGGGGCGCCGGCGGGGCCG	130667757	130668056	130668057	130667811	130667842	214	130668032	130668331	130668033	130668275	130668306	25	189
LigP_1236758_1352498	upstream_LG	downstream_LG	30	93.333	266	295	158	187	4.51e-09	CCCCCCCGGGGGCCCCGGCCCCGGCCCCGG	CCCCCCCGGGGGCCCCGGCCGCGGGCCCGG	1236459	1236758	1236759	1236725	1236754	4	1352498	1352797	1352499	1352656	1352685	112	108
LigP_1412720_1412699	upstream_LG	downstream_LG	33	87.879	262	294	263	295	4.34e-06	CCGGGGCCGCGGGGCCGGGGGGGGGCGCGGCGG	CCGGGGCCGCGCGGCCGGCGGGCGGCGCCGCGG	1412421	1412720	1412721	1412683	1412715	5	1412699	1412998	1412700	1412962	1412994	4	1
LigP_39829556_39833002	upstream_LG	downstream_LG	29	82.759	90	118	195	223	0.26	CCGCCCCCGGCCGCCCGGGCCCGCGCCCC	CCGCCGCCGCCCCCCCGGCCGCGCGCCCC	39829257	39829556	39829557	39829347	39829375	181	39833002	39833301	39833003	39833197	39833225	76	105
LigP_50303893_55086255	upstream_LG	downstream_LG	29	82.759	127	155	246	274	0.26	GGGGGGGGCGCCCCGCGGCGCCCCGGGCC	GGGGGGGGGGCCGCCCCGCGGCCCGGGCC	50303594	50303893	50303894	50303721	50303749	144	55086255	55086554	55086256	55086501	55086529	25	119
LigP_1898158_1901491	upstream_LG	downstream_LG	34	85.294	202	235	39	72	0.000268	CGCGCCCCCCCCCCGCCCGGCCCCCCGCGCCGCC	CGCGCCGCCGCCCCGCCCCGGCCCGCGCGCCGCC	1897859	1898158	1898159	1898061	1898094	64	1901491	1901790	1901492	1901530	1901563	227	163
LigP_50715298_80638228	upstream_LG	downstream_LG	29	86.207	63	91	164	192	0.001	CGGCCCCCCCCCGCCCCCGGGCCCCCCCC	CGGCGCCCCCCCCCCCCCCGGCCGCCCCC	50714999	50715298	50715299	50715062	50715090	208	80638228	80638527	80638229	80638392	80638420	107	101
LigP_1393734_1412432	upstream_LG	downstream_LG	31	90.323	266	296	20	50	2.78e-07	GCGGCCCGGCGGGGGCCCGGGCGGGGGGGGC	GCGGCCGGGCGGGGCCCCGGGCCGGGGGGGC	1393435	1393734	1393735	1393701	1393731	3	1412432	1412731	1412433	1412452	1412482	249	246
LigP_155808588_155811228	upstream_LG	downstream_LG	46	86.957	166	211	134	179	4.51e-09	GCGCCGCCCGGGCGGGCGCGGGGGGCCCCGGGCGGGGGGGCCCGGG	GCGCCGCGCGGGCGGGCGGGCGCGGCCCCGGGCGCCGGGGCCCGGG	155808289	155808588	155808589	155808455	155808500	88	155811228	155811527	155811229	155811362	155811407	120	32
LigP_128405675_128410112	upstream_LG	downstream_LG	32	87.5	226	257	45	76	1.72e-05	CCCGCCCCGGCGCGGGCCCCCCCCCCCCCCGC	CCCGCCCGCGCGGGGGCGCCCCCCCCCCCCGC	128405376	128405675	128405676	128405602	128405633	42	128410112	128410411	128410113	128410157	128410188	223	181
LigP_28180183_28182033	upstream_LG	downstream_LG	29	82.759	26	54	237	265	0.26	GCCCCCGCCCCCCCGCCCCGCCCCCCCGC	GCCCCGGCCCCCGCCCCCCGGGCCCCCGC	28179884	28180183	28180184	28179910	28179938	245	28182033	28182332	28182034	28182270	28182298	34	211
LigP_50383637_56051405	upstream_LG	downstream_LG	34	85.294	67	100	95	128	0.000268	CCGGGGCCCGGCCGGGCCCCCCGCCCCCCGGGGG	CCGGGGCGCGGGCGGGGCCCGCGCCCCGCGGGGG	50383338	50383637	50383638	50383405	50383438	199	56051405	56051704	56051406	56051500	56051533	171	28
LigP_984560_1031901	upstream_LG	downstream_LG	41	82.927	21	61	5	45	0.001	GGCGCGCCCCCCCCGCCCGCCCCCGCCCCCCCCCCGCCCCC	GGCGCGCCCCCGCGGCCGCCCCGCGCCCCCGGCCCGCCCCC	984261	984560	984561	984282	984322	238	1031901	1032200	1031902	1031906	1031946	254	16
LigP_149713874_149714357	upstream_LG	downstream_LG	32	90.625	82	113	131	162	7.04e-08	GCCCGCCCCGGGGGCCGCGGCCCGCGGGGCCC	GCCCCCCCCGGGGGCCGCGGCCGGGGGGGCCC	149713575	149713874	149713875	149713657	149713688	186	149714357	149714656	149714358	149714488	149714519	137	49
LigP_123749228_141014758	upstream_LG	downstream_LG	33	84.848	28	60	133	165	0.001	GGCCGGGCCGGGGCCGGGCGGCCGCCGCCCCCG	GGCCGGGCCCGGGCGGGGCCGCCGGCGGCCCCG	123748929	123749228	123749229	123748957	123748989	239	141014758	141015057	141014759	141014891	141014923	134	105
LigP_1480193_110397460	upstream_LG	downstream_LG	30	86.667	157	186	29	58	0.000268	GGGGGGCGCGCGGGGGCGGCGGGGGGGGCG	GGGGGGCGCGCGGGCCCGGGGGCGGGGGCG	1479894	1480193	1480194	1480051	1480080	113	110397460	110397759	110397461	110397489	110397518	241	128
LigP_50304666_50306269	upstream_LG	downstream_LG	36	83.333	49	84	225	260	0.004	CGCCGCCCCGGGGCCCGCGGGGCGGCGGGGCGCGCG	CGCCGCCGCGGCGCCCCCGCGCCGGGGGGGCGCGCG	50304367	50304666	50304667	50304416	50304451	215	50306269	50306568	50306270	50306494	50306529	39	176
LigP_44606817_45069697	upstream_LG	downstream_LG	30	83.333	157	186	258	287	0.065	CGCCCGCCCCGGCGCCGGGCGCCGCGGCGC	CGCCCGCCCCCGCCCGGCGCGCCGCCGCGC	44606518	44606817	44606818	44606675	44606704	113	45069697	45069996	45069698	45069955	45069984	12	101
LigP_28180179_28182038	upstream_LG	downstream_LG	29	82.759	30	58	232	260	0.26	GCCCCCGCCCCCCCGCCCCGCCCCCCCGC	GCCCCGGCCCCCGCCCCCCGGGCCCCCGC	28179880	28180179	28180180	28179910	28179938	241	28182038	28182337	28182039	28182270	28182298	39	202
LigP_683629_62297226	upstream_LG	downstream_LG	32	81.25	256	287	205	236	1.0	CCCCGCCGGGCGCCGGCCGCCGCCCGCCCCGC	CCCCGCCCCGCGGCGGCCCCCCCCGGCCCCGC	683330	683629	683630	683586	683617	12	62297226	62297525	62297227	62297431	62297462	63	51
LigP_123749385_135208179	upstream_LG	downstream_LG	36	86.111	97	132	221	256	1.72e-05	CCCGGGGCCGCGCCCCCCCCCGGCCGGGGCGCGGGC	CCCGGGGGCGCGCCCCCGCCGGGGCCGGGCGCGGGC	123749086	123749385	123749386	123749183	123749218	167	135208179	135208478	135208180	135208400	135208435	43	124
LigP_47667086_47669415	upstream_LG	downstream_LG	29	86.207	182	210	37	65	0.001	CCGGCCGCCCCCGCCCGCGGGCCCCCCCC	CCGGCGGCCCCCGCGCGGGGGCGCCCCCC	47666787	47667086	47667087	47666969	47666997	89	47669415	47669714	47669416	47669452	47669480	234	145
LigP_155808565_156685858	upstream_LG	downstream_LG	30	90.0	62	91	231	260	1.1e-06	GGCCCCCCGCCCCGCCGCGGCCCCCCCCCC	GGCCCCCCGCCCCCGCCCGGCCCCCCCCCC	155808266	155808565	155808566	155808328	155808357	208	156685858	156686157	156685859	156686089	156686118	39	169
LigP_41424283_65037737	upstream_LG	downstream_LG	32	81.25	47	78	104	135	1.0	CCCGGCCGGGGGCCGCCGCGGGCGGCCCCCGG	CCCGGCCCGGGCCGGCCCCGGCCGGCGCCCGG	41423984	41424283	41424284	41424031	41424062	221	65037737	65038036	65037738	65037841	65037872	164	57
LigP_47346883_47350255	upstream_LG	downstream_LG	30	83.333	126	155	219	248	0.065	CCGGGGGGGGGGCCCCCGCGCGCCGCCCCC	CCGGGCGGGGGGGGCCCGGGGGCCGCCCCC	47346584	47346883	47346884	47346710	47346739	144	47350255	47350554	47350256	47350474	47350503	51	93
LigP_50303974_50364826	upstream_LG	downstream_LG	31	83.871	128	158	134	164	0.017	CCCGGGCGCGGGGCGGCGGGCCCGGCGGCGC	CCCGCGCGCGGGGCGCGGGGGGCGGCGGCGC	50303675	50303974	50303975	50303803	50303833	141	50364826	50365125	50364827	50364960	50364990	135	6
LigP_6504407_88171969	upstream_LG	downstream_LG	40	87.5	101	140	87	126	7.04e-08	GGCCGCCGCGGGGGGCCCGGCGGGCGGGGGCGGGGGGGCC	GGCCGGCGCGGGGGGCCCCCCGCGCGGGGGCGGGCGGGCC	6504108	6504407	6504408	6504209	6504248	159	88171969	88172268	88171970	88172056	88172095	173	14
LigP_28180193_28280568	upstream_LG	downstream_LG	34	85.294	163	196	158	191	0.000268	CGGCCCCGCGGCCCCGCCCGGCGCCCGGCCCCCG	CGGCCCCGCGGCCCGGGCCGGGGGCGGGCCCCCG	28179894	28180193	28180194	28180057	28180090	103	28280568	28280867	28280569	28280726	28280759	108	5
LigP_123749292_123750046	upstream_LG	downstream_LG	29	86.207	17	45	121	149	0.001	GCCCCCGGCCCCCCCCCCGGCCCCCCCGC	GCCCCCGCCCCCCCCCGCGGGCCCGCCGC	123748993	123749292	123749293	123749010	123749038	254	123750046	123750345	123750047	123750167	123750195	150	104
LigP_47328347_47328294	upstream_LG	downstream_LG	34	85.294	27	60	155	188	0.000268	GCGCGGCGGGCGGGGCCCCGGGCCCCCGCCCCGG	GCGCGGCGGGCGGGCCCCGCCGCCCGCGCCCCGG	47328048	47328347	47328348	47328075	47328108	239	47328294	47328593	47328295	47328449	47328482	111	128
LigP_155349499_155351775	upstream_LG	downstream_LG	31	87.097	136	166	237	267	6.78e-05	CCGCGCGGGGGCGGCGGGGCCGGGGCCCCCG	CCGCGCGGGGGCCGGGGGGCGGGGCCCCCCG	155349200	155349499	155349500	155349336	155349366	133	155351775	155352074	155351776	155352012	155352042	32	101
LigP_28180179_28472484	upstream_LG	downstream_LG	33	84.848	77	109	189	221	0.001	GCCCCGGCGGCCCGGGCCGGGGCGGGGGCGCCC	GCCCCGGGGGCCCCGGGGGGGCCGGGGGCGCCC	28179880	28180179	28180180	28179957	28179989	190	28472484	28472783	28472485	28472673	28472705	78	112
LigP_1898567_1901503	upstream_LG	downstream_LG	33	90.909	6	38	92	124	1.78e-08	CCGGCCCGGCGGCCGGCGGGCGCGCGGCGGGCC	CCGGCCCGGCGGGCCCCGGGCGCGCGGCGGGCC	1898268	1898567	1898568	1898274	1898306	261	1901503	1901802	1901504	1901595	1901627	175	86
LigP_140697157_151227111	upstream_LG	downstream_LG	43	88.372	130	172	33	75	1.14e-09	CGCGGCCCGGGGGGGGGGGCCCCGCCGGCCGGGGGGGGGGGGG	CGCGGGCCGGGCGGCGGGGCCCGGCGGGCCGGGGGGGGGGGGG	140696858	140697157	140697158	140696988	140697030	127	151227111	151227410	151227112	151227144	151227186	224	97
LigP_28180211_28182168	upstream_LG	downstream_LG	37	83.784	193	229	93	129	0.001	CCCCGCCCCGCGCCCCGCGCGCCGGCGCCCGGCCCCG	CCCCGGCCCCCGCCCCCCGGGCCCCCGCCCGGCCCCG	28179912	28180211	28180212	28180105	28180141	70	28182168	28182467	28182169	28182261	28182297	170	100
LigP_1476034_1476951	upstream_LG	downstream_LG	37	86.486	223	259	95	131	4.34e-06	GCCGCCGCCGGCGGCCCCCCCGCCGCGCGGCGGGGCC	GCCGCCGGGGGCGGCCCCCCGGCGCCGCGGCGGGGCC	1475735	1476034	1476035	1475958	1475994	40	1476951	1477250	1476952	1477046	1477082	168	128
LigP_65751046_151227110	upstream_LG	downstream_LG	30	83.333	52	81	249	278	0.065	CGCGGGCCCCGCCCGCGCCCCGGGGCCCCG	CGCGCGCCCCGGCGGCGCCGCGCGGCCCCG	65750747	65751046	65751047	65750799	65750828	218	151227110	151227409	151227111	151227359	151227388	21	197
LigP_28180186_28181912	upstream_LG	downstream_LG	30	90.0	248	277	178	207	1.1e-06	GGCCCCGCCGCCGCGGCCCCGCCGCCCCGC	GGCCCCGCCCCGGCGGGCCCGCCGCCCCGC	28179887	28180186	28180187	28180135	28180164	22	28181912	28182211	28181913	28182090	28182119	92	70
LigP_28180183_28181819	upstream_LG	downstream_LG	30	90.0	251	280	271	300	1.1e-06	GGCCCCGCCGCCGCGGCCCCGCCGCCCCGC	GGCCCCGCCCCGGCGGGCCCGCCGCCCCGC	28179884	28180183	28180184	28180135	28180164	19	28181819	28182118	28181820	28182090	28182119	-1	20
LigP_66082513_113120268	upstream_LG	downstream_LG	57	84.211	214	270	122	178	1.78e-08	CGCGGCCGGCGGGCGCCGCCCGGGGGCGCGGCCCCCGGGGCCCCGCCGCCCCCCCCG	CGCGGCCGGCGGGCGGCGGGCGCGGGGGCGGCCCCCCGCCCGCCGCCGCCCCCCCCG	66082214	66082513	66082514	66082428	66082484	29	113120268	113120567	113120269	113120390	113120446	121	92
LigP_78012394_156438334	upstream_LG	downstream_LG	31	87.097	97	127	62	92	6.78e-05	CCCCCGGGCCCCCGGCGCCGCCCCCGCGCCC	CCCCGGGGGCCCCGGCGCGGCCCCCGGGCCC	78012095	78012394	78012395	78012192	78012222	172	156438334	156438633	156438335	156438396	156438426	207	35
LigP_157984934_157985618	upstream_LG	downstream_LG	29	86.207	241	269	268	296	0.001	CCCCCCGCCCCCCGCCGCCGGCCCCGGGC	CCCCCCGCCCCCGGGGCCCGGCCCCGGGC	157984635	157984934	157984935	157984876	157984904	30	157985618	157985917	157985619	157985886	157985914	3	27
LigP_123749228_123749204	upstream_LG	downstream_LG	33	84.848	66	98	133	165	0.001	CGGCGGCCGCGCCGGGCCCCCGGCCCCCCCCCC	CGGCGGCGGCGGGGGGCCCCCGCCCGCCCCCCC	123748929	123749228	123749229	123748995	123749027	201	123749204	123749503	123749205	123749337	123749369	134	67
LigP_155808580_155844369	upstream_LG	downstream_LG	34	88.235	149	182	45	78	1.1e-06	GGCCCGGCCCCCGGCCCCGCGGGCCGCGCCGCCC	GGCCCCGCCCGCGCCCCCCCGGGCCGCGCCGCCC	155808281	155808580	155808581	155808430	155808463	117	155844369	155844668	155844370	155844414	155844447	221	104
LigP_123710932_123748834	upstream_LG	downstream_LG	30	86.667	236	265	186	215	0.000268	CCGCCGCCGGCGCCGGGGGCCCCGGGGGGG	CCGCCGCCGCCGCGGGGGGGCCGGGGGGGG	123710633	123710932	123710933	123710869	123710898	34	123748834	123749133	123748835	123749020	123749049	84	50
LigP_44761434_44796300	upstream_LG	downstream_LG	33	84.848	64	96	116	148	0.001	CCGGGCCGGGCCGCCGGGGCGGGGGGCGGGGCG	CCGGGGCGGGGCGGCGGCGCGGGGCGCGGGGCG	44761135	44761434	44761435	44761199	44761231	203	44796300	44796599	44796301	44796416	44796448	151	52
LigP_1901968_1934169	upstream_LG	downstream_LG	36	88.889	184	219	213	248	7.04e-08	CCCCCCCCCGCCCGGGCGCCGGCCCCCCCCGGGCCC	CCCCCCGCCGCCCGGGCCCCCGCCCGCCCCGGGCCC	1901669	1901968	1901969	1901853	1901888	80	1934169	1934468	1934170	1934382	1934417	51	29
LigP_123749262_154696212	upstream_LG	downstream_LG	35	82.857	41	75	100	134	0.017	CGCCGGGCCCCCGGCCCCCCCCCCGGCCCCCCCGC	CGCCGGGCCCCGCGCGGCCCCCCCCCCCCCCCCGC	123748963	123749262	123749263	123749004	123749038	224	154696212	154696511	154696213	154696312	154696346	165	59
LigP_155331814_155349205	upstream_LG	downstream_LG	32	84.375	159	190	152	183	0.004	CGCCCCCCCGCCCCGCCCGCGCCGGGCGCCCC	CGCCGCCCCCCCCCGCGGGCGCCGGGGGCCCC	155331515	155331814	155331815	155331674	155331705	109	155349205	155349504	155349206	155349357	155349388	116	7
LigP_1664240_1901513	upstream_LG	downstream_LG	35	88.571	67	101	222	256	2.78e-07	GGGCCGGCCGGGGCCGGGGCCCCCCGGCGCCCCGG	GGGCGGGCCGGGCCCGGGGCCCCCCCGCGGCCCGG	1663941	1664240	1664241	1664008	1664042	198	1901513	1901812	1901514	1901735	1901769	43	155
LigP_50303886_50312060	upstream_LG	downstream_LG	36	83.333	251	286	144	179	0.004	CCCCCCCCCCCCCCCGGCGGCCCGCGCGCGCCGCCC	CCCCCCCCCGGCCCGGGCCGCCGGCGCGGGCCGCCC	50303587	50303886	50303887	50303838	50303873	13	50312060	50312359	50312061	50312204	50312239	120	107
LigP_101537982_103139013	upstream_LG	downstream_LG	31	87.097	230	260	3	33	6.78e-05	CGGGGCGCCGCGGCCCGCCCCCGCCGGCCCG	CGGGGCGCCCCGCCCGCCCCCCGCCGGCCCG	101537683	101537982	101537983	101537913	101537943	39	103139013	103139312	103139014	103139016	103139046	266	227
LigP_28180213_28181948	upstream_LG	downstream_LG	29	82.759	133	161	247	275	0.26	CCGGGCCGGCCGGCCCCGCGGCCCCGCCC	CCGGGCCCGCCGGGGCCCCGCCCCCGCCC	28179914	28180213	28180214	28180047	28180075	138	28181948	28182247	28181949	28182195	28182223	24	114
LigP_47328343_47328541	upstream_LG	downstream_LG	40	85.0	83	122	258	297	1.72e-05	GCCCGGGCGGGGCCCCGCGCCCCGGCCCGCCCCGGGGGGG	GCCCGGGCGGGGCGCCGCGGCCCGCCGGGGCCCGGGGGGG	47328044	47328343	47328344	47328127	47328166	177	47328541	47328840	47328542	47328799	47328838	2	175
LigP_47328339_133532744	upstream_LG	downstream_LG	30	83.333	47	76	259	288	0.065	GGGCCCCGGGCCCCCGCCCCGGCGGCGGCG	GGGCCCCCGGCCGCCGCGCCCCCGGCGGCG	47328040	47328339	47328340	47328087	47328116	223	133532744	133533043	133532745	133533003	133533032	11	212
LigP_151041266_151041428	upstream_LG	downstream_LG	31	83.871	198	228	188	218	0.017	GGCGGGCGGGGCCCGCGCGCCCCCGGCCCCC	GGCGGGCGCGCCCCCCCCGCCCGCGGCCCCC	151040967	151041266	151041267	151041165	151041195	71	151041428	151041727	151041429	151041616	151041646	81	10
LigP_90321477_117903800	upstream_LG	downstream_LG	31	90.323	199	229	53	83	2.78e-07	GGGGCCCCCCCCCGGCCCCGCCCGGCCCCCC	GGGGCCCCGGCCCGGCCCCGGCCGGCCCCCC	90321178	90321477	90321478	90321377	90321407	70	117903800	117904099	117903801	117903853	117903883	216	146
LigP_80135347_80135483	upstream_LG	downstream_LG	35	85.714	51	85	38	72	6.78e-05	CCCGCGCCCGGGGCCCGCGCCCGGGCGCGGGGGGG	CCCGCGCCCGGGCCCCCCGCCGGGCCGCGCGGGGG	80135048	80135347	80135348	80135099	80135133	214	80135483	80135782	80135484	80135521	80135555	227	13
LigP_47328501_47337492	upstream_LG	downstream_LG	30	86.667	85	114	44	73	0.000268	GCCCGGCCGGCGCCCCCGGGCGGCCCCGGC	GCCCGGGCGGCGCGGCCGGCCGGCCCCGGC	47328202	47328501	47328502	47328287	47328316	185	47337492	47337791	47337493	47337536	47337565	226	41
LigP_123749243_127347575	upstream_LG	downstream_LG	31	90.323	62	92	145	175	2.78e-07	CCGGGCCCCCGGCCCCCCCCCCGGCCCCCCC	CCGGGCCCCCCGCCCCGCCCCGGGCCCCCCC	123748944	123749243	123749244	123749006	123749036	207	127347575	127347874	127347576	127347720	127347750	124	83
LigP_1326148_36045396	upstream_LG	downstream_LG	32	84.375	20	51	123	154	0.004	CGGGGGCGCGCGCGCGGCCGCCGCCCCCCGCC	CGGGGGGGCCCGCGCGCGCGGCGCCCCCCGCC	1325849	1326148	1326149	1325869	1325900	248	36045396	36045695	36045397	36045519	36045550	145	103
LigP_100798744_100802392	upstream_LG	downstream_LG	37	86.486	214	250	177	213	4.34e-06	GCGGGCGGGGGGGCGGGGGGCGGGGCGCGGCCCCGGG	GCGGGCGGGGGGGGGCGGGGCGCGCCCCGGCCCCGGG	100798445	100798744	100798745	100798659	100798695	49	100802392	100802691	100802393	100802569	100802605	86	37
LigP_127392502_127645231	upstream_LG	downstream_LG	34	82.353	34	67	18	51	0.065	GGCGCGGGGGCGCCGCGGCCCGCCGCGCCCCCCC	GGCGCGGGGGGGCCCCGCGCGGCCGCGCCGCCCC	127392203	127392502	127392503	127392237	127392270	232	127645231	127645530	127645232	127645249	127645282	248	16
LigP_128201418_128201407	upstream_LG	downstream_LG	32	87.5	101	132	184	215	1.72e-05	GGCGGGCGCGGCCGGGGCCGGGCGCGGGGGCC	GGCGGGGGCGGCGGGGGGCGGGCGGGGGGGCC	128201119	128201418	128201419	128201220	128201251	167	128201407	128201706	128201408	128201591	128201622	84	83
LigP_47274240_47327979	upstream_LG	downstream_LG	34	91.176	79	112	219	252	4.51e-09	CCGGGCCCCCCCGGCGGCCCCCGGGGCCGGCCCC	CCGGGCCCCCCCGGCCGCCCCCCGGGCGGGCCCC	47273941	47274240	47274241	47274020	47274053	187	47327979	47328278	47327980	47328198	47328231	47	140
LigP_123749263_123751800	upstream_LG	downstream_LG	29	82.759	91	119	122	150	0.26	GCGCGGCCCGGCGCGGCGGCGGGGGCGGG	GCGCCGCCCGGCCCCGGGGCGGGCGCGGG	123748964	123749263	123749264	123749055	123749083	180	123751800	123752099	123751801	123751922	123751950	149	31
LigP_47328326_47368144	upstream_LG	downstream_LG	34	82.353	185	218	198	231	0.065	GGGCGGCCGGGGGGGCCCGGGCCCGGGGGGGGGC	GGGCGGCGGGGCGGGCCGGGCCCCCGCGGGGGGC	47328027	47328326	47328327	47328212	47328245	81	47368144	47368443	47368145	47368342	47368375	68	13
LigP_123537337_123749000	upstream_LG	downstream_LG	36	83.333	141	176	52	87	0.004	CCCGCCCCCGCCCGCCCCGGCGCCCGCCCGCGCGGC	CCCGCCCGCCCCCGCCGCCGCGCCGGGCCGCGCGGC	123537038	123537337	123537338	123537179	123537214	123	123749000	123749299	123749001	123749052	123749087	212	89
LigP_1901932_1917818	upstream_LG	downstream_LG	44	88.636	241	284	54	97	2.89e-10	GCCCCCCCCGGGCCCCCCCCCCGCGCCCCCGGGGCCCCCGCCCC	GCCCCCGCCGGCCCCCCCCCCCGCCGCCCCGGGGGCCCCGCCCC	1901633	1901932	1901933	1901874	1901917	15	1917818	1918117	1917819	1917872	1917915	202	187
LigP_151520774_151759629	upstream_LG	downstream_LG	35	82.857	59	93	160	194	0.017	CGGGGCGGGGGGCCGGCCCCCCGCCGGCGCCGGGG	CGGGGGGGCGGGCCGGGGCCCCCCCGGCCCCGGGG	151520475	151520774	151520775	151520534	151520568	206	151759629	151759928	151759630	151759789	151759823	105	101
LigP_141511855_145055598	upstream_LG	downstream_LG	36	91.667	239	274	265	300	2.89e-10	CCGCCGGGCCCCCCCGCGGGGCGGCGGGGGGCCCGG	CCGCCGGGCCCCCCCCCGGGGCGGCGGCGGGGCCGG	141511556	141511855	141511856	141511795	141511830	25	145055598	145055897	145055599	145055863	145055898	-1	26
LigP_102425595_102433146	upstream_LG	downstream_LG	32	84.375	164	195	139	170	0.004	GGGGCGCGCGGGCCGCGGGCCGCGGGCGCCCC	GGGGCGGGGGGGCCCCGGCCCGCGCGCGCCCC	102425296	102425595	102425596	102425460	102425491	104	102433146	102433445	102433147	102433285	102433316	129	25
LigP_28180188_28280573	upstream_LG	downstream_LG	34	85.294	168	201	153	186	0.000268	CGGCCCCGCGGCCCCGCCCGGCGCCCGGCCCCCG	CGGCCCCGCGGCCCGGGCCGGGGGCGGGCCCCCG	28179889	28180188	28180189	28180057	28180090	98	28280573	28280872	28280574	28280726	28280759	113	15
LigP_27095641_103444428	upstream_LG	downstream_LG	35	82.857	156	190	88	122	0.017	GCGGGGGGCGGGGGGCCCCCGGGGCGGGCGGCGGG	GCGGGGGGCCGGGGGGGCCCCCGGCGGCCGGCGGG	27095342	27095641	27095642	27095498	27095532	109	103444428	103444727	103444429	103444516	103444550	177	68
LigP_105388908_155680815	upstream_LG	downstream_LG	36	94.444	141	176	87	122	1.18e-12	CCGGCCGCGCGGCGGGGGGGGGGCGCGCCGCGGGCC	CCGGCCGCGCGGGGGGGGGGGGGCCCGCCGCGGGCC	105388609	105388908	105388909	105388750	105388785	123	155680815	155681114	155680816	155680902	155680937	177	54
LigP_66556841_66557395	upstream_LG	downstream_LG	33	84.848	182	214	154	186	0.001	GGGGCCGGGGCGGGCCCGGGGCGCGGGCGCGGG	GGGGCCGGGGCCGGGCCGGGGGCCCGGCGCGGG	66556542	66556841	66556842	66556724	66556756	85	66557395	66557694	66557396	66557549	66557581	113	28
LigP_102478972_105308075	upstream_LG	downstream_LG	30	86.667	56	85	188	217	0.000268	GGGGGGCGGGCGGGGGGCGCCCCGGGGCGC	GGGGGGGGGGCGGGGGGGGCGCCCGGGCGC	102478673	102478972	102478973	102478729	102478758	214	105308075	105308374	105308076	105308263	105308292	82	132
LigP_25370045_25428926	upstream_LG	downstream_LG	29	89.655	40	68	1	29	4.34e-06	GGGCCCGGGGCCGGGGGGGGGGGGGGGGG	GGGCCCGGGGCCCGCGGGGGGGGCGGGGG	25369746	25370045	25370046	25369786	25369814	231	25428926	25429225	25428927	25428927	25428955	270	39
LigP_28180179_33903228	upstream_LG	downstream_LG	35	82.857	137	171	265	299	0.017	GCCCCCGGCGCCCCGGGCCGCCCCGGCCGCCCGGG	GCCCCCGCCGCCGCGGGCGGGCGCGGCCGGCCGGG	28179880	28180179	28180180	28180017	28180051	128	33903228	33903527	33903229	33903493	33903527	0	128
LigP_6160487_6162036	upstream_LG	downstream_LG	34	82.353	55	88	60	93	0.065	CCGGCGCGCCCCCGGGGGGGGGGCCCGGCCCCGG	CCGGCGCCCCGCGGGGGGCGGCGCCCGCCCCCGG	6160188	6160487	6160488	6160243	6160276	211	6162036	6162335	6162037	6162096	6162129	206	5
LigP_47327889_47328008	upstream_LG	downstream_LG	34	88.235	213	246	222	255	1.1e-06	CGGCCCGGCGGCCCCCGCGCCCCGCCCCGCGCCC	CGGCCCGGCGGCCCCGGGGCCCCCCCCCGGGCCC	47327590	47327889	47327890	47327803	47327836	53	47328008	47328307	47328009	47328230	47328263	44	9
LigP_24757405_52155129	upstream_LG	downstream_LG	31	83.871	248	278	168	198	0.017	GGCCCGGGGCGGGCCCCGCGGCCCGCGCCCG	GGCCCGGGCCGGCCCGCCCGGCCCGCCCCCG	24757106	24757405	24757406	24757354	24757384	21	52155129	52155428	52155130	52155297	52155327	101	80
LigP_1412752_1948191	upstream_LG	downstream_LG	35	82.857	235	269	111	145	0.017	GCCGCGGGGCCGGGGGGGGGCGCGGCGGGGGCCCG	GCCGGGGGGCGGGGGGGGCCCGCGGGGGGCGCCCG	1412453	1412752	1412753	1412688	1412722	30	1948191	1948490	1948192	1948302	1948336	154	124
LigP_25797531_122886509	upstream_LG	downstream_LG	36	88.889	65	100	54	89	7.04e-08	CCGGCCCCCCCCCCGCGGCCCCGGCGGCGCCCCCCC	CCGGCCCCGCCCGCCCGGCCCCGGCGGCCCCCCCCC	25797232	25797531	25797532	25797297	25797332	199	122886509	122886808	122886510	122886563	122886598	210	11
LigP_1412774_1412758	upstream_LG	downstream_LG	33	87.879	208	240	204	236	4.34e-06	CCGGGGCCGCGGGGCCGGGGGGGGGCGCGGCGG	CCGGGGCCGCGCGGCCGGCGGGCGGCGCCGCGG	1412475	1412774	1412775	1412683	1412715	59	1412758	1413057	1412759	1412962	1412994	63	4
LigP_50303893_50304169	upstream_LG	downstream_LG	34	85.294	124	157	256	289	0.000268	GCCGGGGGGGGCGCCCCGCGGCGCCCCGGGCCCC	GCCGGGGCGCGCGCCCCGCCGCCCCGCGGGCCCC	50303594	50303893	50303894	50303718	50303751	142	50304169	50304468	50304170	50304425	50304458	10	132
LigP_116530_175163	upstream_LG	downstream_LG	38	84.211	257	294	96	133	0.000268	CCCCGCCCGGCCCCCCCCGGCCGCGCGGGCGCCCCCCC	CCCCGCCGCGCCCCCCCCGCCGGCGCCGGCGGCCCCCC	116231	116530	116531	116488	116525	5	175163	175462	175164	175259	175296	166	161
LigP_604700_1299289	upstream_LG	downstream_LG	45	82.222	157	201	56	100	0.001	CCGGGCCCGGGGCGCGCGCCCCCCGCGGGGGGGCGGGGCCCCCGG	CCGGGCCCCGGCCCCGGGCCCGCCGGGGGGGGGCCGGCCCCCCGG	604401	604700	604701	604558	604602	98	1299289	1299588	1299290	1299345	1299389	199	101
LigP_108570159_108570340	upstream_LG	downstream_LG	36	86.111	143	178	52	87	1.72e-05	GGCCGCGGCGGGGGGCCGGGCCCGGGCCGCCGGCCC	GGCCCCGGCGGGCGGCCGGGCCGGGCCCCCCGGCCC	108569860	108570159	108570160	108570003	108570038	121	108570340	108570639	108570341	108570392	108570427	212	91
LigP_100866225_100874667	upstream_LG	downstream_LG	39	84.615	47	85	97	135	6.78e-05	GGCCCCGCCCCCCGGGCGGCCGGGCCGGGGGCCCGGGGG	GGCCCCGCCCCCCCCCCGGGCGGGGCGCGGGCCCGGGGG	100865926	100866225	100866226	100865973	100866011	214	100874667	100874966	100874668	100874764	100874802	164	50
LigP_1412761_120509722	upstream_LG	downstream_LG	40	82.5	44	83	152	191	0.004	CGCCCGGCCGGCGGCGGGCGCCCGGGCCGGCGCCGCGGCG	CGCCCGGCCGGGGGGGCGGGCCGGGGCCCGCCCCGCGGCG	1412462	1412761	1412762	1412506	1412545	216	120509722	120510021	120509723	120509874	120509913	108	108
LigP_47328425_82795760	upstream_LG	downstream_LG	35	82.857	79	113	88	122	0.017	GCCCGGGGGGCGGCCGGGGGGGCCCGGGCCCGGGG	GCCCGGCGGGCGGCGCGGCGGGCGCGGGCCGGGGG	47328126	47328425	47328426	47328205	47328239	186	82795760	82796059	82795761	82795848	82795882	177	9
LigP_123749334_124101425	upstream_LG	downstream_LG	31	87.097	51	81	224	254	6.78e-05	GGGCCGCGGGGCGGGGGGCGCGGGGGGGCGC	GGGCCGCGGCGCCGGGGCCGCGGGGCGGCGC	123749035	123749334	123749335	123749086	123749116	218	124101425	124101724	124101426	124101649	124101679	45	173
LigP_73578343_90244887	upstream_LG	downstream_LG	33	87.879	184	216	36	68	4.34e-06	CCCGGGGGGCGCGCCCGGCCCGGCGGGGCGGGC	CCCGCGGGGCGCGCCGGGCGCGGCGCGGCGGGC	73578044	73578343	73578344	73578228	73578260	83	90244887	90245186	90244888	90244923	90244955	231	148
LigP_123749229_123749214	upstream_LG	downstream_LG	33	84.848	65	97	123	155	0.001	CGGCGGCCGCGCCGGGCCCCCGGCCCCCCCCCC	CGGCGGCGGCGGGGGGCCCCCGCCCGCCCCCCC	123748930	123749229	123749230	123748995	123749027	202	123749214	123749513	123749215	123749337	123749369	144	58
LigP_47668385_47669439	upstream_LG	downstream_LG	50	84.0	233	282	195	244	1.1e-06	GCCCCCCGGCCCCGCCCCGCCGCGCGGCCGCCGGGCGCCCGGCGCGCGCC	GCCCCCCGGCCCCGCCGGGCCGCGCCGCGCGCGCGCGCCCCGCGCGCGCC	47668086	47668385	47668386	47668319	47668368	17	47669439	47669738	47669440	47669634	47669683	55	38
LigP_47327922_47328024	upstream_LG	downstream_LG	30	83.333	65	94	209	238	0.065	GGCCCGGGGGCCGGGGCGCCCCGCCCCGGG	GGCCCGGCGGCCCCGGGGCCCCCCCCCGGG	47327623	47327922	47327923	47327688	47327717	205	47328024	47328323	47328025	47328233	47328262	61	144
LigP_28180186_28181323	upstream_LG	downstream_LG	35	85.714	173	207	169	203	6.78e-05	CCCCGCGGCCCCGCCCGGCGCCCGGCCCCCGCCGC	CCCCCCGGCCCCGGCCGGCGCGCCGCCCCCCCCGC	28179887	28180186	28180187	28180060	28180094	92	28181323	28181622	28181324	28181492	28181526	96	4
LigP_1895704_1901502	upstream_LG	downstream_LG	35	85.714	234	268	193	227	6.78e-05	GGCCCGGGGCGGGCGCGGCGGGCGGCCGGGGGGGC	GGCCCGGGGCGGCCCCGGGGGCCGGCGGGGGGGGC	1895405	1895704	1895705	1895639	1895673	31	1901502	1901801	1901503	1901695	1901729	72	41
LigP_123581082_123748918	upstream_LG	downstream_LG	32	84.375	192	223	47	78	0.004	CGGGGGGCCGGGCCGGCGGGCGCCCGCCCCCG	CGGGGCGCGGGGGCGGCGGCCGCCCGGCCCCG	123580783	123581082	123581083	123580975	123581006	76	123748918	123749217	123748919	123748965	123748996	221	145
LigP_984592_17390182	upstream_LG	downstream_LG	34	85.294	217	250	166	199	0.000268	GCCCCGGGCGGGGGCCGGCCGGCCGGCCCCCCGC	GCCCCGGGCGGGCGCCCGCCGCCCCGGCCCCCGC	984293	984592	984593	984510	984543	49	17390182	17390481	17390183	17390348	17390381	100	51
LigP_155296996_155297081	upstream_LG	downstream_LG	36	86.111	131	166	214	249	1.72e-05	GGCCCCCGCGGGCCGCCCGCGCCCGCCGCGCGCGCC	GGCCCCCCCGGGCCCCCCGCGGCCCCCGCCCGCGCC	155296697	155296996	155296997	155296828	155296863	133	155297081	155297380	155297082	155297295	155297330	50	83
LigP_32728790_32729241	upstream_LG	downstream_LG	31	87.097	16	46	129	159	6.78e-05	CGCCCGCCCCCGCCCCCCCGGCCCCCGGGGC	CGCCCCCCCCCGGCCCCCCGGCGCCGGGGGC	32728491	32728790	32728791	32728507	32728537	253	32729241	32729540	32729242	32729370	32729400	140	113
LigP_28180183_28234590	upstream_LG	downstream_LG	32	81.25	107	138	230	261	1.0	GCGGCGCGCGGCGCCCGCCCCCCGCCGCCCCC	GCGGCGCCCGCCGCCGCCCCCCCCCCCCCCCC	28179884	28180183	28180184	28179991	28180022	161	28234590	28234889	28234591	28234820	28234851	38	123
LigP_155808588_155812561	upstream_LG	downstream_LG	43	83.721	146	188	33	75	6.78e-05	GGCCCCCGGCCCCGCGGGCCGCGCCGCCCGGGCGGGCGCGGGG	GGCCCCCCCCCCCCCGGCCCGGGCCCCCCGGGCGGGGGCGGGG	155808289	155808588	155808589	155808435	155808477	111	155812561	155812860	155812562	155812594	155812636	224	113
LigP_6159183_6160093	upstream_LG	downstream_LG	34	88.235	243	276	201	234	1.1e-06	CCCCCCGCCCCCCCCCCCCGGGCCCCCCCCCCGG	CCCCCCGCCCCCGCCCCCGCGGCCCCCCGCCCGG	6158884	6159183	6159184	6159127	6159160	23	6160093	6160392	6160094	6160294	6160327	65	42
LigP_141511782_141512031	upstream_LG	downstream_LG	43	86.047	206	248	174	216	2.78e-07	GCCGCCGCCCCCCGCGCCGGCGGCCCCCCCCCGGGCGCCCCGG	GCCGCCGCCCCGCGCGCCGCGGGCCCGCCCGGGGGCGCCCCGG	141511483	141511782	141511783	141511689	141511731	51	141512031	141512330	141512032	141512205	141512247	83	32
LigP_31075838_31079221	upstream_LG	downstream_LG	48	83.333	246	293	165	212	1.72e-05	CGCGGCCGCGCGGGGCCCGCGCGCCCGCGGCCCCGGCGGGGGGCCCCG	CGCGGCCGCGCGCGGCCCGGGCCCCCCCGGCGCCCCCGGGGGCCCCCG	31075539	31075838	31075839	31075785	31075832	6	31079221	31079520	31079222	31079386	31079433	87	81
LigP_30679970_30682473	upstream_LG	downstream_LG	36	83.333	203	238	46	81	0.004	CCGCCCGGGCCGGCCCCGCGCCCCGGGCGCCGGCCG	CCGCCCGGCCCCGCCCCCCGGCGCGGCCGCCGGCCG	30679671	30679970	30679971	30679874	30679909	61	30682473	30682772	30682474	30682519	30682554	218	157
LigP_289946_352369	upstream_LG	downstream_LG	29	86.207	166	194	211	239	0.001	GGGCGCCCCGGGGGGGGGGCCGGGCGGGG	GGGCGCCCGGGGGGGGCGCCCGGGGGGGG	289647	289946	289947	289813	289841	105	352369	352668	352370	352580	352608	60	45
LigP_127233797_157336767	upstream_LG	downstream_LG	33	84.848	207	239	74	106	0.001	CCGGCCCCCCCGGCCCCGGGGGGGGCCCCGGGG	CCGGCCCCCCCGCCGCCCCGGGGGGCCCGGGGG	127233498	127233797	127233798	127233705	127233737	60	157336767	157337066	157336768	157336841	157336873	193	133
LigP_44019231_44114230	upstream_LG	downstream_LG	58	81.034	155	212	46	103	0.000268	GCGGCCCGGGGGCCGGGGGGGCGCCCGCGCCCCCGCCCCCGCCGCGCCCGGGCCCCGG	GCGGCCGGCGGGCCCGGGGGGCGCCGCCGCCGCGGCCCGGGCCGGGCCGGGGCCCCGG	44018932	44019231	44019232	44019087	44019144	87	44114230	44114529	44114231	44114276	44114333	196	109
LigP_727132_730009	upstream_LG	downstream_LG	31	83.871	225	255	176	206	0.017	GCCCCGCCGCGCCCGCCGCCCGCGCCCGCCG	GCCCCGCCCCCCCCCCGGCCCGGGCCCGCCG	726833	727132	727133	727058	727088	44	730009	730308	730010	730185	730215	93	49
LigP_28180200_28210338	upstream_LG	downstream_LG	37	83.784	158	194	117	153	0.001	GCCCCGCGGCCCCGCCCGGCGCCCGGCCCCCGCCGCC	GCCCCGCGGGCCGCCCCGGCGCGCGCCCCCCGGCGCC	28179901	28180200	28180201	28180059	28180095	105	28210338	28210637	28210339	28210455	28210491	146	41
LigP_1412947_1474716	upstream_LG	downstream_LG	29	89.655	204	232	194	222	4.34e-06	CGCGCGGCCGGGCGCGCCCGCGGCCGGCG	CGCGCGGCGGGCCGCGGCCGCGGCCGGCG	1412648	1412947	1412948	1412852	1412880	67	1474716	1475015	1474717	1474910	1474938	77	10
LigP_140478857_140518559	upstream_LG	downstream_LG	48	83.333	249	296	212	259	1.72e-05	CCCCCCGGCGGCGGGGGGGGGGCCGGCCCGCCCCCCCCCGGCGCGCCC	CCCCCGGGCGGGGGGGGCGGGGCCCGCCCCGCCCCCCCCCGCCCGCCC	140478558	140478857	140478858	140478807	140478854	3	140518559	140518858	140518560	140518771	140518818	40	37
LigP_44536447_44796280	upstream_LG	downstream_LG	29	89.655	23	51	145	173	4.34e-06	GGGGCCGGGGCCGGGGCGGGGGCGCGGGG	GGGGCCCGGGGCGGGGCGGCGGCGCGGGG	44536148	44536447	44536448	44536171	44536199	248	44796280	44796579	44796281	44796425	44796453	126	122
LigP_122886848_122891180	upstream_LG	downstream_LG	30	86.667	112	141	170	199	0.000268	CGGCCCCCCGGGGCCCGCCGGCGGGGGCGG	CGGCCCCCCGCGGGCCGGCGGCGGCGGCGG	122886549	122886848	122886849	122886661	122886690	158	122891180	122891479	122891181	122891350	122891379	100	58
LigP_90212305_90212259	upstream_LG	downstream_LG	29	86.207	248	276	39	67	0.001	CCCCCCCCCCCCCCGGCCCCCGGGGCCGG	CCCCCCCGCCCCCCCCCCCCCGGGCCCGG	90212006	90212305	90212306	90212254	90212282	23	90212259	90212558	90212260	90212298	90212326	232	209
LigP_1901911_1902161	upstream_LG	downstream_LG	37	81.081	73	109	243	279	0.26	GGGCCCCCGGGCCCCCCCCGCCGGCCCCCGGGGCCGC	GGGCCCCGGCGCCCCCGCCCCCGCCCCCGCGGGCCGC	1901612	1901911	1901912	1901685	1901721	190	1902161	1902460	1902162	1902404	1902440	20	170
LigP_123748387_123748904	upstream_LG	downstream_LG	30	83.333	86	115	180	209	0.065	CCCCCCCGGCCCGCCCGCCCCCCGGGCCCG	CCCCCCCGCGCCCCCCGCCCCGCGGCCCCG	123748088	123748387	123748388	123748174	123748203	184	123748904	123749203	123748905	123749084	123749113	90	94
LigP_100852656_100852986	upstream_LG	downstream_LG	30	83.333	58	87	217	246	0.065	CCCCCCGCCGCCCCCGCGCGCCCCCCCCGG	CCCCCCGGCGCCCCGGGCCGCCCCCGCCGG	100852357	100852656	100852657	100852415	100852444	212	100852986	100853285	100852987	100853203	100853232	53	159
LigP_1899783_1901494	upstream_LG	downstream_LG	32	93.75	140	171	213	244	2.89e-10	CCGGCCCCGGGCCGGGGGCGGGCCCGGGGGCC	CCGGCCCCGGGCCCGGGGCGGCCCCGGGGGCC	1899484	1899783	1899784	1899624	1899655	128	1901494	1901793	1901495	1901707	1901738	55	73
LigP_1474441_1474484	upstream_LG	downstream_LG	29	82.759	107	135	82	110	0.26	GCCCCGGCGGGCCCGGCGCGCGCGGGGGG	GCCCCCGCGGGCCGGGCCCGGCCGGGGGG	1474142	1474441	1474442	1474249	1474277	164	1474484	1474783	1474485	1474566	1474594	189	25
LigP_123749269_130347834	upstream_LG	downstream_LG	31	87.097	126	156	95	125	6.78e-05	GCGGGGGGCGCGGGGGGGCGCGCCGGGGGCG	GCGGGGGCCCCGGGGGGGCGGGCCCGGGGCG	123748970	123749269	123749270	123749096	123749126	143	130347834	130348133	130347835	130347929	130347959	174	31
LigP_1412757_1499713	upstream_LG	downstream_LG	32	87.5	230	261	102	133	1.72e-05	GCCGCGGGGCCGGGGGGGGGCGCGGCGGGGGC	GCCGCGGGGCGGGGCGGGGGCGGGGGGGGGGC	1412458	1412757	1412758	1412688	1412719	38	1499713	1500012	1499714	1499815	1499846	166	128
LigP_1901262_1901518	upstream_LG	downstream_LG	43	83.721	150	192	97	139	6.78e-05	CGCGGGGGGGGGCCCGCCCCCCGGGCGGGGCCGCCCCGGCGGG	CGCGGGGCCGGGCCCCCCCCCCGGGCGCCCCCGGCCCGGCGGG	1900963	1901262	1901263	1901113	1901155	107	1901518	1901817	1901519	1901615	1901657	160	53
LigP_123557457_123748901	upstream_LG	downstream_LG	29	86.207	85	113	73	101	0.001	GGCCGGCGGGGCGGGCGGGCGGCGCCCGC	GGCCGCCGGGGCGCGGGGGCGGCGGCCGC	123557158	123557457	123557458	123557243	123557271	186	123748901	123749200	123748902	123748974	123749002	198	12
LigP_47328348_47346513	upstream_LG	downstream_LG	49	85.714	206	254	149	197	1.78e-08	GCCGGGCCGCCGCCGGCCGCCGCGGGCGGCCCGCCCGGCCGGCGCCCCC	GCCGGGCCGCCGCCGGCCCCGCCCGGCGCCCCGCCCGGGCGCCGCCCCC	47328049	47328348	47328349	47328255	47328303	45	47346513	47346812	47346514	47346662	47346710	102	57
LigP_2710077_2784814	upstream_LG	downstream_LG	48	83.333	239	286	125	172	1.72e-05	GGGCCCGCGCGCGGCGGCCGCGGCCGGGGGGCCGCGGCGGGGCCGGGC	GGGCCGGCGCGCGGCGGCCCGGGGCGGGGGCGCGCGGCGCGGCGGGGC	2709778	2710077	2710078	2710017	2710064	13	2784814	2785113	2784815	2784939	2784986	127	114
LigP_123749310_126787372	upstream_LG	downstream_LG	34	85.294	44	77	261	294	0.000268	GCGCGGCCCGGCGCGGCGGCGGGGGCGGGCGGGG	GCGCCGCCCGGGGGGGCGGCCGGGGGGGGCGGGG	123749011	123749310	123749311	123749055	123749088	222	126787372	126787671	126787373	126787633	126787666	5	217
LigP_1901910_1902485	upstream_LG	downstream_LG	44	84.091	241	284	235	278	1.72e-05	GCCCCCCCCCGCCCGGGCGCCGGCCCCCCCCGGGCCCCCCCCCC	GCCCCCGCCCCCCGGGGCGGCGCCCGCCGCCGGGCCCCCCCCCC	1901611	1901910	1901911	1901852	1901895	15	1902485	1902784	1902486	1902720	1902763	21	6
LigP_50303886_50304532	upstream_LG	downstream_LG	33	90.909	198	230	19	51	1.78e-08	CCCCGGCCGGCCGGCGGCCCCGGGCGCGGGGCG	CCCCGGCCGGCCGGCCGCCCCGCGCGCGCGGCG	50303587	50303886	50303887	50303785	50303817	69	50304532	50304831	50304533	50304551	50304583	248	179
LigP_47406155_47460926	upstream_LG	downstream_LG	34	88.235	168	201	256	289	1.1e-06	GGCCCCGCCGGGCCCCCGGCGGGCCCGCCGCCCG	GGCCCGGCCCGGCCCCCGGCGCGCCCGCCCCCCG	47405856	47406155	47406156	47406024	47406057	98	47460926	47461225	47460927	47461182	47461215	10	88
LigP_1901804_1913078	upstream_LG	downstream_LG	53	88.679	246	298	184	236	3e-13	CCCCGGGCCCGGCCCGCCCGCGGCCCCGGCCCCCGCCCCCCCCGCCCGGGGGC	CCCCGCGCCCGCCCCGCCCGGGGCCCCGCCCCCCGCCCCCCCCCCCCCGGGGC	1901505	1901804	1901805	1901751	1901803	1	1913078	1913377	1913079	1913262	1913314	63	62
