LigP_ID	query_ID	subject_ID	length	perc_id	q_start	q_end	s_start	s_end	evalue	q_seq	s_seq	start_harbor	end_harbor	end_LG1	start_homolog1	end_homolog1	LG1_distance	start_harbor2	end_harbor2	end_LG2	start_homolog2	end_homolog2	LG2_distance	Ligshift
LigP_23481168_23528549	upstream_LG	downstream_LG	58	81.034	191	248	239	296	0.000268	CCGGGGGGCGGGGCGCCGGGGGCGGCCCCGCCCCCGGGCCGGGCGGCGGGGGGGGCCC	CCGGGGGCCGGGGGGCCGGCGGCCGCCGCGCCGCCGGCGCGCGGGGCGGCGGGGGCCC	23480869	23481168	23481169	23481060	23481117	51	23528549	23528848	23528550	23528788	23528845	3	48
LigP_38269170_38271148	upstream_LG	downstream_LG	40	87.5	100	139	255	294	7.04e-08	GGGGGGGGCGGCCCCGCCGCCCCGGGGGGGGGCGGGGGGG	GGGGGGGGGGCCCCCCCCCCCCCGGCGGGGGGCGGGGGGG	38268871	38269170	38269171	38268971	38269010	160	38271148	38271447	38271149	38271403	38271442	5	155
LigP_23528481_23528536	upstream_LG	downstream_LG	33	84.848	110	142	112	144	0.001	GGCCCGCCGGGCCCGGGGGGGGCCCCCCGGGGG	GGCCCGCGGGGGGCGGGGGGGGCCGCCGGGGGG	23528182	23528481	23528482	23528292	23528324	157	23528536	23528835	23528537	23528648	23528680	155	2
LigP_142624964_142632200	upstream_LG	downstream_LG	30	83.333	179	208	34	63	0.065	CCCCGCCCGGGGGGGCCGGGGGCGGGCGCC	CCCCGCCCCGGGCGCCGGGGGGGGGGCGCC	142624665	142624964	142624965	142624844	142624873	91	142632200	142632499	142632201	142632234	142632263	236	145
LigP_18118924_23528531	upstream_LG	downstream_LG	29	86.207	61	89	41	69	0.001	CCCGCGGGGGCCCCCCCCCCCCGGCGGGC	CCCGGGGGGGGCCCGCCCCCGCGGCGGGC	18118625	18118924	18118925	18118686	18118714	210	23528531	23528830	23528532	23528572	23528600	230	20
LigP_38269173_38270346	upstream_LG	downstream_LG	34	88.235	96	129	229	262	1.1e-06	CGGGGGGGGCGGCCCCGCCGCCCCGGGGGGGGGC	CGGGCGGGGCGCCCCCGCCGGCCCGGGGGCGGGC	38268874	38269173	38269174	38268970	38269003	170	38270346	38270645	38270347	38270575	38270608	37	133
LigP_23481132_23528536	upstream_LG	downstream_LG	34	88.235	98	131	166	199	1.1e-06	GGGCGGGGGGGCGCGCGGGCCGCCCCCGGGGGCC	GGGCGGGGGGGGGCGCGGGGCGGCCCGGGGGGCC	23480833	23481132	23481133	23480931	23480964	168	23528536	23528835	23528537	23528702	23528735	100	68
LigP_23479941_23528533	upstream_LG	downstream_LG	33	84.848	52	84	180	212	0.001	GGCCGGGCGGGCGCGGCGGGGCCCCCGGGGCGG	GGCCGGGCGGGGGCGGGGGGGGGCGCGGGGCGG	23479642	23479941	23479942	23479694	23479726	215	23528533	23528832	23528534	23528713	23528745	87	128
LigP_23482753_23528533	upstream_LG	downstream_LG	39	82.051	42	80	47	85	0.017	GGGCGCGGGGGGGGGGCCCCGGGGGGGCCCCCGCCCCCG	GGGCGCGGGCGGCGGCGCCCCGGGGGGGGCCCGCCCCCG	23482454	23482753	23482754	23482496	23482534	219	23528533	23528832	23528534	23528580	23528618	214	5
LigP_85245897_85245888	upstream_LG	downstream_LG	34	85.294	193	226	126	159	0.000268	CCCGGCCGCGCCCCCCCCCCCCCCCCGCCCCGGG	CCCGGCGGGGCCGCCCCCCGCCCCCCGCGCCGGG	85245598	85245897	85245898	85245791	85245824	73	85245888	85246187	85245889	85246014	85246047	140	67
LigP_23528975_23530622	upstream_LG	downstream_LG	31	87.097	37	67	77	107	6.78e-05	CCGCCCCGCGCCCCCCCCCGCCCCCGCCCGG	CCGCCCCCGGCCCCCCCCGGGCCCCGCCCGG	23528676	23528975	23528976	23528713	23528743	232	23530622	23530921	23530623	23530699	23530729	192	40
LigP_1746121_30083017	upstream_LG	downstream_LG	29	86.207	60	88	141	169	0.001	GCCGGGCCGCGGGCCGGGGGCGCGGGCCC	GCCGCGCCGCGCCCCGGGGGCGGGGGCCC	1745822	1746121	1746122	1745882	1745910	211	30083017	30083316	30083018	30083158	30083186	130	81
LigP_23528918_23530435	upstream_LG	downstream_LG	34	85.294	221	254	48	81	0.000268	CCCCGGCGGCCGGCGCCCCCGGCCGCCGCGCCCC	CCCCGGGGGCCCGCGCCCCCCCCCGCCGGGCCCC	23528619	23528918	23528919	23528840	23528873	45	23530435	23530734	23530436	23530483	23530516	218	173
LigP_699969_699948	upstream_LG	downstream_LG	204	91.667	73	276	1	204	4.21e-77	CGCGCGCGCGCGCGCGCCCGCGCGGCCGCGCGGGCCCGCGCGCGCGCGCGGGCCCGCGCGCGCGCGCGGGCCCGCGCGGGCGCGCGGGCCCGCGCGGGCGCGCGGGCCCGCGCGCGCGCGCGGGCCCCCGCGGGCGCGCGGGCCCGCGCGCGCGCGCGGGCCCGCGCGGGCGCGCGGGCCCGCGCGGGCGCGCGGGCCCGCGCG	CGCGCGCCCGCGCGGGCCCGCGCGCCCGCGGGGGCGCGCGCGCGCGCGCGGGCCCGCGCGCGCGCGCGGGCCCGCGCGCCCGCGGGGGCCCGCGCGCGCGCGCGGGCCCGCGCGCCCGCGGGGGCCCGCGCGCGCGCGCGGGCCCGCGCGCCCGCGGGGGCCCGCGCGCGCGCGCGGGCCCGCGCGCGCGCGCGGGCCCGCGCG	699670	699969	699970	699743	699946	23	699948	700247	699949	699949	700152	95	72
LigP_1161653_104466354	upstream_LG	downstream_LG	43	86.047	82	124	232	274	2.78e-07	GGCGCCGGCGGGGGGCCCGGCGGCCCCGCGGGCCGGCCCGGGG	GGCGCCCGCGGGGGCCCGGGCGGCCCCCCCGGCCGCCCCGGGG	1161354	1161653	1161654	1161436	1161478	175	104466354	104466653	104466355	104466586	104466628	25	150
LigP_100720898_100721850	upstream_LG	downstream_LG	29	89.655	66	94	58	86	4.34e-06	GGCCGCCGCGCCCCCCCCCCCCGCCCCGC	GGCCCCCGCCCCCCCCCCCCCCCCCCCGC	100720599	100720898	100720899	100720665	100720693	205	100721850	100722149	100721851	100721908	100721936	213	8
LigP_38269282_38269310	upstream_LG	downstream_LG	31	83.871	18	48	113	143	0.017	GGCGGGGGGGCGCGGGGCGGGCCGCCCGGCC	GGCGGCGGGCCGCGCGCCGGCCCGCCCGGCC	38268983	38269282	38269283	38269001	38269031	251	38269310	38269609	38269311	38269423	38269453	156	95
LigP_23528921_23529011	upstream_LG	downstream_LG	38	84.211	81	118	5	42	0.000268	GCCCCCCGGGCCGCCCCGCGCCCCCCCCCGCCCCCGCC	GCCCCCCGCGCCGCCGCCCGGCCGCCCGCGCCCCCGCC	23528622	23528921	23528922	23528703	23528740	181	23529011	23529310	23529012	23529016	23529053	257	76
LigP_23474001_23528523	upstream_LG	downstream_LG	35	85.714	191	225	122	156	6.78e-05	GCCCGGGGGCGGGGGGGGGGGGCCCCGGGGGGGGG	GCCCGCGGGGGGCGGGGGGGGCCGCCGGGGGGGGG	23473702	23474001	23474002	23473893	23473927	74	23528523	23528822	23528524	23528645	23528679	143	69
LigP_23479951_23528533	upstream_LG	downstream_LG	33	84.848	42	74	180	212	0.001	GGCCGGGCGGGCGCGGCGGGGCCCCCGGGGCGG	GGCCGGGCGGGGGCGGGGGGGGGCGCGGGGCGG	23479652	23479951	23479952	23479694	23479726	225	23528533	23528832	23528534	23528713	23528745	87	138
LigP_38268880_38268894	upstream_LG	downstream_LG	30	83.333	250	279	147	176	0.065	CGCGGGGGGCCGGGCCGCGGGGGGGGGGGG	CGCGGGGCGGCGGGCCGGGCGGCGGGGGGG	38268581	38268880	38268881	38268831	38268860	20	38268894	38269193	38268895	38269041	38269070	123	103
LigP_90645265_91070233	upstream_LG	downstream_LG	33	87.879	202	234	206	238	4.34e-06	CCGCCCCCGGGCCGCCCCCCCCCCCCGCCGCGC	CCGCCCCGCGGCCCCCCCCCCCCCCCGCGGCGC	90644966	90645265	90645266	90645168	90645200	65	91070233	91070532	91070234	91070439	91070471	61	4
LigP_23528499_23528535	upstream_LG	downstream_LG	33	84.848	92	124	113	145	0.001	GGCCCGCCGGGCCCGGGGGGGGCCCCCCGGGGG	GGCCCGCGGGGGGCGGGGGGGGCCGCCGGGGGG	23528200	23528499	23528500	23528292	23528324	175	23528535	23528834	23528536	23528648	23528680	154	21
LigP_143815220_143829279	upstream_LG	downstream_LG	29	86.207	171	199	10	38	0.001	CGGCCGGCGCGGGCCGGCGGGGCCGGCCG	CGGCGGGCGCGGGGCGGCGGCGGCGGCCG	143814921	143815220	143815221	143815092	143815120	100	143829279	143829578	143829280	143829289	143829317	261	161
LigP_23509691_23528533	upstream_LG	downstream_LG	34	82.353	29	62	167	200	0.065	GCGGGCGGGGGCGGGGCGGGGCCGCGGGGGCCGC	GCGGGGGGGGGCGCGGGGCGGCCCGGGGGGCCGC	23509392	23509691	23509692	23509421	23509454	237	23528533	23528832	23528534	23528700	23528733	99	138
LigP_38269385_38271210	upstream_LG	downstream_LG	34	85.294	196	229	72	105	0.000268	CCCCCCCGGCCGCCCGCGCCCCGGCGGCCCCCCG	CCCCCCGGGCCCCCCCCGCCCCGGCCCCCCCCCG	38269086	38269385	38269386	38269282	38269315	70	38271210	38271509	38271211	38271282	38271315	194	124
LigP_23528872_23530317	upstream_LG	downstream_LG	36	83.333	145	180	66	101	0.004	CCGCGCCCCCCCCCGCCCCCGCCCGGCCGCCCGGGG	CCGCGCCCCCCGGCCCCCGCGCCCGCCCGCGCGGGG	23528573	23528872	23528873	23528718	23528753	119	23530317	23530616	23530318	23530383	23530418	198	79
LigP_42140637_42141185	upstream_LG	downstream_LG	41	85.366	209	249	116	156	4.34e-06	CCCCCCCCCCGCCCGGCGGCCCCCCCCCGCGCCCCGCCCCC	CCCCGCCCCCCCCCCGCGCCCCCCCCCCGCGGCCCCCCCCC	42140338	42140637	42140638	42140547	42140587	50	42141185	42141484	42141186	42141301	42141341	143	93
LigP_141307361_141308148	upstream_LG	downstream_LG	42	90.476	65	106	55	96	1.85e-11	CCCGGGCGGCCGGCCGGGGGGCCGGGCCCCGCGCGGGCCCGC	CCCGGCCGGCCGGCCGGGGGGGCGGCCCCCGCCCGGGCCCGC	141307062	141307361	141307362	141307127	141307168	193	141308148	141308447	141308149	141308203	141308244	203	10
LigP_23507605_23528588	upstream_LG	downstream_LG	38	81.579	92	129	107	144	0.065	CGGGGGGGGGGGGGGGGGGGGGCGCGGGGCCGGGCCGC	CGGGGGGGGGCGCGGGGCGGCCCGGGGGGCCGCGCCGC	23507306	23507605	23507606	23507398	23507435	170	23528588	23528887	23528589	23528695	23528732	155	15
LigP_130007114_130016052	upstream_LG	downstream_LG	36	83.333	49	84	52	87	0.004	CCCGGGCCCGCGCGGGCCGGCGCCCGGGCGCCGGGG	CCCGGGCGCGCGGGGGGCGGCGGGCGGGCGCGGGGG	130006815	130007114	130007115	130006864	130006899	215	130016052	130016351	130016053	130016104	130016139	212	3
LigP_23528430_23528548	upstream_LG	downstream_LG	33	84.848	161	193	100	132	0.001	GGCCCGCCGGGCCCGGGGGGGGCCCCCCGGGGG	GGCCCGCGGGGGGCGGGGGGGGCCGCCGGGGGG	23528131	23528430	23528431	23528292	23528324	106	23528548	23528847	23528549	23528648	23528680	167	61
LigP_23528856_23528872	upstream_LG	downstream_LG	38	84.211	177	214	100	137	0.000268	CCCCGCCCGGCCGCCCGGGGGCGCGCGCGGGGCGGCGG	CCCCGCCCGCCGGCCCGGCGGGGCGCGGGGGGCCGCGG	23528557	23528856	23528857	23528734	23528771	85	23528872	23529171	23528873	23528972	23529009	162	77
LigP_23498444_23528536	upstream_LG	downstream_LG	40	82.5	223	262	177	216	0.004	CCCGCGCGGCCGGGCGCGCGCGCCGGCGCGCGCGGGGCGG	CCCGGGCGGCCGGGCGGGGGCGGGGGGGGGCGCGGGGCGG	23498145	23498444	23498445	23498368	23498407	37	23528536	23528835	23528537	23528713	23528752	83	46
LigP_8765131_23528511	upstream_LG	downstream_LG	37	83.784	199	235	192	228	0.001	GCGGGGGGGGGGCGGCGCCCGGGCCGGGCCGGGGGGC	GCGGGGGCGGGGGGGGGCGCGGGGCGGCCCGGGGGGC	8764832	8765131	8765132	8765031	8765067	64	23528511	23528810	23528512	23528703	23528739	71	7
LigP_23512839_23528579	upstream_LG	downstream_LG	29	82.759	238	266	96	124	0.26	CCGCGCCCCCCGCGGGGCGCCCCGGCCCG	CCGCGCCGCCCCGGGGGCGGGCCGGCCCG	23512540	23512839	23512840	23512778	23512806	33	23528579	23528878	23528580	23528675	23528703	175	142
LigP_144518055_144777831	upstream_LG	downstream_LG	35	82.857	257	291	148	182	0.017	CCGGGGGCGGCGGCCGCGGCCGCGGGGCCGGCGGG	CCGGGGGCGGCCCCGGGGGCCGGGGGCCCGGCGGG	144517756	144518055	144518056	144518013	144518047	8	144777831	144778130	144777832	144777979	144778013	117	109
LigP_23480408_23528548	upstream_LG	downstream_LG	31	83.871	266	296	29	59	0.017	GCGGCGCCCGGGGGCGGCCCCGGCCGCGCGG	GCGGCGCCCCGGGGGGGGCCCGCCCCCGCGG	23480109	23480408	23480409	23480375	23480405	3	23528548	23528847	23528549	23528577	23528607	240	237
LigP_23509093_23528535	upstream_LG	downstream_LG	39	84.615	179	217	88	126	6.78e-05	GGGCCGGCGGGGGGCGGGCGCGGCCGGGCCCCCCCGGGG	GGGCCGCCGGGGGGGGGCCGCGGCGGGGCGCGCCCGGGG	23508794	23509093	23509094	23508973	23509011	82	23528535	23528834	23528536	23528623	23528661	173	91
LigP_23528957_42453552	upstream_LG	downstream_LG	42	80.952	28	69	255	296	0.065	GCCCCCGGGGCGGCGCGGCCCCCCGGGCCGCCCCGCGCCCCC	GCCCCCGGGCCGCCCCGCCCCCCCGCCCCCCCGCGCGCCCCC	23528658	23528957	23528958	23528686	23528727	230	42453552	42453851	42453553	42453807	42453848	3	227
LigP_38269248_38291248	upstream_LG	downstream_LG	31	90.323	72	102	97	127	2.78e-07	GCCGCCCGGCCCCCCCCCCGCCCCCCCGCCG	GCCGCCCGGCCCCCGGCCCGCCCGCCCGCCG	38268949	38269248	38269249	38269021	38269051	197	38291248	38291547	38291249	38291345	38291375	172	25
LigP_96374033_96437394	upstream_LG	downstream_LG	33	90.909	152	184	61	93	1.78e-08	GGGGGCGGGGGGCGGCCCGGCCCGCCCCCCCCC	GGGGCCGGGGGGCGGCGCGGCCCGGCCCCCCCC	96373734	96374033	96374034	96373886	96373918	115	96437394	96437693	96437395	96437455	96437487	206	91
LigP_23528834_57912709	upstream_LG	downstream_LG	37	83.784	154	190	87	123	0.001	CCCGGGGCGGCGCGGCCCCCCGGGCCGCCCCGCGCCC	CCCGGGCCCGCGGGGCCCCCCGGGGGCCCCCGCGCCC	23528535	23528834	23528835	23528689	23528725	109	57912709	57913008	57912710	57912796	57912832	176	67
LigP_23528924_23530502	upstream_LG	downstream_LG	31	87.097	88	118	197	227	6.78e-05	CCGCCCCGCGCCCCCCCCCGCCCCCGCCCGG	CCGCCCCCGGCCCCCCCCGGGCCCCGCCCGG	23528625	23528924	23528925	23528713	23528743	181	23530502	23530801	23530503	23530699	23530729	72	109
LigP_142624969_142625113	upstream_LG	downstream_LG	33	90.909	236	268	98	130	1.78e-08	GCCCCGGCGGCCCCGCCCCCCGCCCCGGGGGGC	GCCCCCGCGCCCCCGCCCCGCGCCCCGGGGGGC	142624670	142624969	142624970	142624906	142624938	31	142625113	142625412	142625114	142625211	142625243	169	138
LigP_23528498_23528532	upstream_LG	downstream_LG	33	84.848	93	125	116	148	0.001	GGCCCGCCGGGCCCGGGGGGGGCCCCCCGGGGG	GGCCCGCGGGGGGCGGGGGGGGCCGCCGGGGGG	23528199	23528498	23528499	23528292	23528324	174	23528532	23528831	23528533	23528648	23528680	151	23
LigP_38176188_38268890	upstream_LG	downstream_LG	40	82.5	55	94	63	102	0.004	GGGCGGGGGGGGGGCCCCCCCCCCCCCCGGGCCCCCCCCG	GGGCGGCGGGGCCGCCCCCCCCGCCCCGGGGGCCCGCCCG	38175889	38176188	38176189	38175944	38175983	205	38268890	38269189	38268891	38268953	38268992	197	8
LigP_23472589_23528538	upstream_LG	downstream_LG	32	87.5	7	38	103	134	1.72e-05	GGGGGCCGGGGGCGCGGGCGGGGGGGGGCCGC	GGGGGCGGGGGGGGCCGCCGGGGGGGGGCCGC	23472290	23472589	23472590	23472297	23472328	261	23528538	23528837	23528539	23528641	23528672	165	96
LigP_142340187_142624562	upstream_LG	downstream_LG	37	86.486	61	97	207	243	4.34e-06	CCGGGGGGGCCGGGGGCGCCCCCCGGCGGGGGCCGGC	CCGGGGGGGGGGGGGGCGCGCCCGGGCGGGGCCCGGC	142339888	142340187	142340188	142339949	142339985	202	142624562	142624861	142624563	142624769	142624805	56	146
LigP_38269206_38278333	upstream_LG	downstream_LG	30	86.667	191	220	87	116	0.000268	GCCCGGGCCCGGCCGCGGGCCCCCCCCGCG	GCCCGGGCCCGGGCGGCCGCCCCCCCCGCG	38268907	38269206	38269207	38269098	38269127	79	38278333	38278632	38278334	38278420	38278449	183	104
LigP_23480335_23528512	upstream_LG	downstream_LG	34	85.294	40	73	97	130	0.000268	GCGGCGGCCCGCGGCCGGGGCGGCGGGCGCGGGC	GCGGCGGGGCGCGCCCGGGGCCGGGGGCGCGGGC	23480036	23480335	23480336	23480076	23480109	226	23528512	23528811	23528513	23528609	23528642	169	57
LigP_22857823_23223567	upstream_LG	downstream_LG	41	85.366	161	201	103	143	4.34e-06	GGGGGGGGGGGCGGGGGCGGGCCGCCGGGCGGGGGGGCCGG	GGGGGGCGGGGCGGGGGCCGGGCGCCCGGGGGGCGGGCCGG	22857524	22857823	22857824	22857685	22857725	98	23223567	23223866	23223568	23223670	23223710	156	58
LigP_23528887_23530422	upstream_LG	downstream_LG	34	85.294	252	285	61	94	0.000268	CCCCGGCGGCCGGCGCCCCCGGCCGCCGCGCCCC	CCCCGGGGGCCCGCGCCCCCCCCCGCCGGGCCCC	23528588	23528887	23528888	23528840	23528873	14	23530422	23530721	23530423	23530483	23530516	205	191
LigP_40846827_108530994	upstream_LG	downstream_LG	29	86.207	12	40	201	229	0.001	GCCCGCCCCCCGCCCCCCCCGGCGGGCGG	GCCCGCCCCCCCCCGCCGCCCGCGGGCGG	40846528	40846827	40846828	40846540	40846568	259	108530994	108531293	108530995	108531195	108531223	70	189
LigP_38269249_38271369	upstream_LG	downstream_LG	40	87.5	21	60	34	73	7.04e-08	GGGGGGGGCGGCCCCGCCGCCCCGGGGGGGGGCGGGGGGG	GGGGGGGGGGCCCCCCCCCCCCCGGCGGGGGGCGGGGGGG	38268950	38269249	38269250	38268971	38269010	239	38271369	38271668	38271370	38271403	38271442	226	13
LigP_40055066_42140338	upstream_LG	downstream_LG	31	90.323	23	53	107	137	2.78e-07	GGCGGCGCGGGCGCCGGCCGGCGGGGCCGGC	GGCGGCGCGCGCGCCGCGCGGCGGGGCCGGC	40054767	40055066	40055067	40054790	40054820	246	42140338	42140637	42140339	42140445	42140475	162	84
LigP_66177980_66186522	upstream_LG	downstream_LG	30	86.667	182	211	114	143	0.000268	CCCCCGGGCGCCCCGGCGCCCCCCCCCGGG	CCCCCCGGCGCCCCGGGCCGCCCCCCCGGG	66177681	66177980	66177981	66177863	66177892	88	66186522	66186821	66186523	66186636	66186665	156	68
LigP_23523554_23528539	upstream_LG	downstream_LG	42	83.333	15	56	90	131	0.000268	GGGCGCGGCGGGGCGCCCGGGCGGGGCCGCCGGGGGGCGCGC	GGGCGGGGGGGGCCGCCGGGGGGGGGCCGCGGCGGGGCGCGC	23523255	23523554	23523555	23523270	23523311	243	23528539	23528838	23528540	23528629	23528670	168	75
LigP_23528892_23528951	upstream_LG	downstream_LG	38	84.211	141	178	21	58	0.000268	CCCCGCCCGGCCGCCCGGGGGCGCGCGCGGGGCGGCGG	CCCCGCCCGCCGGCCCGGCGGGGCGCGGGGGGCCGCGG	23528593	23528892	23528893	23528734	23528771	121	23528951	23529250	23528952	23528972	23529009	241	120
LigP_141266247_141308144	upstream_LG	downstream_LG	39	89.744	245	283	121	159	1.14e-09	CCCGCGCGGCGGCCGCGGGCGCGCGCCGCCCCCCCCGCG	CCCGCGCGCCGGCCGCGGCCCCGCGGCGCCCCCCCCGCG	141265948	141266247	141266248	141266193	141266231	16	141308144	141308443	141308145	141308265	141308303	140	124
LigP_23519595_23528589	upstream_LG	downstream_LG	31	87.097	54	84	183	213	6.78e-05	GGGCGCCGGGGCCCCGCCCGCCGGCGCGGCG	GGGCGGCGGGGGCCCGCCCCCCCGCGCGGCG	23519296	23519595	23519596	23519350	23519380	215	23528589	23528888	23528590	23528772	23528802	86	129
LigP_60652748_60653993	upstream_LG	downstream_LG	32	87.5	70	101	240	271	1.72e-05	GGGGCGCCGGCCCCGGCCCCCGGGCCGCGCGG	GGGGCGCCGCCGCCGGCCCCGGGCCCGCGCGG	60652449	60652748	60652749	60652519	60652550	198	60653993	60654292	60653994	60654233	60654264	28	170
LigP_699962_700035	upstream_LG	downstream_LG	122	89.344	178	299	88	209	1.02e-37	CGCGCGGGCCCGCGCGCGCGCGCGGGCCCCCGCGGGCGCGCGGGCCCGCGCGCGCGCGCGGGCCCGCGCGGGCGCGCGGGCCCGCGCGGGCGCGCGGGCCCGCGCGCGCGCGCGGGCCCGCG	CGCGCGGGCCCGCGCGCGCGCGCGGGCGCGCGCGCCCGCGCCGGCCCGCGCGCGCGCGCGGGCCCGCGCGGGCCCGCGCGCGCGCGCGGGCCCGCGCGCCCGCGCGGGCCCGCGCGCCCGCG	699663	699962	699963	699841	699962	0	700035	700334	700036	700123	700244	90	90
LigP_23492918_23528488	upstream_LG	downstream_LG	35	85.714	71	105	209	243	6.78e-05	GGGGGGGGGCCCCGGGCCGGCCGGGGGGGCGCGCC	GGGGGGGGGCGCGGGGCGGCCCGGGGGGCCGCGCC	23492619	23492918	23492919	23492690	23492724	194	23528488	23528787	23528489	23528697	23528731	56	138
LigP_142624134_142624569	upstream_LG	downstream_LG	40	85.0	59	98	202	241	1.72e-05	GGGCCCCCGGCGGGGGGGCGGCGCCCGGGGGCGGGGCCCG	GGGCCCCGGGGGGGGGGGGGGCGCGCCCGGGCGGGGCCCG	142623835	142624134	142624135	142623894	142623933	201	142624569	142624868	142624570	142624771	142624810	58	143
LigP_38119470_38268872	upstream_LG	downstream_LG	35	82.857	251	285	153	187	0.017	GGGCCCGGCGGGGGGGGGGGGGCCCGGGGGCCGGG	GGGCCGGGCGGCGGGGGGGCGGGGGGGGGGCCGGG	38119171	38119470	38119471	38119422	38119456	14	38268872	38269171	38268873	38269025	38269059	112	98
LigP_23498381_23528513	upstream_LG	downstream_LG	36	83.333	206	241	103	138	0.004	GGGGGGGCCCCGGCCGGGGCCCCCCGGGGCCCGGGG	GGGGGGGCCGCGGCGGGGCGCGCCCGGGGCCGGGGG	23498082	23498381	23498382	23498288	23498323	58	23528513	23528812	23528514	23528616	23528651	161	103
LigP_23528532_23528533	upstream_LG	downstream_LG	33	84.848	59	91	115	147	0.001	GGCCCGCCGGGCCCGGGGGGGGCCCCCCGGGGG	GGCCCGCGGGGGGCGGGGGGGGCCGCCGGGGGG	23528233	23528532	23528533	23528292	23528324	208	23528533	23528832	23528534	23528648	23528680	152	56
LigP_10725859_10726549	upstream_LG	downstream_LG	32	84.375	63	94	223	254	0.004	GGGCCCCCCCGCCCCGGGCGGCGGGGGGGGGG	GGGCGCCCGCGCCCCCCGCGGCCGGGGGGGGG	10725560	10725859	10725860	10725623	10725654	205	10726549	10726848	10726550	10726772	10726803	45	160
LigP_23493306_23528574	upstream_LG	downstream_LG	33	87.879	139	171	188	220	4.34e-06	GGGGCCCGCCGCCCCGCCCGCCGCGGCCGCCCC	GGGGCCCGCCCCCCCGCGCGGCGCCGCCGCCCC	23493007	23493306	23493307	23493146	23493178	128	23528574	23528873	23528575	23528762	23528794	79	49
LigP_66505190_97620890	upstream_LG	downstream_LG	32	84.375	117	148	146	177	0.004	CCCGCCGCCCGCCCCGCCGCCGGGGCGCGCCG	CCCGCGGCCCGCCGCCCCGCCGGCGGGCGCCG	66504891	66505190	66505191	66505008	66505039	151	97620890	97621189	97620891	97621036	97621067	122	29
LigP_30095436_30096370	upstream_LG	downstream_LG	29	89.655	171	199	2	30	4.34e-06	CCCGCGGGGGGGGGGGGCGGGGGGCCGGC	CCCGCGGGGCGGCGGGCCGGGGGGCCGGC	30095137	30095436	30095437	30095308	30095336	100	30096370	30096669	30096371	30096372	30096400	269	169
LigP_143517558_143520686	upstream_LG	downstream_LG	30	86.667	234	263	173	202	0.000268	GGCGGGGGGCGGCCGGGCCCGGGCCCGGCC	GGCGGGGGGGGGGCGGCCCCCGGCCCGGCC	143517259	143517558	143517559	143517493	143517522	36	143520686	143520985	143520687	143520859	143520888	97	61
LigP_23528939_23530578	upstream_LG	downstream_LG	31	87.097	73	103	121	151	6.78e-05	CCGCCCCGCGCCCCCCCCCGCCCCCGCCCGG	CCGCCCCCGGCCCCCCCCGGGCCCCGCCCGG	23528640	23528939	23528940	23528713	23528743	196	23530578	23530877	23530579	23530699	23530729	148	48
LigP_42140275_42140355	upstream_LG	downstream_LG	44	84.091	156	199	255	298	1.72e-05	GGGGGGCGGCGCCGCCCCCCGCGCGCGGCGCGCGCGCGGCCGGG	GGGGGGCGCCGGCGCCCGGCGCGGGCGGCGGGCGCGGGGCCGGG	42139976	42140275	42140276	42140132	42140175	100	42140355	42140654	42140356	42140610	42140653	1	99
LigP_23528849_23540231	upstream_LG	downstream_LG	34	82.353	108	141	33	66	0.065	GCCCCCCCCGCCCCCCGCGGGCCGGCCCGCCCCC	GCCCCGCCGGCCCGCCCCGGCCCGGCCCCCCCCC	23528550	23528849	23528850	23528658	23528691	158	23540231	23540530	23540232	23540264	23540297	233	75
LigP_23528529_23528548	upstream_LG	downstream_LG	33	84.848	62	94	100	132	0.001	GGCCCGCCGGGCCCGGGGGGGGCCCCCCGGGGG	GGCCCGCGGGGGGCGGGGGGGGCCGCCGGGGGG	23528230	23528529	23528530	23528292	23528324	205	23528548	23528847	23528549	23528648	23528680	167	38
LigP_124896481_124896671	upstream_LG	downstream_LG	39	82.051	237	275	5	43	0.017	GGGGGCCCGGGGCGGGCGCGGGGGGGCGGGCCCGGGGCC	GGGGGCCGGGGCCCGGCGGGGGGGGCGGGGCCGGGGGCC	124896182	124896481	124896482	124896419	124896457	24	124896671	124896970	124896672	124896676	124896714	256	232
LigP_23529025_23529103	upstream_LG	downstream_LG	50	86.0	218	267	110	159	4.51e-09	CGCGCCCCCCCCCCCCCCCGCCCGCCCCCCGCGGCCCCCCGCGCCCCGCC	CGCGCCCCCCCCCCGCCCGCCGCGCCCCCGGGGCCCCCCCGCGCCCCGCC	23528726	23529025	23529026	23528944	23528993	32	23529103	23529402	23529104	23529213	23529262	140	108
LigP_98947691_99134544	upstream_LG	downstream_LG	29	86.207	28	56	272	300	0.001	GGGGGGCCGGGGCCCCCCCCGCCCCCCCG	GGGGGGCGGGCGCCCCGCCCGCGCCCCCG	98947392	98947691	98947692	98947420	98947448	243	99134544	99134843	99134545	99134816	99134844	-1	244
LigP_142624986_142630883	upstream_LG	downstream_LG	47	82.979	104	150	131	177	6.78e-05	CCCCCCCCCCCCCGGGGCCCCCGGGGCCGGGGCCCCGGCCCCCCCCC	CCCCCCGCCCCCCGGCGCCCCGGCCCCCGGGGCGCCCGCCCCCCCCC	142624687	142624986	142624987	142624791	142624837	149	142630883	142631182	142630884	142631014	142631060	122	27
LigP_23528509_23528548	upstream_LG	downstream_LG	33	84.848	82	114	100	132	0.001	GGCCCGCCGGGCCCGGGGGGGGCCCCCCGGGGG	GGCCCGCGGGGGGCGGGGGGGGCCGCCGGGGGG	23528210	23528509	23528510	23528292	23528324	185	23528548	23528847	23528549	23528648	23528680	167	18
LigP_129939916_130014684	upstream_LG	downstream_LG	29	82.759	184	212	40	68	0.26	GGGGCGGGCGGCCCGGGCGCGCGGGGCGG	GGGGCGCGCGGCGCGGGGGGCCGGGGCGG	129939617	129939916	129939917	129939801	129939829	87	130014684	130014983	130014685	130014724	130014752	231	144
LigP_141331065_141383798	upstream_LG	downstream_LG	35	88.571	154	188	197	231	2.78e-07	GCGGGGGGCCGCGGGCGGGGGGGGCCGGGCCCGGG	GCGGGGGGGCGCGGGCGCGGGGGGGCGGGGCCGGG	141330766	141331065	141331066	141330920	141330954	111	141383798	141384097	141383799	141383995	141384029	68	43
LigP_142624956_142625101	upstream_LG	downstream_LG	33	90.909	249	281	110	142	1.78e-08	GCCCCGGCGGCCCCGCCCCCCGCCCCGGGGGGC	GCCCCCGCGCCCCCGCCCCGCGCCCCGGGGGGC	142624657	142624956	142624957	142624906	142624938	18	142625101	142625400	142625102	142625211	142625243	157	139
LigP_142774145_142774283	upstream_LG	downstream_LG	37	86.486	215	251	71	107	4.34e-06	CCCGGCGGGCGCGCCCCCGGGCGGGGGGCGGCGGGGG	CCCGGCCGGCGCCGCCCCGGGCGGGGGGGGGGGGGGG	142773846	142774145	142774146	142774061	142774097	48	142774283	142774582	142774284	142774354	142774390	192	144
LigP_81659421_81721044	upstream_LG	downstream_LG	55	81.818	84	138	137	191	6.78e-05	GCGGCGGGGCGGGGGGCGGGCCCCGGGCCCCCGGCCCGGGCGGGGGGGGCCCGGG	GCGGCGGGGCGGCCCGGGGGCCCCCGGCCCCCGCCCCCGGCCGCGGGGGGCCGGG	81659122	81659421	81659422	81659206	81659260	161	81721044	81721343	81721045	81721181	81721235	108	53
LigP_144058375_144058466	upstream_LG	downstream_LG	54	83.333	62	115	179	232	1.1e-06	CCGCGGGCGCGCCCGGCGGGGGCGGGGCGCCGGCGGGCCGCCCGGGGGCCCGGG	CCGCGGGCGGGCCCGGCGCGGGCGGCGGGCGGGCGCGCCGGCCCGGGGGCCGGG	144058076	144058375	144058376	144058138	144058191	184	144058466	144058765	144058467	144058645	144058698	67	117
LigP_142582824_142624568	upstream_LG	downstream_LG	32	84.375	66	97	256	287	0.004	CCCCCGGCGGGGGCGGCCGGGGCGCGGCCGGG	CCCCGGGCGGGGGGGGCGGGGGGGGGGCCGGG	142582525	142582824	142582825	142582591	142582622	202	142624568	142624867	142624569	142624824	142624855	12	190
LigP_23480963_23528587	upstream_LG	downstream_LG	34	88.235	267	300	115	148	1.1e-06	GGGCGGGGGGGCGCGCGGGCCGCCCCCGGGGGCC	GGGCGGGGGGGGGCGCGGGGCGGCCCGGGGGGCC	23480664	23480963	23480964	23480931	23480964	-1	23528587	23528886	23528588	23528702	23528735	151	152
LigP_53843524_53984238	upstream_LG	downstream_LG	43	83.721	241	283	98	140	6.78e-05	GGGGCGGCGGGCGCGGCGGGCGCGCCGGGGCCCGCCGCCCCCG	GGGGCGGCGGCGGGGGCGGGCGCGCGCGGGCCCGGGGCCCCCG	53843225	53843524	53843525	53843466	53843508	16	53984238	53984537	53984239	53984336	53984378	159	143
LigP_57261176_61502000	upstream_LG	downstream_LG	33	87.879	158	190	7	39	4.34e-06	GCCCCGGGCGCGGGCCGGGCGGGGGCGGCGGGC	GCCCCGGGCCGGGGCCGGCCGGGGGCGCCGGGC	57260877	57261176	57261177	57261035	57261067	109	61502000	61502299	61502001	61502007	61502039	260	151
LigP_91070522_91070881	upstream_LG	downstream_LG	42	85.714	156	197	155	196	1.1e-06	GGCCGCCGCGGGGGCGGCGCCGGCCGGGGGGCCCGGCGGGGG	GGCCGGCGGGGGGGCGGCGGCGGGCGGGGGGCGCGGGGGGGG	91070223	91070522	91070523	91070379	91070420	102	91070881	91071180	91070882	91071036	91071077	103	1
LigP_27422693_125082277	upstream_LG	downstream_LG	37	83.784	249	285	201	237	0.001	GGCCCCCCCCGCCCGCCGGCCGCCCCCGCCGCCGCCC	GGCCCCCGCCGCGGGCCGGCGGCCCGCGCCGCGGCCC	27422394	27422693	27422694	27422643	27422679	14	125082277	125082576	125082278	125082478	125082514	62	48
LigP_85245875_85245950	upstream_LG	downstream_LG	34	85.294	215	248	64	97	0.000268	CCCGGCCGCGCCCCCCCCCCCCCCCCGCCCCGGG	CCCGGCGGGGCCGCCCCCCGCCCCCCGCGCCGGG	85245576	85245875	85245876	85245791	85245824	51	85245950	85246249	85245951	85246014	85246047	202	151
LigP_85244969_85245458	upstream_LG	downstream_LG	31	90.323	261	291	113	143	2.78e-07	CCCCGGCCCCGGCCCCGGGGCGGCGGGCCCG	CCCCGGCCCGGGCCCGGGGGCGGGGGGCCCG	85244670	85244969	85244970	85244931	85244961	8	85245458	85245757	85245459	85245571	85245601	156	148
LigP_699951_700288	upstream_LG	downstream_LG	141	92.908	134	274	160	300	3.24e-56	GCGCGCGGGCCCGCGCGCGCGCGCGGGCCCGCGCGGGCGCGCGGGCCCGCGCGGGCGCGCGGGCCCGCGCGCGCGCGCGGGCCCCCGCGGGCGCGCGGGCCCGCGCGCGCGCGCGGGCCCGCGCGGGCGCGCGGGCCCGCG	GCGCGCGGGCCCGCGCGCCCGCGCGGGCCCGCGCGCGCGCGCGGGCCCGCGCGCCCGCGCGGGCCCGCGCGCCCGCGCGGGCCCGCGCGCGCGCGCGGGCCCGCGCGCCCGCGCGGGCCCGCGCGCCCGCGCGGGCCCGCG	699652	699951	699952	699786	699926	25	700288	700587	700289	700448	700588	-1	26
LigP_142623651_142624548	upstream_LG	downstream_LG	33	87.879	25	57	86	118	4.34e-06	CGGGGCCGGGGCCGCGCGGGCCCGCGCCCCCCC	CGGGGGCGGGGCCGGGGGGGCGCGCGCCCCCCC	142623352	142623651	142623652	142623377	142623409	242	142624548	142624847	142624549	142624634	142624666	181	61
LigP_141396155_141399253	upstream_LG	downstream_LG	29	89.655	163	191	63	91	4.34e-06	CCCCGCCGCCGGCCCGGGGGGGGCGGGCC	CCCCGCGGCCGGCCCGGGGCGGGGGGGCC	141395856	141396155	141396156	141396019	141396047	108	141399253	141399552	141399254	141399316	141399344	208	100
LigP_42140689_54299624	upstream_LG	downstream_LG	40	87.5	9	48	101	140	7.04e-08	CGCCGGCCCCCGCCCCGGGCGCCCCCCCCCCGGGCCCCCC	CGCCGCCCCCCCGCCCGGGCCCCCCCCCCCGGGGCCCCCC	42140390	42140689	42140690	42140399	42140438	251	54299624	54299923	54299625	54299725	54299764	159	92
LigP_78134556_78197965	upstream_LG	downstream_LG	32	84.375	243	274	7	38	0.004	CCCGCGCGGGCCCCCCCGGCGGGGGGGCGCCC	CCCGGGCGGGCCCCCGCGCCGCGGGGCCGCCC	78134257	78134556	78134557	78134500	78134531	25	78197965	78198264	78197966	78197972	78198003	261	236
LigP_23528434_23528511	upstream_LG	downstream_LG	33	84.848	157	189	137	169	0.001	GGCCCGCCGGGCCCGGGGGGGGCCCCCCGGGGG	GGCCCGCGGGGGGCGGGGGGGGCCGCCGGGGGG	23528135	23528434	23528435	23528292	23528324	110	23528511	23528810	23528512	23528648	23528680	130	20
LigP_38268584_38268899	upstream_LG	downstream_LG	29	86.207	256	284	258	286	0.001	GCGGCGGGGCCCGCCGGGGCCGGCGCGGG	GCGGCGGCGGCCCCCGGGGCCGGGGCGGG	38268285	38268584	38268585	38268541	38268569	15	38268899	38269198	38268900	38269157	38269185	13	2
LigP_23529034_23529114	upstream_LG	downstream_LG	50	86.0	209	258	99	148	4.51e-09	CGCGCCCCCCCCCCCCCCCGCCCGCCCCCCGCGGCCCCCCGCGCCCCGCC	CGCGCCCCCCCCCCGCCCGCCGCGCCCCCGGGGCCCCCCCGCGCCCCGCC	23528735	23529034	23529035	23528944	23528993	41	23529114	23529413	23529115	23529213	23529262	151	110
LigP_18084182_18118363	upstream_LG	downstream_LG	34	88.235	84	117	94	127	1.1e-06	CCCGGGCCCGCCCGCCGGCGGCGCGCGCCGCGCG	CCCGGGCGCGCCCGCCCGCGGGGCGCGCGGCGCG	18083883	18084182	18084183	18083967	18084000	182	18118363	18118662	18118364	18118457	18118490	172	10
LigP_23488471_23528628	upstream_LG	downstream_LG	30	86.667	216	245	263	292	0.000268	GCCGGCCCCCCGGCGCCCCCGCGCCCGGCG	GCCGCCCCCCCGGGGCCGCGGCGCCCGGCG	23488172	23488471	23488472	23488388	23488417	54	23528628	23528927	23528629	23528891	23528920	7	47
LigP_129939622_130016108	upstream_LG	downstream_LG	33	84.848	112	144	69	101	0.001	GGGCGGGCCCGGGGCGCCGCGGGGCCGGGGGCG	GGGCGGGCGGGGGGCGCCGCCGCGGCGGGGGCG	129939323	129939622	129939623	129939435	129939467	155	130016108	130016407	130016109	130016177	130016209	198	43
LigP_38269172_38272012	upstream_LG	downstream_LG	30	90.0	251	280	62	91	1.1e-06	CGCGGGGGGGCCGCGGGCGGCGCGGGCCGC	CGCGGGGGGCCCCCGGGCGGGGCGGGCCGC	38268873	38269172	38269173	38269124	38269153	19	38272012	38272311	38272013	38272074	38272103	208	189
LigP_38267319_38268893	upstream_LG	downstream_LG	58	82.759	50	107	34	91	1.1e-06	GGGCCGCCCCCCCGCCCCGCGGCGCCCGCCCGGGCGGCCGGGGCCCGGGCCCGCCGGG	GGGCCGCCCCCCCCGCCCCGGGGGCCCGCCCGGCCGGGGGGGGCGCGGCCCCGCCGGG	38267020	38267319	38267320	38267070	38267127	192	38268893	38269192	38268894	38268927	38268984	208	16
LigP_54102045_134591004	upstream_LG	downstream_LG	30	86.667	253	282	4	33	0.000268	GCCCCGCCCCCCGCCCGCCGCCCCCCCCCC	GCCCCCCCCCCCGGGCCCCGCCCCCCCCCC	54101746	54102045	54102046	54101999	54102028	17	134591004	134591303	134591005	134591008	134591037	266	249
LigP_100718243_100721859	upstream_LG	downstream_LG	35	82.857	82	116	242	276	0.017	CGGGCGCCGGGCCGGGCGCGGCCCGGCGGCGCGGG	CGGGCGCGGCGCGGGGCGCGGGCGGGGGGCGCGGG	100717944	100718243	100718244	100718026	100718060	183	100721859	100722158	100721860	100722101	100722135	23	160
LigP_29991738_30082955	upstream_LG	downstream_LG	48	83.333	45	92	234	281	1.72e-05	GCGCCCCCCCCGCCCCCCCCCGCCGCCCGCGCGCCCCCGCGCCGCCCC	GCGCCCCCCCGGGCCCCCGGCCCCGCCCGCGCCGCCCCGCCCCGCCCC	29991439	29991738	29991739	29991484	29991531	207	30082955	30083254	30082956	30083189	30083236	18	189
LigP_30083336_30549202	upstream_LG	downstream_LG	39	82.051	39	77	193	231	0.017	GGGGCCGCGGCCGCGGCGGGCCCGCGCGCCGGCCCCGCG	GGGGCCCCGGGCGGGGCGGCCCCGGGGGCGGGCCCCGCG	30083037	30083336	30083337	30083076	30083114	222	30549202	30549501	30549203	30549395	30549433	68	154
LigP_23493296_23528594	upstream_LG	downstream_LG	33	87.879	149	181	168	200	4.34e-06	GGGGCCCGCCGCCCCGCCCGCCGCGGCCGCCCC	GGGGCCCGCCCCCCCGCGCGGCGCCGCCGCCCC	23492997	23493296	23493297	23493146	23493178	118	23528594	23528893	23528595	23528762	23528794	99	19
LigP_65159278_81889454	upstream_LG	downstream_LG	38	84.211	114	151	194	231	0.000268	GGGCCCCCCGGCGGGCCCCCCGGGGGCGGGCGGGCGCC	GGGCCCCCCCCCGGCCGCCCCGGGGCCGGGGGGGCGCC	65158979	65159278	65159279	65159093	65159130	148	81889454	81889753	81889455	81889648	81889685	68	80
LigP_38269374_117935904	upstream_LG	downstream_LG	31	83.871	203	233	218	248	0.017	CCCCCCCCCCCGGCCGCCCGCGCCCCGGCGG	CCCCCCGCCCCCCCCGCGCGGGCCCCGGCGG	38269075	38269374	38269375	38269278	38269308	66	117935904	117936203	117935905	117936122	117936152	51	15
LigP_142624861_142735548	upstream_LG	downstream_LG	33	81.818	45	77	229	261	0.26	CGGCGGCCGGGGGGGGGGCGCGGGGCGGGGGGG	CGGCGGCCCGGGCCGGGGCCCGGGCCCGGGGGG	142624562	142624861	142624862	142624607	142624639	222	142735548	142735847	142735549	142735777	142735809	38	184
LigP_17157583_23528627	upstream_LG	downstream_LG	46	80.435	212	257	206	251	0.065	GGGGGGGGGGGCGGCCGCCCGGGGCCCCCGCGCCCGGGGGGCGGGG	GGGGCGGGGCGCGGCGGCCGGGGGCGCCGGCCGCCGGGGGCCGGGG	17157284	17157583	17157584	17157496	17157541	42	23528627	23528926	23528628	23528833	23528878	48	6
LigP_144466340_144499270	upstream_LG	downstream_LG	46	84.783	95	140	198	243	1.1e-06	CGGGGGGGGGGCCGCGGGGGCCGCGGGCGCCCCCGGCCCGGCGCCC	CGGGGGGGGGGGGGGGGGGCCCGCGGGCCCCCCCCGCCCGGGGCCC	144466041	144466340	144466341	144466136	144466181	159	144499270	144499569	144499271	144499468	144499513	56	103
LigP_23482751_23528533	upstream_LG	downstream_LG	39	82.051	44	82	47	85	0.017	GGGCGCGGGGGGGGGGCCCCGGGGGGGCCCCCGCCCCCG	GGGCGCGGGCGGCGGCGCCCCGGGGGGGGCCCGCCCCCG	23482452	23482751	23482752	23482496	23482534	217	23528533	23528832	23528534	23528580	23528618	214	3
LigP_23498574_23528588	upstream_LG	downstream_LG	40	82.5	93	132	125	164	0.004	CCCGCGCGGCCGGGCGCGCGCGCCGGCGCGCGCGGGGCGG	CCCGGGCGGCCGGGCGGGGGCGGGGGGGGGCGCGGGGCGG	23498275	23498574	23498575	23498368	23498407	167	23528588	23528887	23528589	23528713	23528752	135	32
LigP_144474988_144509573	upstream_LG	downstream_LG	35	82.857	13	47	212	246	0.017	GGGGGGGGGGGGGGCGGGGCGGGCGCCGCCCCCCC	GGGGGGGCGGGCGGCGGCGCCGGCGGCGCGCCCCC	144474689	144474988	144474989	144474702	144474736	252	144509573	144509872	144509574	144509785	144509819	53	199
LigP_35378098_35378328	upstream_LG	downstream_LG	40	90.0	178	217	39	78	2.89e-10	CCCGCGCCGCCCCCCCCCCGGCCCCCCGCGCGGCGCCCGG	CCCGCGCCGCCCGCCCCCCGGGCCCCCCCGCCGCGCCCGG	35377799	35378098	35378099	35377977	35378016	82	35378328	35378627	35378329	35378367	35378406	221	139
LigP_23482835_23528511	upstream_LG	downstream_LG	32	84.375	72	103	135	166	0.004	CCGCGGGGGCCCGGGGGGGGCCGCGGGGGGGG	CCGCGGGGGGCGGGGGGGGCCGCCGGGGGGGG	23482536	23482835	23482836	23482608	23482639	196	23528511	23528810	23528512	23528646	23528677	133	63
LigP_142624983_142625044	upstream_LG	downstream_LG	29	86.207	254	282	82	110	0.001	CCCCCCCCCCCCGGGGCCCCCGGCCCCCC	CCCCCCCCCCCGCCGGCCCCCGGGCCCCC	142624684	142624983	142624984	142624938	142624966	17	142625044	142625343	142625045	142625126	142625154	189	172
LigP_38267967_38268889	upstream_LG	downstream_LG	34	88.235	58	91	134	167	1.1e-06	CCGGGGGGCCGGGGCGCGGGGGGGGGGGCGGGCG	CCGGGCGGCGGGGGGGCGGGGGGGGGGCCGGGCG	38267668	38267967	38267968	38267726	38267759	208	38268889	38269188	38268890	38269023	38269056	132	76
LigP_30083013_30083022	upstream_LG	downstream_LG	32	81.25	212	243	178	209	1.0	CCCCCGGCCCGCGGGCCGCGGCCGCGGCGCCC	CCCCCGGGCCCCCGGCCCCGCCCGCGCCGCCC	30082714	30083013	30083014	30082926	30082957	56	30083022	30083321	30083023	30083200	30083231	90	34
LigP_23246665_23528587	upstream_LG	downstream_LG	40	82.5	231	270	45	84	0.004	GGGGGGGGGGCGGCCGGGGGGCGGGGGCCGGGGGGGGGCG	GGGGCGGGGGGGGCCGCCGGGGGGGGGCCGCGGCGGGGCG	23246366	23246665	23246666	23246597	23246636	29	23528587	23528886	23528588	23528632	23528671	215	186
LigP_8765130_23528511	upstream_LG	downstream_LG	37	83.784	200	236	192	228	0.001	GCGGGGGGGGGGCGGCGCCCGGGCCGGGCCGGGGGGC	GCGGGGGCGGGGGGGGGCGCGGGGCGGCCCGGGGGGC	8764831	8765130	8765131	8765031	8765067	63	23528511	23528810	23528512	23528703	23528739	71	8
LigP_102656521_102656834	upstream_LG	downstream_LG	43	83.721	134	176	232	274	6.78e-05	GGGCGCCGGGGCGCGGGGCGGGGGGCCCCGCCGCGGGGCCGGC	GGGCGCCCGGGGGGGGGGCGGCGGCCCCCGCCCCGGGCCCGGC	102656222	102656521	102656522	102656356	102656398	123	102656834	102657133	102656835	102657066	102657108	25	98
LigP_142624963_142628367	upstream_LG	downstream_LG	46	84.783	215	260	179	224	1.1e-06	GGCCCGGCCCCCGCCCGGGCCCCCCCCGCCCCGGCGGCCCCGCCCC	GGCCCCGCGCCCGCCCCCGCCCCCCCCCCCCCGGGGGCCCCCCCCC	142624664	142624963	142624964	142624879	142624924	39	142628367	142628666	142628368	142628546	142628591	75	36
LigP_144060624_144078296	upstream_LG	downstream_LG	35	85.714	253	287	124	158	6.78e-05	GGGGGGCCGCGGGGGGGGGGCCCGGGGGGCGGCGG	GGGGGGCCGCGGCGGCGCCGCCGGGGGGGCGGCGG	144060325	144060624	144060625	144060578	144060612	12	144078296	144078595	144078297	144078420	144078454	141	129
LigP_144519081_144901314	upstream_LG	downstream_LG	31	83.871	169	199	144	174	0.017	CGGCGGCCCCCCGGGGGGGGGGGGGGGGCCC	CGGCGGCCGCGCGGGCGGGGCGGGGCGGCCC	144518782	144519081	144519082	144518951	144518981	100	144901314	144901613	144901315	144901458	144901488	125	25
LigP_142624924_143249928	upstream_LG	downstream_LG	36	86.111	214	249	137	172	1.72e-05	GCCCCCCCCGCCCGGGGGGGCCGGGGGCGGGCGCCC	GCCCCCCCCCCCGGGGGGGGGCGGGCGCGGGGGCCC	142624625	142624924	142624925	142624839	142624874	50	143249928	143250227	143249929	143250065	143250100	127	77
LigP_144106081_144147719	upstream_LG	downstream_LG	33	87.879	159	191	259	291	4.34e-06	GGCCCCGCGCGCCGGGGGCGCCCCCCCCGCCCC	GGCCGCGCGCGCCGGGCCCGCCCCCGCCGCCCC	144105782	144106081	144106082	144105941	144105973	108	144147719	144148018	144147720	144147978	144148010	8	100
LigP_21782209_92071080	upstream_LG	downstream_LG	31	87.097	11	41	208	238	6.78e-05	GGCGCGGGGCCCGCCGCCCGCGCGCCGCCCC	GGCGCGGGGCCGGCGGCCCGGGGGCCGCCCC	21781910	21782209	21782210	21781921	21781951	258	92071080	92071379	92071081	92071288	92071318	61	197
LigP_42140635_42141312	upstream_LG	downstream_LG	54	81.481	212	265	230	283	0.000268	CCCCCCCCCGCCCGGCGGCCCCCCCCCGCGCCCCGCCCCCGGGGCGCCCCCGGG	CCCCCCGCCGGCCGCCCGCCCCCCCCCGCCCGCCGCGCCCCCGGCGCCCGCGGG	42140336	42140635	42140636	42140548	42140601	34	42141312	42141611	42141313	42141542	42141595	16	18
LigP_97060815_97061044	upstream_LG	downstream_LG	29	82.759	43	71	48	76	0.26	GCCCGCGGGCGGCGCCCGGGCCCGCCGCC	GCCCGCGCGGGGCCCCCCGGGCCGCCGCC	97060516	97060815	97060816	97060559	97060587	228	97061044	97061343	97061045	97061092	97061120	223	5
LigP_42140635_42471482	upstream_LG	downstream_LG	32	84.375	193	224	23	54	0.004	CCGGCCCCCGGCGCCGCCCCCCCCCCCCGCCC	CCGGCCCCCGCCCCGGCCCCCCGGCCCCGCCC	42140336	42140635	42140636	42140529	42140560	75	42471482	42471781	42471483	42471505	42471536	245	170
LigP_23528961_23530905	upstream_LG	downstream_LG	30	86.667	242	271	217	246	0.000268	GGCCCCGGGGGGGCGGCCCCCGCCCCGGGG	GGCCCCCGGGGGCCGGCCGCGGCCCCGGGG	23528662	23528961	23528962	23528904	23528933	28	23530905	23531204	23530906	23531122	23531151	53	25
LigP_38269282_38315256	upstream_LG	downstream_LG	29	82.759	11	39	173	201	0.26	GGGGGGGGGCGGGGGGGCGCGGGGCGGGC	GGGGGGGCGCCGGGGCGGGCGGGGGGGGC	38268983	38269282	38269283	38268994	38269022	260	38315256	38315555	38315257	38315429	38315457	98	162
LigP_3358303_23528601	upstream_LG	downstream_LG	42	88.095	62	103	256	297	4.51e-09	GCCCCGCGCCGCGGCGGGGCGGGGCGGGCCGCGCCGGGCGGG	GCCCGGCGCCGCGGCGGGCCGGGGCGGGGCGCGGCGGCCGGG	3358004	3358303	3358304	3358066	3358107	196	23528601	23528900	23528602	23528857	23528898	2	194
LigP_41543389_41612664	upstream_LG	downstream_LG	29	82.759	231	259	248	276	0.26	CCCCCGGCCCCCCGGCGGCCCCGCCGGGC	CCCCCCGCCCCCGGGCGCCCGGGCCGGGC	41543090	41543389	41543390	41543321	41543349	40	41612664	41612963	41612665	41612912	41612940	23	17
LigP_100721231_100721868	upstream_LG	downstream_LG	51	80.392	115	165	111	161	0.017	GCGCCCGGCGCCCCGGGGCCCCGGGGCCGCCGGCGGGGGCGCCGCGGGGGG	GCGCCCGCCGCCGGGGGGCCCGGGGGGGGCCCGGGGGGGCCCCCCGGGGGG	100720932	100721231	100721232	100721047	100721097	134	100721868	100722167	100721869	100721979	100722029	138	4
LigP_38269192_41341452	upstream_LG	downstream_LG	46	84.783	32	77	173	218	1.1e-06	GCCCCGGCGGGGCCGCGCCCCCCCCGGCCGGGCGGGCCCCCGGGGC	GCCCCGGGGGGCCCGCCCCGCCCCCGGGCGGGGGGGGCCCCGGGGC	38268893	38269192	38269193	38268925	38268970	222	41341452	41341751	41341453	41341625	41341670	81	141
LigP_32780111_32782442	upstream_LG	downstream_LG	35	91.429	186	220	150	184	1.14e-09	CCCCGCCCCCCCCCCGCCCCCGCGGCCCGGCGCCC	CCCCGCCCCCCCCCCGCCCCGCCGCCCCGGCGCCC	32779812	32780111	32780112	32779998	32780032	79	32782442	32782741	32782443	32782592	32782626	115	36
LigP_30083346_30420795	upstream_LG	downstream_LG	31	87.097	237	267	198	228	6.78e-05	GGGGCCCGCCGCCGCCGCGCCCGCGGGCGGG	GGGGCCGGCCGCCCCCGCGGCCCCGGGCGGG	30083047	30083346	30083347	30083284	30083314	32	30420795	30421094	30420796	30420993	30421023	71	39
LigP_143520516_143613356	upstream_LG	downstream_LG	39	84.615	249	287	132	170	6.78e-05	CCGCCCCCCCGGGCCCGCGCGGCGGGGGCCGGCCGGGGG	CCGCGCCCCCCGGCCCCGGCGCCGGGGGCCGGGCGGGGG	143520217	143520516	143520517	143520466	143520504	12	143613356	143613655	143613357	143613488	143613526	129	117
LigP_23528891_23528968	upstream_LG	downstream_LG	38	84.211	142	179	4	41	0.000268	CCCCGCCCGGCCGCCCGGGGGCGCGCGCGGGGCGGCGG	CCCCGCCCGCCGGCCCGGCGGGGCGCGGGGGGCCGCGG	23528592	23528891	23528892	23528734	23528771	120	23528968	23529267	23528969	23528972	23529009	258	138
LigP_72761682_95073225	upstream_LG	downstream_LG	30	93.333	135	164	77	106	4.51e-09	GGCGGCCGCCGGGGCCCCCGGGGGGGGGGG	GGCGGCCCCCGGCGCCCCCGGGGGGGGGGG	72761383	72761682	72761683	72761518	72761547	135	95073225	95073524	95073226	95073302	95073331	193	58
LigP_66505140_66506591	upstream_LG	downstream_LG	29	86.207	123	151	117	145	0.001	CGGCCGCGGGGGCCGCGGGGCCCCGGCCC	CGGCCGGGGGGGCCCCGGCGGCCCGGCCC	66504841	66505140	66505141	66504964	66504992	148	66506591	66506890	66506592	66506708	66506736	154	6
LigP_23484162_23528437	upstream_LG	downstream_LG	33	90.909	8	40	36	68	1.78e-08	CCCGCCCCGGGCCGCCGCGCGGGGCGGGCCCCC	CCCGCCCCGGGCCGCCCCGCCGGGGGGGCCCCC	23483863	23484162	23484163	23483871	23483903	259	23528437	23528736	23528438	23528473	23528505	231	28
LigP_144789775_144791605	upstream_LG	downstream_LG	38	86.842	101	138	96	133	1.1e-06	GGGGGGGCGGGGGCCCCGCCCGGGGCGCCCGCGCCCCG	GGGGGGGCCCGGGCGCCGCCCGGGGGGCCGGCGCCCCG	144789476	144789775	144789776	144789577	144789614	161	144791605	144791904	144791606	144791701	144791738	166	5
LigP_58819744_143925370	upstream_LG	downstream_LG	45	84.444	54	98	65	109	4.34e-06	GGGCCGCGGGGCGGGGGCCGCGGCCGCGGGGGCGCCCCGGGCGCC	GGGCCGGGGCGCGGGGGCGGCGGGCGCGGGGGGGGGCCGGGCGCC	58819445	58819744	58819745	58819499	58819543	201	143925370	143925669	143925371	143925435	143925479	190	11
