LigP_ID	query_ID	subject_ID	length	perc_id	q_start	q_end	s_start	s_end	evalue	q_seq	s_seq	start_harbor	end_harbor	end_LG1	start_homolog1	end_homolog1	LG1_distance	start_harbor2	end_harbor2	end_LG2	start_homolog2	end_homolog2	LG2_distance	Ligshift
LigP_4792664_4984506	upstream_LG	downstream_LG	33	81.818	109	141	266	298	0.26	GCCGCCCCCCCCGGCGGGGGGGGGGGGGGGCGG	GCCGCCGCCCCCCGGGGGGGCGGCCGGGGGCGG	4792365	4792664	4792665	4792474	4792506	158	4984506	4984805	4984507	4984772	4984804	1	157
LigP_4763253_4792569	upstream_LG	downstream_LG	35	91.429	12	46	104	138	1.14e-09	CCGGCGGCGGCGGGCGGCCGGGCGGGCCGCGGGGG	CCGGCGGCGGCGCGCGGCCGGGGGGGGCGCGGGGG	4762954	4763253	4763254	4762966	4763000	253	4792569	4792868	4792570	4792673	4792707	161	92
LigP_136729219_136769896	upstream_LG	downstream_LG	36	83.333	124	159	181	216	0.004	CGCGGGCGGGGGCCGGGGGGGCCGGGGCGCGGGGGC	CGCGGGGGGGGGCCGCGCGGGCGGGGCCGCGCGGGC	136728920	136729219	136729220	136729044	136729079	140	136769896	136770195	136769897	136770077	136770112	83	57
LigP_4792159_4792526	upstream_LG	downstream_LG	30	90.0	231	260	62	91	1.1e-06	GCCCCCCCGCGCGGGGCCGGGGGGGGGCGG	GCCCCCCGGCGCGGCGGCGGGGGGGGGCGG	4791860	4792159	4792160	4792091	4792120	39	4792526	4792825	4792527	4792588	4792617	208	169
LigP_4792930_4870591	upstream_LG	downstream_LG	31	83.871	25	55	164	194	0.017	GGGGCCCCCCGGCCGCCCCCCCGCGCCCCCC	GGGGCCCCCCCCCGGCCCCCCCCGGCCCCCC	4792631	4792930	4792931	4792656	4792686	244	4870591	4870890	4870592	4870755	4870785	105	139
LigP_4983813_4984506	upstream_LG	downstream_LG	35	88.571	31	65	179	213	2.78e-07	GCCCCCCCGCGGGCCCCCCCCCCCCGCGCGGCCCC	GCCCCCGCGCGGGGGCCCCCCCCCCGCGCGCCCCC	4983514	4983813	4983814	4983545	4983579	234	4984506	4984805	4984507	4984685	4984719	86	148
LigP_4792206_4792483	upstream_LG	downstream_LG	30	90.0	184	213	105	134	1.1e-06	GCCCCCCCGCGCGGGGCCGGGGGGGGGCGG	GCCCCCCGGCGCGGCGGCGGGGGGGGGCGG	4791907	4792206	4792207	4792091	4792120	86	4792483	4792782	4792484	4792588	4792617	165	79
LigP_4792980_4984505	upstream_LG	downstream_LG	32	84.375	207	238	142	173	0.004	CCGGCCCCGCCCCGCCCCCCCCCGGCCCGGCG	CCGGCCCCCCCCCCCGCCCCCCGGGCGCGGCG	4792681	4792980	4792981	4792888	4792919	61	4984505	4984804	4984506	4984647	4984678	126	65
LigP_4763491_4792510	upstream_LG	downstream_LG	29	89.655	221	249	111	139	4.34e-06	GGGGCCGGGGGCCGGGCCGGCCCCCCCCG	GGGGCCGCCGGCCGGGGCGGCCCCCCCCG	4763192	4763491	4763492	4763413	4763441	50	4792510	4792809	4792511	4792621	4792649	160	110
LigP_4792826_4797944	upstream_LG	downstream_LG	34	85.294	44	77	113	146	0.000268	GCGCCGGCCCCGGCCCGCCGCCCCCCCCCGCCGC	GCGCCCGCCCCCGCCGGCCGCCCCGCCCGGCCGC	4792527	4792826	4792827	4792571	4792604	222	4797944	4798243	4797945	4798057	4798090	153	69
LigP_4793008_16405566	upstream_LG	downstream_LG	29	82.759	64	92	46	74	0.26	GGCGGGGGCCGGCGGGGGCGCGGCGCGGG	GGCGCGGGCGGGGGGGGGGGGGGCGCGGG	4792709	4793008	4793009	4792773	4792801	207	16405566	16405865	16405567	16405612	16405640	225	18
LigP_4792472_4792512	upstream_LG	downstream_LG	29	82.759	41	69	161	189	0.26	GCGGGGCGCGGCGGCGGCGGGCGGGGGGG	GCGGCGCGCGGCCGGGGGGGGCGCGGGGG	4792173	4792472	4792473	4792214	4792242	230	4792512	4792811	4792513	4792673	4792701	110	120
LigP_4866619_4984474	upstream_LG	downstream_LG	36	88.889	210	245	142	177	7.04e-08	CGGCGGGCCCGCCGCGCCCCGGCGCGGGGCGCCGGG	CGGCGGGCCCGCCCCCCCCCGGCCCGGGCCGCCGGG	4866320	4866619	4866620	4866530	4866565	54	4984474	4984773	4984475	4984616	4984651	122	68
LigP_2055524_4984448	upstream_LG	downstream_LG	43	83.721	199	241	158	200	6.78e-05	CGGGCCCGCCGGCCCGCGGGCCGCCCCGCCGGCCCGGGGGGGG	CGGGCCCGCCCCCCCCCGGCCCGGGCCGCCGGGCCGGGGGGGG	2055225	2055524	2055525	2055424	2055466	58	4984448	4984747	4984449	4984606	4984648	99	41
LigP_4763978_4792483	upstream_LG	downstream_LG	37	86.486	26	62	7	43	4.34e-06	CGGGGGGGGGGCCGCGCGGCCCCCCCCCCCCCCCCCC	CGGGGCGGGGGCGCCGCCGCCCGCCCCCCCCCCCCCC	4763679	4763978	4763979	4763705	4763741	237	4792483	4792782	4792484	4792490	4792526	256	19
LigP_132905610_132905699	upstream_LG	downstream_LG	40	85.0	118	157	166	205	1.72e-05	CGCGGCGGCCCGGGGGGGCGCCCGGCGGGCGGCGGGGGGC	CGCGGCGGCGCCGGCGGGGGCCCCGCGGGGGGCGGGGGGC	132905311	132905610	132905611	132905429	132905468	142	132905699	132905998	132905700	132905865	132905904	94	48
LigP_4879221_4984494	upstream_LG	downstream_LG	41	85.366	169	209	100	140	4.34e-06	CCCGGGCCGGGCCCCGGGGCGGGGGGGGGGGGGGGCCGGGG	CCCGGCCCGGGCCGCCGGGCCGGGGGGGGGCGGCGCCGGGG	4878922	4879221	4879222	4879091	4879131	90	4984494	4984793	4984495	4984594	4984634	159	69
LigP_100352657_100352710	upstream_LG	downstream_LG	35	91.429	150	184	10	44	1.14e-09	CCGGGCCGGGGCCCCCCCGGGCCCGGGGCCGGGCG	CCGGGCCGGGCCCCCCCGGGGCGCGGGGCCGGGCG	100352358	100352657	100352658	100352508	100352542	115	100352710	100353009	100352711	100352720	100352754	255	140
LigP_4979873_4984542	upstream_LG	downstream_LG	31	87.097	76	106	90	120	6.78e-05	CCCCCCGGGGGGGGGGCGCCCGCCCCCCCCC	CCCCCCGGGCGCGGCGGGCCCGCCCCCCCCC	4979574	4979873	4979874	4979650	4979680	193	4984542	4984841	4984543	4984632	4984662	179	14
LigP_4983150_4984514	upstream_LG	downstream_LG	35	88.571	193	227	184	218	2.78e-07	GGGGGGGCGGCCCGCCCCCCCGCGGGGGCGCCCCC	GGGGGGCCGGGCCGCCCCCGCGCGGGGGCCCCCCC	4982851	4983150	4983151	4983044	4983078	72	4984514	4984813	4984515	4984698	4984732	81	9
LigP_4792269_4792510	upstream_LG	downstream_LG	30	90.0	121	150	78	107	1.1e-06	GCCCCCCCGCGCGGGGCCGGGGGGGGGCGG	GCCCCCCGGCGCGGCGGCGGGGGGGGGCGG	4791970	4792269	4792270	4792091	4792120	149	4792510	4792809	4792511	4792588	4792617	192	43
LigP_4792613_4984489	upstream_LG	downstream_LG	39	89.744	151	189	12	50	1.14e-09	CCGGCCCCCGCCGCCCCCCCCGGCGGGGGGGGGGGGGGG	CCGGCCCCCGCCGGCCGCCCCGGCCGGGGGGGGGCGGGG	4792314	4792613	4792614	4792465	4792503	110	4984489	4984788	4984490	4984501	4984539	249	139
LigP_34127017_34246414	upstream_LG	downstream_LG	55	80.0	190	244	79	133	0.017	GCCCGGCCCCCGGCCGCCGGCCCCCGGCCCCGGCCCGCCCGCCCGCGGGCGCCCG	GCCCGCCCCCGGGCCCCCGGGGCCCGGCCCCCGGCCCCGCGCCCGCCGGCCCCCG	34126718	34127017	34127018	34126908	34126962	55	34246414	34246713	34246415	34246493	34246547	166	111
LigP_4769978_4984491	upstream_LG	downstream_LG	39	82.051	50	88	261	299	0.017	GGGGGGCCCCCGGGGGGGGCCCCCCCCCCCCCGCCCCCC	GGGGGGCGGCCGGGGGCGGCCCGCCCCGGCCGGCCCCCC	4769679	4769978	4769979	4769729	4769767	211	4984491	4984790	4984492	4984752	4984790	0	211
LigP_4792436_4792582	upstream_LG	downstream_LG	35	82.857	159	193	243	277	0.017	CGGGGGGGCCCGGGCCCCGGCGCGGGCCGCCGCCG	CGGGGCGGCCCCCGCCCCGGGCCGCGCCGCCGCCG	4792137	4792436	4792437	4792296	4792330	106	4792582	4792881	4792583	4792825	4792859	22	84
LigP_68705580_68761943	upstream_LG	downstream_LG	34	85.294	143	176	48	81	0.000268	CCGGCCGGGGGGCCGGCGGGGGGGGGGGGGGGGG	CCGGCCCGGGGCGCGGGGGGGGGGCGGGGGGGGG	68705281	68705580	68705581	68705424	68705457	123	68761943	68762242	68761944	68761991	68762024	218	95
LigP_4793667_4984486	upstream_LG	downstream_LG	33	90.909	26	58	94	126	1.78e-08	GGGGGGGGCGGGGCCGGGGCCCGGGGGGGGCGC	GGGGGGGGCGGCGCCGGGGGCCGGGGGCGGCGC	4793368	4793667	4793668	4793394	4793426	241	4984486	4984785	4984487	4984580	4984612	173	68
LigP_130320945_134135809	upstream_LG	downstream_LG	39	84.615	32	70	119	157	6.78e-05	CCCGGCCCCCCGGGGGGGGGGGGGGGGGCGGGGGCCCCC	CCCGGCGCCCCGGGGGGGCGGCGCGGGGCGCGCGCCCCC	130320646	130320945	130320946	130320678	130320716	229	134135809	134136108	134135810	134135928	134135966	142	87
LigP_132482124_134135795	upstream_LG	downstream_LG	31	83.871	116	146	242	272	0.017	GGGGGCGGGGGCCCGCGGCCGGGGGGGGGGG	GGGGGGGGGGGGCGGCGCCCGGGGGGCGGGG	132481825	132482124	132482125	132481941	132481971	153	134135795	134136094	134135796	134136037	134136067	27	126
LigP_4984821_4985515	upstream_LG	downstream_LG	70	82.857	120	189	152	221	4.51e-09	GGGCCCGCCGCGCCCGGGGGGCGGGGGGGGGGGCCGGGGGCGGGGGGGCGCGCGGGGGGGGGGCCCCCGC	GGGCCCGCCGCCGCCGGCGGGGGGCGGGCGGGGCCGGGGGGCGGGGGGGGGGCGGGGGGGCGGCCGCCGC	4984522	4984821	4984822	4984642	4984711	110	4985515	4985814	4985516	4985667	4985736	78	32
LigP_4984837_4986113	upstream_LG	downstream_LG	30	86.667	48	77	215	244	0.000268	CCCCCGGCCCCCGGCGCCGCCCCCCCCCGG	CCCCCGCCGCCCGGGGGCGCCCCCCCCCGG	4984538	4984837	4984838	4984586	4984615	222	4986113	4986412	4986114	4986328	4986357	55	167
LigP_4769277_4792477	upstream_LG	downstream_LG	32	81.25	150	181	242	273	1.0	GCGCCCCCGGCGCCCCCCGGCCGGCCCGGGCG	GCGCCGCCGCCGGCCCGCGGCGGGGCCGGGCG	4768978	4769277	4769278	4769128	4769159	118	4792477	4792776	4792478	4792719	4792750	26	92
LigP_4855860_4984486	upstream_LG	downstream_LG	36	83.333	212	247	106	141	0.004	CGGGCCGGGGGGCCGGCGGGGCGCCGCGCGGGGGGC	CGGGCCGCCGGGCCGGGGGGGGGCGGCGCCGGGGGC	4855561	4855860	4855861	4855773	4855808	52	4984486	4984785	4984487	4984592	4984627	158	106
LigP_4803726_4984484	upstream_LG	downstream_LG	31	90.323	43	73	186	216	2.78e-07	CCCCGCGCGCGCCCCCGCGCCCGCGGCCCCC	CCCCCCGCGCGCCCCCCCGCCCCCGGCCCCC	4803427	4803726	4803727	4803470	4803500	226	4984484	4984783	4984485	4984670	4984700	83	143
LigP_19230920_32787707	upstream_LG	downstream_LG	29	86.207	28	56	54	82	0.001	GGGCGGCGCCCCCCGGGGGCCCCGCCCGC	GGGCGGCGCCCGCCCGGGCCCGCGCCCGC	19230621	19230920	19230921	19230649	19230677	243	32787707	32788006	32787708	32787761	32787789	217	26
LigP_4667403_4984523	upstream_LG	downstream_LG	29	82.759	30	58	252	280	0.26	CCGCCGCGCCCGGCGGGGGGGGGCGGGGG	CCGCCGCCCCCCGGGGGGGCGGCCGGGGG	4667104	4667403	4667404	4667134	4667162	241	4984523	4984822	4984524	4984775	4984803	19	222
LigP_4847781_4984506	upstream_LG	downstream_LG	46	82.609	28	73	153	198	0.000268	CCCCCGCCCCCCCCGCCGCCCCGGCCGCCGCCCGCCCCCCCGCCCC	CCCCCCCCCCGCGCGCCCCCCCGCCCCCGGCCCCCCCCCCCGCCCC	4847482	4847781	4847782	4847510	4847555	226	4984506	4984805	4984507	4984659	4984704	101	125
LigP_4792441_4792569	upstream_LG	downstream_LG	35	82.857	154	188	256	290	0.017	CGGGGGGGCCCGGGCCCCGGCGCGGGCCGCCGCCG	CGGGGCGGCCCCCGCCCCGGGCCGCGCCGCCGCCG	4792142	4792441	4792442	4792296	4792330	111	4792569	4792868	4792570	4792825	4792859	9	102
LigP_4984785_5992499	upstream_LG	downstream_LG	32	81.25	146	177	54	85	1.0	GGGGGGGGGCGGGCCCGCCGCGCCCGGGGGGC	GGGGGGGGCCCGGGCCCCCGCGGCGGGGGGGC	4984486	4984785	4984786	4984632	4984663	122	5992499	5992798	5992500	5992553	5992584	214	92
LigP_4792262_4792472	upstream_LG	downstream_LG	30	90.0	128	157	116	145	1.1e-06	GCCCCCCCGCGCGGGGCCGGGGGGGGGCGG	GCCCCCCGGCGCGGCGGCGGGGGGGGGCGG	4791963	4792262	4792263	4792091	4792120	142	4792472	4792771	4792473	4792588	4792617	154	12
LigP_4984811_4985819	upstream_LG	downstream_LG	41	85.366	139	179	7	47	4.34e-06	GCGCCCGGGGGGCGGGGGGGGGGGCCGGGGGCGGGGGGGCG	GCGCCCGGGGGGCCCCGGGGGGGGGCGGGGGGGCGGGGGCG	4984512	4984811	4984812	4984651	4984691	120	4985819	4986118	4985820	4985826	4985866	252	132
LigP_4792766_4793068	upstream_LG	downstream_LG	30	86.667	114	143	268	297	0.000268	CGGCCCGCCGCCCCCCCCCGCCGCCGCGCC	CGGCGCGCCGCCCGCCCCCCCCGGCGCGCC	4792467	4792766	4792767	4792581	4792610	156	4793068	4793367	4793069	4793336	4793365	2	154
LigP_4804641_4984488	upstream_LG	downstream_LG	34	88.235	232	265	6	39	1.1e-06	GGCCCCCCGGGCCGGGGGGGGCCGCGGGCGGGGC	GGCCGCCCCGGCCGGGGGGGGGCGGGGGCGGGGC	4804342	4804641	4804642	4804574	4804607	34	4984488	4984787	4984489	4984494	4984527	260	226
LigP_4984793_91945561	upstream_LG	downstream_LG	54	83.333	173	226	35	88	1.1e-06	GGGGGGGGCCGGGGGCGGGGGGGCGCGCGGGGGGGGGGCCCCCGCGCGGGGGCG	GGGGGGGGCGGGGGGCCCGGGGGCCGGGGGGGGGGGGGCGGCCGCGGGGGGGCG	4984494	4984793	4984794	4984667	4984720	73	91945561	91945860	91945562	91945596	91945649	211	138
LigP_95514534_95515330	upstream_LG	downstream_LG	30	90.0	68	97	32	61	1.1e-06	CCGCGCCCCCCCCCCCCCCCGCCCCCCCCC	CCGCCCCCCCCCCCCCCCGCCCCCCCCCCC	95514235	95514534	95514535	95514303	95514332	202	95515330	95515629	95515331	95515362	95515391	238	36
LigP_68703684_68705279	upstream_LG	downstream_LG	30	83.333	4	33	245	274	0.065	CCGCGGGGGCGGCCCGGCGCCGGGCCCGCC	CCGCGGGGCCGGGCCCGCCCCGGGCGCGCC	68703385	68703684	68703685	68703389	68703418	266	68705279	68705578	68705280	68705524	68705553	25	241
LigP_4763010_4984511	upstream_LG	downstream_LG	38	81.579	113	150	127	164	0.065	GCCCCCCCCCGCCCCGCCCGCCCGCGGCCGCCCCGCCC	GCCCCCCCCCCCGCCCCCCGGGCGCGGCGGGCCCGCCC	4762711	4763010	4763011	4762824	4762861	149	4984511	4984810	4984512	4984638	4984675	135	14
LigP_35757185_35936027	upstream_LG	downstream_LG	34	85.294	92	125	15	48	0.000268	GGGGGGGCGGGCGGCGGGGGCCGGGCCCGCCGGG	GGGGGCGCGGGCCGGGGGGGCCGGCCCCCCCGGG	35756886	35757185	35757186	35756978	35757011	174	35936027	35936326	35936028	35936042	35936075	251	77
LigP_4798311_4984512	upstream_LG	downstream_LG	34	85.294	115	148	174	207	0.000268	GCCCCCGCCCGGGGGGCCCGCCCCCCCCCGCCCC	GCCCCCGCGCGGGGGCCCCCCCCCCGCGCGCCCC	4798012	4798311	4798312	4798127	4798160	151	4984512	4984811	4984513	4984686	4984719	92	59
LigP_4983406_4984513	upstream_LG	downstream_LG	37	83.784	152	188	123	159	0.001	CCCCCCCCCCCCCGCGGGGCGCCGCGCCCCCGCCCCC	CCCCCCCCCGCCCCCCGGGCGCGGCGGGCCCGCCCCC	4983107	4983406	4983407	4983259	4983295	111	4984513	4984812	4984514	4984636	4984672	140	29
LigP_133155212_133163697	upstream_LG	downstream_LG	39	89.744	235	273	208	246	1.14e-09	CCCCCCCCCCCCCCCCCGGCCCGCCGCCCGCCCCCCCGC	CCCCCCGCCCCCCCCCCCGCCCGCCCCCCCCCCCCCCGC	133154913	133155212	133155213	133155148	133155186	26	133163697	133163996	133163698	133163905	133163943	53	27
LigP_4866713_4984442	upstream_LG	downstream_LG	36	88.889	116	151	174	209	7.04e-08	CGGCGGGCCCGCCGCGCCCCGGCGCGGGGCGCCGGG	CGGCGGGCCCGCCCCCCCCCGGCCCGGGCCGCCGGG	4866414	4866713	4866714	4866530	4866565	148	4984442	4984741	4984443	4984616	4984651	90	58
LigP_133163757_133163687	upstream_LG	downstream_LG	31	87.097	46	76	202	232	6.78e-05	CCCCCCCCCCCCCCCCCCCCCCGGGGCCCCG	CCCCCCCCCCCCCGCCCGGCCCGCGGCCCCG	133163458	133163757	133163758	133163504	133163534	223	133163687	133163986	133163688	133163889	133163919	67	156
LigP_4983309_4984506	upstream_LG	downstream_LG	37	83.784	249	285	130	166	0.001	CCCCCCCCCCCCCGCGGGGCGCCGCGCCCCCGCCCCC	CCCCCCCCCGCCCCCCGGGCGCGGCGGGCCCGCCCCC	4983010	4983309	4983310	4983259	4983295	14	4984506	4984805	4984507	4984636	4984672	133	119
LigP_111896998_115957019	upstream_LG	downstream_LG	38	84.211	252	289	243	280	0.000268	CGGCCGCCCCGGCCGGGGCCGGGGGGCCGCGGCGCCCG	CGGCCGCCCCGGCCCCGCCCCGGGGGGCGGGGCGCCCG	111896699	111896998	111896999	111896951	111896988	10	115957019	115957318	115957020	115957262	115957299	19	9
LigP_135699707_136502990	upstream_LG	downstream_LG	34	91.176	94	127	133	166	4.51e-09	GGCCCCCCCCGCGGGCGGCCCCGCCCCCCCGCGC	GGCCCCGCCCGCGGGGGGCGCCGCCCCCCCGCGC	135699408	135699707	135699708	135699502	135699535	172	136502990	136503289	136502991	136503123	136503156	133	39
LigP_4983305_4984506	upstream_LG	downstream_LG	37	83.784	253	289	130	166	0.001	CCCCCCCCCCCCCGCGGGGCGCCGCGCCCCCGCCCCC	CCCCCCCCCGCCCCCCGGGCGCGGCGGGCCCGCCCCC	4983006	4983305	4983306	4983259	4983295	10	4984506	4984805	4984507	4984636	4984672	133	123
LigP_4763449_4984542	upstream_LG	downstream_LG	40	82.5	154	193	136	175	0.004	CCCCGCGGGCGGCCCCCCCCCCCCCCCCCCCCCCCCCCCC	CCCCGCGCGGGGGCCCCCCCCCCGCGCGCCCCCCCGCCCC	4763150	4763449	4763450	4763304	4763343	106	4984542	4984841	4984543	4984678	4984717	124	18
LigP_126399437_126406933	upstream_LG	downstream_LG	29	82.759	229	257	24	52	0.26	GGGGGGGGCCGGCCCGGGGGCGGGGGCGC	GGGGGGGCCCGGGCGGGCGGGGGGGGCGC	126399138	126399437	126399438	126399367	126399395	42	126406933	126407232	126406934	126406957	126406985	247	205
LigP_3330874_4984418	upstream_LG	downstream_LG	52	80.769	180	231	212	263	0.004	CCCCCGGCGCCCGCCCCCGGCGCGCGGGCGGGCCCGGGCCCCCCCCCCCCGG	CCCCCGGCCCCCCCCCCCGCCCCCCGGGCGCGGCGGGCCCGCCCCCCCCCGG	3330575	3330874	3330875	3330755	3330806	68	4984418	4984717	4984419	4984630	4984681	36	32
LigP_4763899_4792538	upstream_LG	downstream_LG	29	89.655	20	48	147	175	4.34e-06	CGGGGCCCGGGGGCGGCGCGCGGCGGGGG	CGGGCCCCGGCGGCGGCGCGCGGCCGGGG	4763600	4763899	4763900	4763620	4763648	251	4792538	4792837	4792539	4792685	4792713	124	127
LigP_4839857_4984429	upstream_LG	downstream_LG	64	82.812	84	147	236	299	7.04e-08	GGCCGGGCCGCGCGCGCGCCGGGGGGCCCCCCCCCGCCCCCCCCCCGCCCCGGGCCCGCCCCCC	GGCCGGGCCGCCCCCGCGCGGGGGCCCCCCCCCCGCGCGCCCCCCCGCCCCCGGCCCCCCCCCC	4839558	4839857	4839858	4839642	4839705	152	4984429	4984728	4984430	4984665	4984728	0	152
LigP_4792826_37333286	upstream_LG	downstream_LG	33	84.848	2	34	82	114	0.001	GGCCGCCGCGGGCGGCGGCGCCGGGGGCCCGGC	GGCCGCCGCCCGCGGCGGGGCCCCGGGCCCGGC	4792527	4792826	4792827	4792529	4792561	265	37333286	37333585	37333287	37333368	37333400	185	80
LigP_4984821_4985929	upstream_LG	downstream_LG	29	89.655	62	90	124	152	4.34e-06	CGCCCCCGGCCCCCGGCGCCGCCCCCCCC	CGCCCCCGGCCCCGGGCGCCCCCGCCCCC	4984522	4984821	4984822	4984584	4984612	209	4985929	4986228	4985930	4986053	4986081	147	62
LigP_4984858_4984926	upstream_LG	downstream_LG	34	91.176	220	253	16	49	4.51e-09	CGGCCGCCCCCCCGGGGGGCGGCGGCCGCGCGCG	CGGCCGCCCCCCGGGGGGCCGGCGGGCGCGCGCG	4984559	4984858	4984859	4984779	4984812	46	4984926	4985225	4984927	4984942	4984975	250	204
LigP_83816781_83817494	upstream_LG	downstream_LG	42	80.952	134	175	151	192	0.065	GCCCGCCGGGCGGCCCCGGCCGCGGCCCCGGGCGCGCCCGCC	GCCCGCGGGCCGGCCGCGGCCCCCGCCCGGCGCGGGCCCGCC	83816482	83816781	83816782	83816616	83816657	124	83817494	83817793	83817495	83817645	83817686	107	17
LigP_4792955_4797851	upstream_LG	downstream_LG	32	90.625	225	256	26	57	7.04e-08	GCGGCCGCCGGCCCCGCCCCGCCCCCCCCCGG	GCGGCCGCCGGCCCGGGGCCGCCCCCCCCCGG	4792656	4792955	4792956	4792881	4792912	43	4797851	4798150	4797852	4797877	4797908	242	199
LigP_4763905_4792412	upstream_LG	downstream_LG	37	86.486	99	135	78	114	4.34e-06	CGGGGGGGGGGCCGCGCGGCCCCCCCCCCCCCCCCCC	CGGGGCGGGGGCGCCGCCGCCCGCCCCCCCCCCCCCC	4763606	4763905	4763906	4763705	4763741	164	4792412	4792711	4792413	4792490	4792526	185	21
LigP_4792433_4792608	upstream_LG	downstream_LG	35	82.857	162	196	217	251	0.017	CGGGGGGGCCCGGGCCCCGGCGCGGGCCGCCGCCG	CGGGGCGGCCCCCGCCCCGGGCCGCGCCGCCGCCG	4792134	4792433	4792434	4792296	4792330	103	4792608	4792907	4792609	4792825	4792859	48	55
LigP_4794137_4984506	upstream_LG	downstream_LG	36	88.889	86	121	96	131	7.04e-08	CCCCCCGCCCCGCGGCGGCGGGCCGGGGGGGGGCGG	CCCCCCGGCCCGGGCCGCCGGGCCGGGGGGGGGCGG	4793838	4794137	4794138	4793924	4793959	178	4984506	4984805	4984507	4984602	4984637	168	10
LigP_4977200_4984558	upstream_LG	downstream_LG	38	81.579	179	216	193	230	0.065	GGGGCGCCCCGGGGCCCCCCGCCGCCGCCCGCCCCCCG	GGGGCGGCCGGGGGCGGCCCGCCCCGGCCGGCCCCCCG	4976901	4977200	4977201	4977080	4977117	83	4984558	4984857	4984559	4984751	4984788	69	14
LigP_4979899_4984487	upstream_LG	downstream_LG	31	87.097	50	80	145	175	6.78e-05	CCCCCCGGGGGGGGGGCGCCCGCCCCCCCCC	CCCCCCGGGCGCGGCGGGCCCGCCCCCCCCC	4979600	4979899	4979900	4979650	4979680	219	4984487	4984786	4984488	4984632	4984662	124	95
LigP_14162_28957	upstream_LG	downstream_LG	32	84.375	231	262	214	245	0.004	CCCCCGCGGCCCCGCCCCCCGGCCCGCCCCGC	CCCCCGGGGCCGCGCCCCGCGCCCGGCCCCGC	13863	14162	14163	14094	14125	37	28957	29256	28958	29171	29202	54	17
LigP_4763277_4792578	upstream_LG	downstream_LG	30	86.667	48	77	271	300	0.000268	CCCCGCCCCCGCCCCCGGCGGGGGGGGCCC	CCCCGCCCCCCCGCCCGGCCGGGGCGGCCC	4762978	4763277	4763278	4763026	4763055	222	4792578	4792877	4792579	4792849	4792878	-1	223
LigP_113166018_113187656	upstream_LG	downstream_LG	29	89.655	219	247	181	209	4.34e-06	CCCGCCCCCCGGGCCCGGGCGCCGCCCCC	CCCGCCGCCCCGGCGCGGGCGCCGCCCCC	113165719	113166018	113166019	113165938	113165966	52	113187656	113187955	113187657	113187837	113187865	90	38
LigP_35698597_35756841	upstream_LG	downstream_LG	35	82.857	228	262	49	83	0.017	CCCGGGGGCGCGCCCCCCGCCCCGGCCCGCCCCCG	CCCGGGGGGGGGCCCCCGGCCCGGCCCGGCCCCCG	35698298	35698597	35698598	35698526	35698560	37	35756841	35757140	35756842	35756890	35756924	216	179
LigP_4855858_4984458	upstream_LG	downstream_LG	36	83.333	214	249	134	169	0.004	CGGGCCGGGGGGCCGGCGGGGCGCCGCGCGGGGGGC	CGGGCCGCCGGGCCGGGGGGGGGCGGCGCCGGGGGC	4855559	4855858	4855859	4855773	4855808	50	4984458	4984757	4984459	4984592	4984627	130	80
LigP_2015301_4984486	upstream_LG	downstream_LG	39	89.744	185	223	90	128	1.14e-09	CGGGGGGGGGCGGCGCGCGGGGCCGGCCGCGGCGCGCCC	CGGGGGGGGGCGGCGCCGGGGGCCGGGGGCGGCGCGCCC	2015002	2015301	2015302	2015187	2015225	76	4984486	4984785	4984487	4984576	4984614	171	95
LigP_133163182_133163704	upstream_LG	downstream_LG	35	88.571	193	227	44	78	2.78e-07	CGCCCCCGCGCCGGGCCCGCCGCCGGGGGCGGGCC	CGCCCCGGCGCCGGGCCGGCGGCGGGGGGCGGGCC	133162883	133163182	133163183	133163076	133163110	72	133163704	133164003	133163705	133163748	133163782	221	149
LigP_137314689_137427652	upstream_LG	downstream_LG	42	88.095	236	277	7	48	4.51e-09	GCCCCGGGGGGGCGGCCCCCGCGGGCCCCGGCCCCCCCCCCG	GCCCCGCGGGGGCCCCCCCCCCGGGCCCCGGGCCCCCCCCCG	137314390	137314689	137314690	137314626	137314667	22	137427652	137427951	137427653	137427659	137427700	251	229
LigP_4792944_4793089	upstream_LG	downstream_LG	33	84.848	238	270	95	127	0.001	GGCCGCCGGCCCCGCCCCGCCCCCCCCCGGCCC	GGCCGCCGCCCCCGGCCCGGGCCCCCCGGGCCC	4792645	4792944	4792945	4792883	4792915	29	4793089	4793388	4793090	4793184	4793216	172	143
LigP_4763449_4792515	upstream_LG	downstream_LG	29	89.655	263	291	106	134	4.34e-06	GGGGCCGGGGGCCGGGCCGGCCCCCCCCG	GGGGCCGCCGGCCGGGGCGGCCCCCCCCG	4763150	4763449	4763450	4763413	4763441	8	4792515	4792814	4792516	4792621	4792649	165	157
LigP_4984785_4985920	upstream_LG	downstream_LG	29	89.655	98	126	133	161	4.34e-06	CGCCCCCGGCCCCCGGCGCCGCCCCCCCC	CGCCCCCGGCCCCGGGCGCCCCCGCCCCC	4984486	4984785	4984786	4984584	4984612	173	4985920	4986219	4985921	4986053	4986081	138	35
LigP_4763874_4984487	upstream_LG	downstream_LG	32	84.375	147	178	128	159	0.004	GGCCCCCCCCCCCCCCCCCCGGGGGGCCGGGC	GGCCCGCCCCCCCCCGGCCCGGGCCGCCGGGC	4763575	4763874	4763875	4763722	4763753	121	4984487	4984786	4984488	4984615	4984646	140	19
LigP_4763277_4792579	upstream_LG	downstream_LG	31	87.097	47	77	270	300	6.78e-05	CCCCCGCCCCCGCCCCCGGCGGGGGGGGCCC	CCCCCGCCCCCCCGCCCGGCCGGGGCGGCCC	4762978	4763277	4763278	4763025	4763055	222	4792579	4792878	4792580	4792849	4792879	-1	223
LigP_2087487_4984563	upstream_LG	downstream_LG	31	83.871	247	277	124	154	0.017	CCCCGGGCGGGCCCCCCCCCGCCGCGGGCCC	CCCCGCGCGGGGGCCCCCCCCCCGCGCGCCC	2087188	2087487	2087488	2087435	2087465	22	4984563	4984862	4984564	4984687	4984717	145	123
LigP_4792939_4867827	upstream_LG	downstream_LG	31	83.871	237	267	213	243	0.017	GGGGGCGGCCGCCGGCCCCGCCCCGCCCCCC	GGGGCCGGCCGCCGCCGCCCCCCCCCCCCCC	4792640	4792939	4792940	4792877	4792907	32	4867827	4868126	4867828	4868040	4868070	56	24
LigP_4769567_4792478	upstream_LG	downstream_LG	34	82.353	54	87	23	56	0.065	GCGGCCGGGGGGGCGGGCCCGCCCCGGCCCGCCC	GCGGCCGCCGGGGCGGGGGCGCCGCCGCCCGCCC	4769268	4769567	4769568	4769322	4769355	212	4792478	4792777	4792479	4792501	4792534	243	31
LigP_4984853_4985690	upstream_LG	downstream_LG	41	85.366	97	137	136	176	4.34e-06	GCGCCCGGGGGGCGGGGGGGGGGGCCGGGGGCGGGGGGGCG	GCGCCCGGGGGGCCCCGGGGGGGGGCGGGGGGGCGGGGGCG	4984554	4984853	4984854	4984651	4984691	162	4985690	4985989	4985691	4985826	4985866	123	39
LigP_134136205_134338421	upstream_LG	downstream_LG	38	86.842	50	87	10	47	1.1e-06	GGGGCGCCGGGCCGGCCCGGGGCGCCCCGGCCGCCGCC	GGGGCGCCGGCCCGGGCCGGGGGGGCCCGGGCGCCGCC	134135906	134136205	134136206	134135956	134135993	212	134338421	134338720	134338422	134338431	134338468	252	40
LigP_123432196_124354256	upstream_LG	downstream_LG	33	87.879	234	266	80	112	4.34e-06	GCGCCGGGCGCCCGGCCGCGCGGCCCCCGGGCG	GCGCCGGCGGCCCGGGCGCGCGCCCCCCGGGCG	123431897	123432196	123432197	123432131	123432163	33	124354256	124354555	124354257	124354336	124354368	187	154
LigP_4984932_5089808	upstream_LG	downstream_LG	29	89.655	229	257	101	129	4.34e-06	GCCGGGCGCCGGCGCCCCGCGGGGCGCCG	GCCGCGCGCCCGCGCCGCGCGGGGCGCCG	4984633	4984932	4984933	4984862	4984890	42	5089808	5090107	5089809	5089909	5089937	170	128
LigP_4792451_4792486	upstream_LG	downstream_LG	29	82.759	62	90	187	215	0.26	GCGGGGCGCGGCGGCGGCGGGCGGGGGGG	GCGGCGCGCGGCCGGGGGGGGCGCGGGGG	4792152	4792451	4792452	4792214	4792242	209	4792486	4792785	4792487	4792673	4792701	84	125
LigP_4985045_132807644	upstream_LG	downstream_LG	32	84.375	89	120	79	110	0.004	CGGGCCCGGCGCCGGCGCCCGGCCCCGGCCGG	CGGGCCCCGCCCCGCCGCCCGGGCCCGCCCGG	4984746	4985045	4985046	4984835	4984866	179	132807644	132807943	132807645	132807723	132807754	189	10
LigP_4792447_4792568	upstream_LG	downstream_LG	35	82.857	148	182	257	291	0.017	CGGGGGGGCCCGGGCCCCGGCGCGGGCCGCCGCCG	CGGGGCGGCCCCCGCCCCGGGCCGCGCCGCCGCCG	4792148	4792447	4792448	4792296	4792330	117	4792568	4792867	4792569	4792825	4792859	8	109
LigP_21975477_113165716	upstream_LG	downstream_LG	44	81.818	206	249	142	185	0.004	GCGGGGGGGGGCGGGGCCGCCCCCCCCCGGCCGCGGGGGCCCCG	GCGGGGGGGGCCGCGGCCCCGCCCCCGGGGGCGCCGGGGCCCCG	21975178	21975477	21975478	21975384	21975427	50	113165716	113166015	113165717	113165858	113165901	114	64
LigP_4792257_4792526	upstream_LG	downstream_LG	30	90.0	133	162	62	91	1.1e-06	GCCCCCCCGCGCGGGGCCGGGGGGGGGCGG	GCCCCCCGGCGCGGCGGCGGGGGGGGGCGG	4791958	4792257	4792258	4792091	4792120	137	4792526	4792825	4792527	4792588	4792617	208	71
LigP_134135556_134135795	upstream_LG	downstream_LG	36	86.111	61	96	247	282	1.72e-05	GCGCCCGCCCGGGGGGGGGGGGCCGGCCCCGGGGGG	GCGCGCGCGCGGGGGGGGGGGGCGGCGCCCGGGGGG	134135257	134135556	134135557	134135318	134135353	203	134135795	134136094	134135796	134136042	134136077	17	186
LigP_4847505_4984523	upstream_LG	downstream_LG	33	87.879	70	102	259	291	4.34e-06	CGCGCCCGCGGCCCCCGGCCGCCGGGGGGGCGG	CGCGCGCGCGGCCGCCGCCCCCCGGGGGGGCGG	4847206	4847505	4847506	4847276	4847308	197	4984523	4984822	4984524	4984782	4984814	8	189
LigP_35756432_35756836	upstream_LG	downstream_LG	36	86.111	222	257	93	128	1.72e-05	CGCGCCGGCGCGCCCCGGGCCCCCCCGCCGCCCCCC	CGCGCGGGCCCGGCCCGCGCCCCCGCGCCGCCCCCC	35756133	35756432	35756433	35756355	35756390	42	35756836	35757135	35756837	35756929	35756964	171	129
LigP_137314688_137314758	upstream_LG	downstream_LG	41	82.927	181	221	73	113	0.001	CGGCCCCGGGGGGGCCCCGCCCCCGCCCCCCCGCCCCCCGC	CGGCCCCCGGGGGCCCGCGCGCCCCCCCGCCCCCCCCCCGC	137314389	137314688	137314689	137314570	137314610	78	137314758	137315057	137314759	137314831	137314871	186	108
LigP_137313985_137314279	upstream_LG	downstream_LG	33	84.848	9	41	25	57	0.001	GGCCCGGGGCCCCCGGCCCCGCGGGCGGGCCCG	GGCCCGCGGCCCCCCCCCCCCCGGGGGGGCCCG	137313686	137313985	137313986	137313695	137313727	258	137314279	137314578	137314280	137314304	137314336	242	16
LigP_35680920_35756846	upstream_LG	downstream_LG	29	82.759	140	168	82	110	0.26	CCCGGCCCCGGCCCCCGGCCCCCCCCCCG	CCCGGCCCGCGCCCCCGCGCCGCCCCCCG	35680621	35680920	35680921	35680761	35680789	131	35756846	35757145	35756847	35756928	35756956	189	58
LigP_4984904_7056125	upstream_LG	downstream_LG	29	86.207	183	211	178	206	0.001	CCCCGGGGGGCGGCGGCCGCGCGCGCGCC	CCCCGCGGGGCCGGGGGCGCGCGCGCGCC	4984605	4984904	4984905	4984788	4984816	88	7056125	7056424	7056126	7056303	7056331	93	5
LigP_2055525_4984445	upstream_LG	downstream_LG	43	83.721	198	240	161	203	6.78e-05	CGGGCCCGCCGGCCCGCGGGCCGCCCCGCCGGCCCGGGGGGGG	CGGGCCCGCCCCCCCCCGGCCCGGGCCGCCGGGCCGGGGGGGG	2055226	2055525	2055526	2055424	2055466	59	4984445	4984744	4984446	4984606	4984648	96	37
LigP_93058895_93252172	upstream_LG	downstream_LG	37	83.784	146	182	209	245	0.001	GGGCGCGCCGGGCGGCCGCCGCCCCCCGCGGCGGGGC	GGGCGCGCCGGGGCGCCCCCGGCGCCCGCGGGGGGGC	93058596	93058895	93058896	93058742	93058778	117	93252172	93252471	93252173	93252381	93252417	54	63
LigP_4984993_5132564	upstream_LG	downstream_LG	37	83.784	10	46	214	250	0.001	GCCCCCGCGCGGGGGCGGCCCGGCCCCCCCCGGCGCG	GCCCCCGGGCGGGGCCGCCCGGGGCCCCCCCGCCGCG	4984694	4984993	4984994	4984704	4984740	253	5132564	5132863	5132565	5132778	5132814	49	204
LigP_89360219_89363105	upstream_LG	downstream_LG	29	82.759	263	291	239	267	0.26	CGCGGCCGGCCGGGCCGCCGGCGGCCCCG	CGCGCCCGGCGGGCCCCCCGGGGGCCCCG	89359920	89360219	89360220	89360183	89360211	8	89363105	89363404	89363106	89363344	89363372	32	24
LigP_136978127_136978240	upstream_LG	downstream_LG	37	89.189	224	260	1	37	1.78e-08	GGGCGGCGGCGGGCGCCCCGCGCGCGGCGGGGGCCGG	GGGCGGCGGGGGGCGCCGCGCCCCCGGCGGGGGCCGG	136977828	136978127	136978128	136978052	136978088	39	136978240	136978539	136978241	136978241	136978277	262	223
LigP_4792157_4792526	upstream_LG	downstream_LG	30	90.0	233	262	62	91	1.1e-06	GCCCCCCCGCGCGGGGCCGGGGGGGGGCGG	GCCCCCCGGCGCGGCGGCGGGGGGGGGCGG	4791858	4792157	4792158	4792091	4792120	37	4792526	4792825	4792527	4792588	4792617	208	171
LigP_134135363_134135818	upstream_LG	downstream_LG	36	86.111	254	289	224	259	1.72e-05	GCGCCCGCCCGGGGGGGGGGGGCCGGCCCCGGGGGG	GCGCGCGCGCGGGGGGGGGGGGCGGCGCCCGGGGGG	134135064	134135363	134135364	134135318	134135353	10	134135818	134136117	134135819	134136042	134136077	40	30
LigP_4769264_4792526	upstream_LG	downstream_LG	32	84.375	163	194	236	267	0.004	GCGCCCCCGGCGCCCCCCGGCCGGCCCGGGCG	GCGCCCCCGCCGGCCCCCGCCGGGGCCGGGCG	4768965	4769264	4769265	4769128	4769159	105	4792526	4792825	4792527	4792762	4792793	32	73
LigP_137314627_137314687	upstream_LG	downstream_LG	41	82.927	242	282	144	184	0.001	CGGCCCCGGGGGGGCCCCGCCCCCGCCCCCCCGCCCCCCGC	CGGCCCCCGGGGGCCCGCGCGCCCCCCCGCCCCCCCCCCGC	137314328	137314627	137314628	137314570	137314610	17	137314687	137314986	137314688	137314831	137314871	115	98
LigP_134677517_134680808	upstream_LG	downstream_LG	29	82.759	272	300	90	118	0.26	GCGGGCGCCCGGGCCCGCGGGGCCGGGCC	GCGGGGGCCCGGGGGCCCGGGCCCGGGCC	134677218	134677517	134677518	134677490	134677518	-1	134680808	134681107	134680809	134680898	134680926	181	182
LigP_97985113_97985454	upstream_LG	downstream_LG	29	82.759	195	223	153	181	0.26	GCCCGCGGGGGCCGCCCCGCCCGCCCCCC	GCCCCCGGGGGCCCGCGCGCGCGCCCCCC	97984814	97985113	97985114	97985009	97985037	76	97985454	97985753	97985455	97985607	97985635	118	42
LigP_136546464_136548334	upstream_LG	downstream_LG	34	88.235	71	104	75	108	1.1e-06	CGCGGGCCGGGGGCGGGCGCCCGGGGCCGCCCCC	CGCGGGCCGGGGCGGGGGGCCCGGGGCGGCCCCC	136546165	136546464	136546465	136546236	136546269	195	136548334	136548633	136548335	136548409	136548442	191	4
LigP_4792826_4797810	upstream_LG	downstream_LG	34	85.294	44	77	247	280	0.000268	GCGCCGGCCCCGGCCCGCCGCCCCCCCCCGCCGC	GCGCCCGCCCCCGCCGGCCGCCCCGCCCGGCCGC	4792527	4792826	4792827	4792571	4792604	222	4797810	4798109	4797811	4798057	4798090	19	203
LigP_133686297_133737097	upstream_LG	downstream_LG	33	84.848	189	221	195	227	0.001	CGCCCCCCGCCCCCCCCGCCCCGCGGCGCCCGG	CGCCCCCCCGCCCCCCCGCGCCGCCGCGGCCGG	133685998	133686297	133686298	133686187	133686219	78	133737097	133737396	133737098	133737292	133737324	72	6
LigP_4848105_4984523	upstream_LG	downstream_LG	40	85.0	40	79	143	182	1.72e-05	GCCCCGCCCCCCCCCGCCGCCCCGCCCCCCCCCCCCCCCC	GCCCCCCCCCCGCGCGCCCCCCCGCCCCCGGCCCCCCCCC	4847806	4848105	4848106	4847846	4847885	220	4984523	4984822	4984524	4984666	4984705	117	103
LigP_136546546_136550219	upstream_LG	downstream_LG	31	83.871	26	56	227	257	0.017	CCGGGGGCCCCCGGGGGCCGGGGGCCCGGGC	CCGGGGGCGCCGGGCGGGCGGGGCCCCGGGC	136546247	136546546	136546547	136546273	136546303	243	136550219	136550518	136550220	136550446	136550476	42	201
LigP_83653395_83817437	upstream_LG	downstream_LG	45	82.222	38	82	82	126	0.001	GGGGGCGGGGGGGGCGCGGGGGCGGGGGGGGGGGGCGGGGGGCCC	GGGGGGGGGGGGGGGGGGGGGCCGGGCCGGCGGCGCGGGGGGCCC	83653096	83653395	83653396	83653134	83653178	217	83817437	83817736	83817438	83817519	83817563	173	44
LigP_4984925_4985535	upstream_LG	downstream_LG	70	82.857	16	85	132	201	4.51e-09	GGGCCCGCCGCGCCCGGGGGGCGGGGGGGGGGGCCGGGGGCGGGGGGGCGCGCGGGGGGGGGGCCCCCGC	GGGCCCGCCGCCGCCGGCGGGGGGCGGGCGGGGCCGGGGGGCGGGGGGGGGGCGGGGGGGCGGCCGCCGC	4984626	4984925	4984926	4984642	4984711	214	4985535	4985834	4985536	4985667	4985736	98	116
LigP_133705245_134135818	upstream_LG	downstream_LG	30	86.667	58	87	96	125	0.000268	CGGGGCGCGCGGCCCCGCCCGGGGGGCCCC	CGGGGCGCGCGCCCCCCGCCCGGGGGCCCC	133704946	133705245	133705246	133705004	133705033	212	134135818	134136117	134135819	134135914	134135943	174	38
LigP_4792311_4792510	upstream_LG	downstream_LG	30	90.0	79	108	78	107	1.1e-06	GCCCCCCCGCGCGGGGCCGGGGGGGGGCGG	GCCCCCCGGCGCGGCGGCGGGGGGGGGCGG	4792012	4792311	4792312	4792091	4792120	191	4792510	4792809	4792511	4792588	4792617	192	1
LigP_4792908_4797757	upstream_LG	downstream_LG	29	89.655	272	300	123	151	4.34e-06	GCGGCCGCCGGCCCCGCCCCGCCCCCCCC	GCGGCCGCCGGCCCGGGGCCGCCCCCCCC	4792609	4792908	4792909	4792881	4792909	-1	4797757	4798056	4797758	4797880	4797908	148	149
LigP_4763126_4792510	upstream_LG	downstream_LG	35	91.429	139	173	163	197	1.14e-09	CCGGCGGCGGCGGGCGGCCGGGCGGGCCGCGGGGG	CCGGCGGCGGCGCGCGGCCGGGGGGGGCGCGGGGG	4762827	4763126	4763127	4762966	4763000	126	4792510	4792809	4792511	4792673	4792707	102	24
LigP_137834975_137835154	upstream_LG	downstream_LG	32	81.25	185	216	162	193	1.0	GGCCCCGGCCCGGCGCCGGGCCGGCGCGGCCC	GGCCCGGGCCGGGCGGGGGGGCGGGGCGGCCC	137834676	137834975	137834976	137834861	137834892	83	137835154	137835453	137835155	137835316	137835347	106	23
LigP_136108265_136108364	upstream_LG	downstream_LG	36	86.111	49	84	98	133	1.72e-05	GCCCGGGGGCCGCCCCCGCCGGGGGGGGGCGGGCGC	GCCCGGCGGCCGCCCCCGCCCCGGGGGCCCGGGCGC	136107966	136108265	136108266	136108015	136108050	215	136108364	136108663	136108365	136108462	136108497	166	49
LigP_94148911_94166001	upstream_LG	downstream_LG	33	81.818	66	98	56	88	0.26	GCGGGGCCGGCGCCGGCGGGGGGGGCGGCCCGG	GCGGGGCGGCCGCCGCGGGGGGGGCGGGCCCGG	94148612	94148911	94148912	94148678	94148710	201	94166001	94166300	94166002	94166057	94166089	211	10
LigP_134004998_134135795	upstream_LG	downstream_LG	37	86.486	180	216	59	95	4.34e-06	GGCCCCCCCCCCCCGCCCCCCCGGGGCCGGGCCGCGG	GGCCCCCCCGGCGCGCCCCCCGGGGGCCGGGGCGCGG	134004699	134004998	134004999	134004879	134004915	83	134135795	134136094	134135796	134135854	134135890	204	121
LigP_68705562_68755177	upstream_LG	downstream_LG	52	82.692	179	230	249	300	1.72e-05	GGGGGGGGGGGGGGGGGCGGGGGCGCGCGCGCCCGCCGCGGCGCGCGCGCGC	GGGGGGCGGCGGGGGGCGGGGGGGGCCCGCGCCCGCGGGGGCGCGCGGGCGC	68705263	68705562	68705563	68705442	68705493	69	68755177	68755476	68755178	68755426	68755477	-1	70
LigP_4983406_4984522	upstream_LG	downstream_LG	37	83.784	152	188	114	150	0.001	CCCCCCCCCCCCCGCGGGGCGCCGCGCCCCCGCCCCC	CCCCCCCCCGCCCCCCGGGCGCGGCGGGCCCGCCCCC	4983107	4983406	4983407	4983259	4983295	111	4984522	4984821	4984523	4984636	4984672	149	38
LigP_4792970_4793028	upstream_LG	downstream_LG	33	84.848	212	244	156	188	0.001	GGCCGCCGGCCCCGCCCCGCCCCCCCCCGGCCC	GGCCGCCGCCCCCGGCCCGGGCCCCCCGGGCCC	4792671	4792970	4792971	4792883	4792915	55	4793028	4793327	4793029	4793184	4793216	111	56
LigP_137314595_137320857	upstream_LG	downstream_LG	29	89.655	229	257	18	46	4.34e-06	CGCCCCGGGGCCCCGGGGGCGCCCGGGGC	CGCCGCGGGGGCCCCGGGGCGCCCGGGGC	137314296	137314595	137314596	137314525	137314553	42	137320857	137321156	137320858	137320875	137320903	253	211
LigP_137314599_137315591	upstream_LG	downstream_LG	47	85.106	77	123	195	241	2.78e-07	CGGGGGCGGCGCCGGGGCGGGCGGGGGGCCGGGCCCCCGGCCCCCGG	CGGGGGCGGCCCGGGCCCGGGCGGGGGGCGGGGCCCGGGGCCCCCGG	137314300	137314599	137314600	137314377	137314423	176	137315591	137315890	137315592	137315786	137315832	58	118
LigP_112487220_112487310	upstream_LG	downstream_LG	42	80.952	70	111	173	214	0.065	GGCCCCCCGGCCGCCCCCCCCCCGCCCCCGCGCCCCCCCGGC	GGCCCCCCCCCCCCCCCCCCCGCCCCCCCCCCCGCCCCCGGC	112486921	112487220	112487221	112486991	112487032	188	112487310	112487609	112487311	112487483	112487524	85	103
LigP_133066899_133116293	upstream_LG	downstream_LG	34	85.294	86	119	40	73	0.000268	CCCGCCCCGCGGGCCGGGGGGGGGCCCGGGCGGG	CCCGCCCCCCGGGGCCGGGGGGCGCCCCGGCGGG	133066600	133066899	133066900	133066686	133066719	180	133116293	133116592	133116294	133116333	133116366	226	46
LigP_4984846_5091140	upstream_LG	downstream_LG	36	83.333	260	295	246	281	0.004	CGCGCGCGCCCGCCCGCCCGGCGGGGGCCGGGCCCG	CGCGCCCGGCCGCCCGCCGGGCCGGCGCCGGCCCCG	4984547	4984846	4984847	4984807	4984842	4	5091140	5091439	5091141	5091386	5091421	18	14
LigP_4792945_4984555	upstream_LG	downstream_LG	42	85.714	208	249	238	279	1.1e-06	GCCCCGGCCGGGCGGGGGGGCGGGGGGGCGGCCGCCGGCCCC	GCCCCCGCCGGGCGGGCGGGCGCGCGCGCGGCCGCCGCCCCC	4792646	4792945	4792946	4792854	4792895	50	4984555	4984854	4984556	4984793	4984834	20	30
LigP_4983815_4984577	upstream_LG	downstream_LG	34	85.294	130	163	149	182	0.000268	GGCCCCCCGCGGCGGGCCCCGCGCGGGGGGGGGC	GGCCCCCCGGCGCGCGGCCCGCGCCGGGGGGGGC	4983516	4983815	4983816	4983646	4983679	136	4984577	4984876	4984578	4984726	4984759	117	19
LigP_35791957_35798156	upstream_LG	downstream_LG	41	82.927	14	54	147	187	0.001	GGGGCCCGGGCGGGGGGCGGGGGGGGGCGCCGGGCGGCGCC	GGGGCCGGGGGGGGGGCCGGGGCGGCCCGCCCGGCGGCGCC	35791658	35791957	35791958	35791672	35791712	245	35798156	35798455	35798157	35798303	35798343	112	133
LigP_125422075_125746838	upstream_LG	downstream_LG	36	83.333	18	53	19	54	0.004	GGCCCGGGGGGGGGGGCGGGGGGGCGGGGGGCGCGC	GGCCCGGGGGCGGGCGGGCGGGGGCGGCGGGGGCGC	125421776	125422075	125422076	125421794	125421829	246	125746838	125747137	125746839	125746857	125746892	245	1
LigP_4763648_4792538	upstream_LG	downstream_LG	44	81.818	171	214	124	167	0.004	GGCGGGGGGGCGCGGCGGGCGGGGGGGGGGGGGGGGGGGCGGGG	GGCGGCGGCGCGCGGCCGGGGGGGGCGCGGGGGGGCGGCCGGGG	4763349	4763648	4763649	4763520	4763563	85	4792538	4792837	4792539	4792662	4792705	132	47
LigP_4763079_4984510	upstream_LG	downstream_LG	38	81.579	44	81	128	165	0.065	GCCCCCCCCCGCCCCGCCCGCCCGCGGCCGCCCCGCCC	GCCCCCCCCCCCGCCCCCCGGGCGCGGCGGGCCCGCCC	4762780	4763079	4763080	4762824	4762861	218	4984510	4984809	4984511	4984638	4984675	134	84
LigP_4984822_4985827	upstream_LG	downstream_LG	29	89.655	61	89	226	254	4.34e-06	CGCCCCCGGCCCCCGGCGCCGCCCCCCCC	CGCCCCCGGCCCCGGGCGCCCCCGCCCCC	4984523	4984822	4984823	4984584	4984612	210	4985827	4986126	4985828	4986053	4986081	45	165
LigP_6758045_6758454	upstream_LG	downstream_LG	30	93.333	14	43	38	67	4.51e-09	CCGCGCGGGCGCCCCCCCCCCCCGGGGGGG	CCGCCCGGGCGCCCCCCCGCCCCGGGGGGG	6757746	6758045	6758046	6757760	6757789	256	6758454	6758753	6758455	6758492	6758521	232	24
LigP_133163737_133163686	upstream_LG	downstream_LG	31	87.097	66	96	203	233	6.78e-05	CCCCCCCCCCCCCCCCCCCCCCGGGGCCCCG	CCCCCCCCCCCCCGCCCGGCCCGCGGCCCCG	133163438	133163737	133163738	133163504	133163534	203	133163686	133163985	133163687	133163889	133163919	66	137
LigP_126345604_128419097	upstream_LG	downstream_LG	36	88.889	110	145	247	282	7.04e-08	CCCCGCGGCCCCCCCCGGGGGCCCGGGCGGGGGGCC	CCCCCCGGCCCCCCCCCGGGGCCGGGGGGGGGGGCC	126345305	126345604	126345605	126345415	126345450	154	128419097	128419396	128419098	128419344	128419379	17	137
LigP_68705578_89052537	upstream_LG	downstream_LG	30	83.333	194	223	92	121	0.065	CCCGCCGCGGCGCGCGCGCGCCGCGCGCCC	CCCGCCGGGGGGCGGGCGGGCCGCCCGCCC	68705279	68705578	68705579	68705473	68705502	76	89052537	89052836	89052538	89052629	89052658	178	102
LigP_137165148_137305687	upstream_LG	downstream_LG	33	87.879	204	236	37	69	4.34e-06	CCCGGCGCGGGGGGGCGGGCGGGGGCGGGGGCC	CCCGGCGGGGGGGGGCGGGGCGGCGCGGGGGCC	137164849	137165148	137165149	137165053	137165085	63	137305687	137305986	137305688	137305724	137305756	230	167
LigP_89362839_89363115	upstream_LG	downstream_LG	40	87.5	100	139	60	99	7.04e-08	GCCCCCGGGCCGCGCCGGGGGGCGGGGGGGCCGGGGGGGG	GCCCCCGGGGGGGGCCGGGGGGGGGCGGGGCCGGGGGGGG	89362540	89362839	89362840	89362640	89362679	160	89363115	89363414	89363116	89363175	89363214	200	40
LigP_4983472_4984491	upstream_LG	downstream_LG	37	83.784	86	122	145	181	0.001	CCCCCCCCCCCCCGCGGGGCGCCGCGCCCCCGCCCCC	CCCCCCCCCGCCCCCCGGGCGCGGCGGGCCCGCCCCC	4983173	4983472	4983473	4983259	4983295	177	4984491	4984790	4984492	4984636	4984672	118	59
LigP_4984958_4985423	upstream_LG	downstream_LG	41	85.366	12	52	244	284	4.34e-06	GGGGCCGGGGGCGGGGGGGCGCGCGGGGGGGGGGCCCCCGC	GGGGCCGGGGGGCGGGGGGGGGGCGGGGGGGCGGCCGCCGC	4984659	4984958	4984959	4984671	4984711	247	4985423	4985722	4985424	4985667	4985707	15	232
LigP_35756292_35756823	upstream_LG	downstream_LG	34	85.294	141	174	150	183	0.000268	CGGGCCGGGCCCCCCCCGCCCCCCCGCGCCCCGG	CGGGCCCGGCCCCCGCCGCCCGCCCCCCCCCCGG	35755993	35756292	35756293	35756134	35756167	125	35756823	35757122	35756824	35756973	35757006	116	9
LigP_4769985_4792433	upstream_LG	downstream_LG	43	88.372	144	186	141	183	1.14e-09	CCCCGCGGCGCGGCGGGGGGCGGGCCCGGCGGGCCGGGGCCGG	CCCCCCGGCGCGGCGGCGGGGGGGGGCGGCGGGCCGGGGCCGG	4769686	4769985	4769986	4769830	4769872	113	4792433	4792732	4792434	4792574	4792616	116	3
LigP_4792881_4828757	upstream_LG	downstream_LG	50	80.0	246	295	76	125	0.065	CGGCGGCGCGGCCCGGGGCGGGGGCCGCCCCGGCCGGGCGGGGGGGCGGG	CGGCCGCGCGGCCGGCGGGGGCGGGCGCCCCCGCGGCGCGCGGGGGCGGG	4792582	4792881	4792882	4792828	4792877	4	4828757	4829056	4828758	4828833	4828882	174	170
LigP_3526383_4792467	upstream_LG	downstream_LG	36	86.111	174	209	150	185	1.72e-05	GCGGGGGCCGCCCGCCCCGGCGGCCGGCCCCGCGCG	GCGGGGGCCGCCGGCCGGGGCGGCCCCCCCCGCGCG	3526084	3526383	3526384	3526258	3526293	90	4792467	4792766	4792468	4792617	4792652	114	24
LigP_4984896_4984929	upstream_LG	downstream_LG	34	91.176	182	215	13	46	4.51e-09	CGGCCGCCCCCCCGGGGGGCGGCGGCCGCGCGCG	CGGCCGCCCCCCGGGGGGCCGGCGGGCGCGCGCG	4984597	4984896	4984897	4984779	4984812	84	4984929	4985228	4984930	4984942	4984975	253	169
LigP_134136094_134136591	upstream_LG	downstream_LG	34	85.294	98	131	91	124	0.000268	CGCCGGCCGGGCCCGGGGGCCGGGGCCCCCGGGC	CGCCGCCCGGGGCCGGGGGCCCGCGCCCCGGGGC	134135795	134136094	134136095	134135893	134135926	168	134136591	134136890	134136592	134136682	134136715	175	7
LigP_4984935_4989238	upstream_LG	downstream_LG	44	81.818	19	62	44	87	0.004	CCGGGGGGCGGGGGGGGGGGCCGGGGGCGGGGGGGCGCGCGGGG	CCGGGGGGCCGCGGGGGCGGGGGGGGGGGGGGGGGGGCGGGGGG	4984636	4984935	4984936	4984655	4984698	237	4989238	4989537	4989239	4989282	4989325	212	25
LigP_4822330_4985295	upstream_LG	downstream_LG	30	90.0	202	231	208	237	1.1e-06	CCCGGGCGGCCGCCGGGCCGCGCCCGCGGG	CCCGGGCGGCCCCCGGGCCGGGCCCCCGGG	4822031	4822330	4822331	4822233	4822262	68	4985295	4985594	4985296	4985503	4985532	62	6
LigP_4792436_4792527	upstream_LG	downstream_LG	29	82.759	77	105	146	174	0.26	GCGGGGCGCGGCGGCGGCGGGCGGGGGGG	GCGGCGCGCGGCCGGGGGGGGCGCGGGGG	4792137	4792436	4792437	4792214	4792242	194	4792527	4792826	4792528	4792673	4792701	125	69
LigP_4983067_4984487	upstream_LG	downstream_LG	30	83.333	74	103	102	131	0.065	GGGCGGGGGGGGCCCGGCGCCCCGGGCCGG	GGGCCGGGGGGGGGCGGCGCCGGGGGCCGG	4982768	4983067	4983068	4982842	4982871	196	4984487	4984786	4984488	4984589	4984618	168	28
LigP_4984789_6412979	upstream_LG	downstream_LG	38	89.474	179	216	76	113	4.51e-09	GGGGGGCCGGGGGCGGGGGGGCGCGCGGGGGGGGGGCC	GGGGGGGCGGGGGCGGGCGGGCGCGGGGGGGGCGGGCC	4984490	4984789	4984790	4984669	4984706	83	6412979	6413278	6412980	6413055	6413092	186	103
LigP_137314598_137320424	upstream_LG	downstream_LG	39	84.615	211	249	88	126	6.78e-05	CCGCCCGGCGGCCCCCGCCCCGGGGCCCCGGGGGCGCCC	CCGCCCCGCCGCCCGCGCCCCGCGGCCCCCGGGCCGCCC	137314299	137314598	137314599	137314510	137314548	50	137320424	137320723	137320425	137320512	137320550	173	123
LigP_136502516_137314260	upstream_LG	downstream_LG	33	90.909	101	133	267	299	1.78e-08	CCGCCGGCCCCGGGCGCCCCGGGGCCCCCGGGG	CCGCGGGCCCCGGGCGCCCCCGGGGCCCCGGGG	136502217	136502516	136502517	136502318	136502350	166	137314260	137314559	137314261	137314527	137314559	0	166
LigP_128063373_128103459	upstream_LG	downstream_LG	34	82.353	159	192	179	212	0.065	GGGCGGGGGGGGCGCGGGCCCGGGCCCCGGGGGC	GGGCGGCGCGGGCCCGGCCCGGGGCCCCCGGGGC	128063074	128063373	128063374	128063233	128063266	107	128103459	128103758	128103460	128103638	128103671	87	20
LigP_136546580_136657735	upstream_LG	downstream_LG	36	83.333	194	229	93	128	0.004	GGGGGGCCCCGGGCCCGGGGCGGGGCCCCGGGGGGG	GGGGGGCCCCCGCCGCGGGGCGGGCCCGGGGGGGGG	136546281	136546580	136546581	136546475	136546510	70	136657735	136658034	136657736	136657828	136657863	171	101
LigP_97633583_133163686	upstream_LG	downstream_LG	37	83.784	158	194	131	167	0.001	GGCCGCCGGGGGGCCCCGGGGGGCCGGCCCGGGCGGG	GGCCGCCCGGGCGCCGCGGGGGCCCGGGCCGGCCGGG	97633284	97633583	97633584	97633442	97633478	105	133163686	133163985	133163687	133163817	133163853	132	27
LigP_4763075_4792579	upstream_LG	downstream_LG	35	91.429	190	224	94	128	1.14e-09	CCGGCGGCGGCGGGCGGCCGGGCGGGCCGCGGGGG	CCGGCGGCGGCGCGCGGCCGGGGGGGGCGCGGGGG	4762776	4763075	4763076	4762966	4763000	75	4792579	4792878	4792580	4792673	4792707	171	96
LigP_35792022_35825886	upstream_LG	downstream_LG	32	84.375	224	255	88	119	0.004	CCCCCCGGCCCCGCGCGGCGCGGCGCCCCCCC	CCCCCGGGCCCCCCCCGGCGCCGCCCCCCCCC	35791723	35792022	35792023	35791947	35791978	44	35825886	35826185	35825887	35825974	35826005	180	136
LigP_19230893_19231309	upstream_LG	downstream_LG	31	83.871	224	254	227	257	0.017	GGGGGGGCGGGCGGCGGGCGGGGCCGCGGCG	GGGGGGGGGGGGGGGGGGGGGGGGCGCGGCG	19230594	19230893	19230894	19230818	19230848	45	19231309	19231608	19231310	19231536	19231566	42	3
LigP_4763655_4792578	upstream_LG	downstream_LG	44	81.818	164	207	84	127	0.004	GGCGGGGGGGCGCGGCGGGCGGGGGGGGGGGGGGGGGGGCGGGG	GGCGGCGGCGCGCGGCCGGGGGGGGCGCGGGGGGGCGGCCGGGG	4763356	4763655	4763656	4763520	4763563	92	4792578	4792877	4792579	4792662	4792705	172	80
LigP_137314586_137317574	upstream_LG	downstream_LG	40	87.5	239	278	249	288	7.04e-08	GCCCCGGGGCCCCGGGGGCGCCCGGGGCCCGCGGCCGGGG	GCCCCGGGGCCCCGGGGGGGGGCGGGCCCCCCGGCCGGGG	137314287	137314586	137314587	137314526	137314565	21	137317574	137317873	137317575	137317823	137317862	11	10
LigP_518607_4984555	upstream_LG	downstream_LG	37	83.784	113	149	100	136	0.001	CGCCGCCCCCCCCCGGCCCCCCGCCCGCGCCCCCCGG	CGCCCCCCCGCCCCCGGCCCCCCCCCCCGCCCCCCGG	518308	518607	518608	518421	518457	150	4984555	4984854	4984556	4984655	4984691	163	13
LigP_114175620_115542860	upstream_LG	downstream_LG	33	84.848	204	236	25	57	0.001	CCGGGGGCGGGGCGGGGGGGCCGGCCGGGCCCG	CCGGGGGGGGCGCGGGCGGGCCGGGGGGGCCCG	114175321	114175620	114175621	114175525	114175557	63	115542860	115543159	115542861	115542885	115542917	242	179
LigP_35792026_35825886	upstream_LG	downstream_LG	32	84.375	220	251	88	119	0.004	CCCCCCGGCCCCGCGCGGCGCGGCGCCCCCCC	CCCCCGGGCCCCCCCCGGCGCCGCCCCCCCCC	35791727	35792026	35792027	35791947	35791978	48	35825886	35826185	35825887	35825974	35826005	180	132
LigP_35754955_35756833	upstream_LG	downstream_LG	51	82.353	233	283	80	130	6.78e-05	GCGCGGGGCCGCCCCGCGCCCGGGGGCGGCCCCCCCCCCCCCCGGGGGGGG	GCGCGGGCCCGGCCCGCGCCCCCGCGCCGCCCCCCGGCCCCCGGGGGGGGG	35754656	35754955	35754956	35754889	35754939	16	35756833	35757132	35756834	35756913	35756963	169	153
LigP_4930106_4984515	upstream_LG	downstream_LG	44	84.091	71	114	252	295	1.72e-05	CGCGCGCCCGCCGGGCGCCGGGGGGGGCGCCGGGGGGGGCCCGC	CGCGCGGCCGCCGCCCCCCGGGGGGGCGGCCGGGGGCGGCCCGC	4929807	4930106	4930107	4929878	4929921	185	4984515	4984814	4984516	4984767	4984810	4	181
LigP_79573210_79573813	upstream_LG	downstream_LG	33	84.848	187	219	56	88	0.001	GCGGCCCCCGCGCCGCGGCCCCCCGGGGGGGGG	GCGGCGCCCCCGCGGCGCCCCCGCGGGGGGGGG	79572911	79573210	79573211	79573098	79573130	80	79573813	79574112	79573814	79573869	79573901	211	131
LigP_4769932_4792429	upstream_LG	downstream_LG	43	88.372	197	239	145	187	1.14e-09	CCCCGCGGCGCGGCGGGGGGCGGGCCCGGCGGGCCGGGGCCGG	CCCCCCGGCGCGGCGGCGGGGGGGGGCGGCGGGCCGGGGCCGG	4769633	4769932	4769933	4769830	4769872	60	4792429	4792728	4792430	4792574	4792616	112	52
LigP_137314593_137314618	upstream_LG	downstream_LG	36	83.333	201	236	150	185	0.004	CGGGCCGGCGGCCGCCCGCCCGGCGGCCCCCGCCCC	CGGGGCGGGGGCCGCGGGCCCGGCCGCCCCGGCCCC	137314294	137314593	137314594	137314495	137314530	63	137314618	137314917	137314619	137314768	137314803	114	51
LigP_137314591_137314728	upstream_LG	downstream_LG	37	83.784	209	245	234	270	0.001	GGCGGCCGCCCGCCCGGCGGCCCCCGCCCCGGGGCCC	GGCGGCGGCGCGCCCCCCGGCCCGCGCCCCGGCGCCC	137314292	137314591	137314592	137314501	137314537	54	137314728	137315027	137314729	137314962	137314998	29	25
LigP_124861746_134135811	upstream_LG	downstream_LG	42	88.095	75	116	80	121	4.51e-09	CCCCCCCCGCGGGGGCCCCGGGCCCCGGCCCCGGCCCGCGCG	CCCCCCGCCCGGGGGCCCCGGCCCCCGGGCCCGGCCGGCGCG	124861447	124861746	124861747	124861522	124861563	183	134135811	134136110	134135812	134135891	134135932	178	5
LigP_133151397_134135795	upstream_LG	downstream_LG	36	86.111	106	141	86	121	1.72e-05	CCCGGCGCCCGGGCCCCGCGCGCGCCGGCCCCCCCG	CCCGGCCCCCGGGCCCGGCCGGCGCGGGCCCCCCCG	133151098	133151397	133151398	133151204	133151239	158	134135795	134136094	134135796	134135881	134135916	178	20
LigP_4851749_4984486	upstream_LG	downstream_LG	29	86.207	34	62	1	29	0.001	CGGGGGGGCGGGGGGCGGGGGCGGGGCGC	CGGGGGGGGGCGGGGGCGGGGCGGGGCGC	4851450	4851749	4851750	4851484	4851512	237	4984486	4984785	4984487	4984487	4984515	270	33
LigP_137314600_137774940	upstream_LG	downstream_LG	31	87.097	162	192	18	48	6.78e-05	GGGCCCCCGGGGCCCGGCCCGCCCCCGCGGG	GGGCCCCGCGGGGCCGGCCCGGCCCCGCGGG	137314301	137314600	137314601	137314463	137314493	107	137774940	137775239	137774941	137774958	137774988	251	144
LigP_126527097_130476740	upstream_LG	downstream_LG	37	81.081	28	64	162	198	0.26	CGCCCGGGGCGGCCGGGGCCCGGGGGGGCCCCCGGGC	CGCCGGGGGCGCCGGGGGCCCCGGCCGGGCCCCGGGC	126526798	126527097	126527098	126526826	126526862	235	130476740	130477039	130476741	130476902	130476938	101	134
LigP_137279534_137279858	upstream_LG	downstream_LG	41	82.927	123	163	86	126	0.001	GGCGCCGCGCGCGGCGCCGCCGCCCCGGGGCGCGCGCCGCG	GGCGCCCCGCCCCGCGCCCCCGCCGCGGGGGGCCCGCCGCG	137279235	137279534	137279535	137279358	137279398	136	137279858	137280157	137279859	137279944	137279984	173	37
LigP_77018822_84521831	upstream_LG	downstream_LG	39	87.179	175	213	23	61	2.78e-07	GCGCCCCGGGGGCCGCCGCGGGGCGCGGCCGGGGGGGCG	GCGCCCCGGGGCGCGCCGCGGGGGGGGCCCGGGGGGGCG	77018523	77018822	77018823	77018698	77018736	86	84521831	84522130	84521832	84521854	84521892	238	152
LigP_4763096_4792528	upstream_LG	downstream_LG	35	91.429	169	203	145	179	1.14e-09	CCGGCGGCGGCGGGCGGCCGGGCGGGCCGCGGGGG	CCGGCGGCGGCGCGCGGCCGGGGGGGGCGCGGGGG	4762797	4763096	4763097	4762966	4763000	96	4792528	4792827	4792529	4792673	4792707	120	24
LigP_68705568_68755177	upstream_LG	downstream_LG	52	82.692	173	224	249	300	1.72e-05	GGGGGGGGGGGGGGGGGCGGGGGCGCGCGCGCCCGCCGCGGCGCGCGCGCGC	GGGGGGCGGCGGGGGGCGGGGGGGGCCCGCGCCCGCGGGGGCGCGCGGGCGC	68705269	68705568	68705569	68705442	68705493	75	68755177	68755476	68755178	68755426	68755477	-1	76
LigP_111661649_111662700	upstream_LG	downstream_LG	50	82.0	127	176	202	251	0.000268	CCCCCGCCGCCCCCGGCGGGCGGCCCCGCGCCGGGCGGGCCGGGGCGGCG	CCCCCCCCGGCCCCGGGGCGCGGCCCCCCGCCCCCCGGGCCGGGGGGGCG	111661350	111661649	111661650	111661477	111661526	123	111662700	111662999	111662701	111662902	111662951	48	75
LigP_97985165_97985226	upstream_LG	downstream_LG	29	89.655	266	294	121	149	4.34e-06	GCGGCCCCCCCGCGGGGGGCGGCCCCGCG	GCGGGCCCCCCGGGGGGGGCGGCGCCGCG	97984866	97985165	97985166	97985132	97985160	5	97985226	97985525	97985227	97985347	97985375	150	145
LigP_137169399_137277541	upstream_LG	downstream_LG	30	90.0	264	293	252	281	1.1e-06	CCCGGGGCGGGCGGGCGGCCCGGCGGCCCC	CCCGGGGCGGGGGGGCGGGCCGGGGGCCCC	137169100	137169399	137169400	137169364	137169393	6	137277541	137277840	137277542	137277793	137277822	18	12
LigP_4768975_4792564	upstream_LG	downstream_LG	31	87.097	19	49	70	100	6.78e-05	GGGGGGCCCGCCCCGGGGGGCGCCGGCCGGG	GGGGGCCCCGGCGCGGGGGCCGCCGGCCGGG	4768676	4768975	4768976	4768695	4768725	250	4792564	4792863	4792565	4792634	4792664	199	51
LigP_93184335_93186236	upstream_LG	downstream_LG	37	86.486	117	153	105	141	4.34e-06	GGGCCGGGGCCGGCGCGGGGGCGGGGCCGCGCGGGGC	GGGCCGGCGCCGCGGCGGCGGCGGGGCCGCGGGGGGC	93184036	93184335	93184336	93184153	93184189	146	93186236	93186535	93186237	93186341	93186377	158	12
LigP_4985041_4989735	upstream_LG	downstream_LG	33	84.848	149	181	129	161	0.001	CCGCCCCGGCCCCCCCGCGCGCCCGCGCCCGGG	CCGCCCCGGCGCCCGGGGGCGCCCGCGGCCGGG	4984742	4985041	4985042	4984891	4984923	118	4989735	4990034	4989736	4989864	4989896	138	20
LigP_93058970_93676076	upstream_LG	downstream_LG	31	83.871	83	113	172	202	0.017	CGGCCGCCGCCCCCCGCGGCGGGGCGGGGCC	CGGCGGCCCCCCCGCGCGCCCGGGCGGGGCC	93058671	93058970	93058971	93058754	93058784	186	93676076	93676375	93676077	93676248	93676278	97	89
LigP_4983802_4984523	upstream_LG	downstream_LG	35	88.571	42	76	162	196	2.78e-07	GCCCCCCCGCGGGCCCCCCCCCCCCGCGCGGCCCC	GCCCCCGCGCGGGGGCCCCCCCCCCGCGCGCCCCC	4983503	4983802	4983803	4983545	4983579	223	4984523	4984822	4984524	4984685	4984719	103	120
LigP_137314591_137315597	upstream_LG	downstream_LG	47	85.106	85	131	189	235	2.78e-07	CGGGGGCGGCGCCGGGGCGGGCGGGGGGCCGGGCCCCCGGCCCCCGG	CGGGGGCGGCCCGGGCCCGGGCGGGGGGCGGGGCCCGGGGCCCCCGG	137314292	137314591	137314592	137314377	137314423	168	137315597	137315896	137315598	137315786	137315832	64	104
LigP_4792783_4793248	upstream_LG	downstream_LG	32	87.5	73	104	185	216	1.72e-05	CCGGCGCGCCGCGGGCGCCGGCCCCGGCCCGC	CCGGCGCCCCGGGGGCGCCGGGCGCGGCCCGC	4792484	4792783	4792784	4792557	4792588	195	4793248	4793547	4793249	4793433	4793464	83	112
LigP_104817536_109620006	upstream_LG	downstream_LG	36	86.111	180	215	77	112	1.72e-05	GGGGGGGGCGGGGGCGGGCCGGGGGCGGGGCGGGGC	GGGGGGGGCCGGGGCGGCCCGGGCCCCGGGCGGGGC	104817237	104817536	104817537	104817417	104817452	84	109620006	109620305	109620007	109620083	109620118	187	103
LigP_4762993_4984487	upstream_LG	downstream_LG	38	81.579	130	167	151	188	0.065	GCCCCCCCCCGCCCCGCCCGCCCGCGGCCGCCCCGCCC	GCCCCCCCCCCCGCCCCCCGGGCGCGGCGGGCCCGCCC	4762694	4762993	4762994	4762824	4762861	132	4984487	4984786	4984488	4984638	4984675	111	21
LigP_4792920_4793062	upstream_LG	downstream_LG	33	84.848	262	294	122	154	0.001	GGCCGCCGGCCCCGCCCCGCCCCCCCCCGGCCC	GGCCGCCGCCCCCGGCCCGGGCCCCCCGGGCCC	4792621	4792920	4792921	4792883	4792915	5	4793062	4793361	4793063	4793184	4793216	145	140
LigP_111483306_112486888	upstream_LG	downstream_LG	31	87.097	121	151	132	162	6.78e-05	CCGGGCGGGGCCGGGCGGGGCGGGCGGGCGC	CCGGGCCGGGCGGGGCGGGCCGGGGGGGCGC	111483007	111483306	111483307	111483128	111483158	148	112486888	112487187	112486889	112487020	112487050	137	11
LigP_133163668_133163704	upstream_LG	downstream_LG	39	87.179	140	178	178	216	2.78e-07	CCCCCCCCCCCCCCCCCGGGGCCCCGGCCCCCCCGCCCG	CCCCCCCCCCCCCCGCCCGGCCCGCGGCCCCGCCGCCCG	133163369	133163668	133163669	133163509	133163547	121	133163704	133164003	133163705	133163882	133163920	83	38
LigP_112487265_112520390	upstream_LG	downstream_LG	63	82.54	5	67	172	234	2.78e-07	CCCGCCCGCCCCCGGCGCCCGGCCCCCCGGCCGCCCCCCCCCCGCCCCCGCGCCCCCCCGGCC	CCCGCCGGCCCCCCGGCCCCGGCGCCCCGCCCGCCCCCCCGCCCCCCCGCCCCCCCCCCGGCC	112486966	112487265	112487266	112486971	112487033	232	112520390	112520689	112520391	112520562	112520624	65	167
LigP_2621361_4792527	upstream_LG	downstream_LG	29	89.655	179	207	132	160	4.34e-06	GGGGGCGCGGGGGGGGGCGGCGGGGGGGC	GGGGGGGCGCGGGGGGGCGGCCGGGGGGC	2621062	2621361	2621362	2621241	2621269	92	4792527	4792826	4792528	4792659	4792687	139	47
LigP_135745038_135746140	upstream_LG	downstream_LG	32	84.375	237	268	196	227	0.004	CCCCCCGCGGCGGGCGCGCGGCCGCGCCCCGG	CCCCCCGGGGGGGGGGCCCGGCCGGGCCCCGG	135744739	135745038	135745039	135744976	135745007	31	135746140	135746439	135746141	135746336	135746367	72	41
LigP_4984819_4985515	upstream_LG	downstream_LG	70	82.857	122	191	152	221	4.51e-09	GGGCCCGCCGCGCCCGGGGGGCGGGGGGGGGGGCCGGGGGCGGGGGGGCGCGCGGGGGGGGGGCCCCCGC	GGGCCCGCCGCCGCCGGCGGGGGGCGGGCGGGGCCGGGGGGCGGGGGGGGGGCGGGGGGGCGGCCGCCGC	4984520	4984819	4984820	4984642	4984711	108	4985515	4985814	4985516	4985667	4985736	78	30
LigP_112487343_112489065	upstream_LG	downstream_LG	35	88.571	203	237	60	94	2.78e-07	GGCCCGGCCGGGCCCCCCCCCCGCCCCCCCCCGGG	GGCCCGGCCGGGCCCCGGCGCCCCCCCCCCCCGGG	112487044	112487343	112487344	112487247	112487281	62	112489065	112489364	112489066	112489125	112489159	205	143
LigP_4757999_4984569	upstream_LG	downstream_LG	30	90.0	57	86	89	118	1.1e-06	CCCCCCCCCCCGCCCCCGCCCCCCGCCCCC	CCCCCGCCCCCGGCCCCCCCCCCCGCCCCC	4757700	4757999	4758000	4757757	4757786	213	4984569	4984868	4984570	4984658	4984687	181	32
LigP_4792189_4792543	upstream_LG	downstream_LG	30	90.0	201	230	45	74	1.1e-06	GCCCCCCCGCGCGGGGCCGGGGGGGGGCGG	GCCCCCCGGCGCGGCGGCGGGGGGGGGCGG	4791890	4792189	4792190	4792091	4792120	69	4792543	4792842	4792544	4792588	4792617	225	156
LigP_6758191_6758225	upstream_LG	downstream_LG	32	87.5	104	135	166	197	1.72e-05	CCGCCGCCGCCCCCCGCCCGCCCCCCCGGCGG	CCGCCGCCGGCCCCCGCGCCCCCCCCCCGCGG	6757892	6758191	6758192	6757996	6758027	164	6758225	6758524	6758226	6758391	6758422	102	62
LigP_34127035_34256460	upstream_LG	downstream_LG	36	86.111	230	265	46	81	1.72e-05	GCGGGGGCCGCCGGCGCCGCCGGGGGGGGGGGCCCC	GCGGGGGGCGGCCGCGCCGCCCCGGGGGGGGGCCCC	34126736	34127035	34127036	34126966	34127001	34	34256460	34256759	34256461	34256506	34256541	218	184
LigP_4983029_4984491	upstream_LG	downstream_LG	30	83.333	112	141	98	127	0.065	GGGCGGGGGGGGCCCGGCGCCCCGGGCCGG	GGGCCGGGGGGGGGCGGCGCCGGGGGCCGG	4982730	4983029	4983030	4982842	4982871	158	4984491	4984790	4984492	4984589	4984618	172	14
LigP_29272_22357001	upstream_LG	downstream_LG	50	86.0	85	134	206	255	4.51e-09	CCCCCCGGGGCCCGGCGGGGGCGGGGGGGCGCGGGGGCGGGGGGGCGGGG	CCCCCGGGGCCCGGGCGGGCCCGGGGGGGCGCGGGCGCGGGGGGGGGGGG	28973	29272	29273	29058	29107	165	22357001	22357300	22357002	22357207	22357256	44	121
LigP_136005940_136051191	upstream_LG	downstream_LG	33	84.848	96	128	55	87	0.001	GGGGGGGGGGGGGGGGCCGGGGGGGGGCGCCCG	GGGGGGCGCGGGGGGGCGGGGCGGGCGCGCCCG	136005641	136005940	136005941	136005737	136005769	171	136051191	136051490	136051192	136051246	136051278	212	41
LigP_133151982_133163686	upstream_LG	downstream_LG	43	83.721	237	279	227	269	6.78e-05	GCCCGCCCCCCCCGGCCGGCCGCCCCGCCCGCCCGCGCCCCCC	GCCCGGCCCCCCCCCCCCGCCCCCCCCCCCGCCCGCCCCCCCC	133151683	133151982	133151983	133151920	133151962	20	133163686	133163985	133163687	133163913	133163955	30	10
LigP_4792909_40939217	upstream_LG	downstream_LG	30	86.667	63	92	144	173	0.000268	CCCCCGCGCCCCCCCCGGCCGCGCGCCGCC	CCCCCGCCCCCCCCCGGGCCCCGCCCCGCC	4792610	4792909	4792910	4792673	4792702	207	40939217	40939516	40939218	40939361	40939390	126	81
LigP_4763849_4792557	upstream_LG	downstream_LG	29	89.655	70	98	128	156	4.34e-06	CGGGGCCCGGGGGCGGCGCGCGGCGGGGG	CGGGCCCCGGCGGCGGCGCGCGGCCGGGG	4763550	4763849	4763850	4763620	4763648	201	4792557	4792856	4792558	4792685	4792713	143	58
LigP_136848357_136862186	upstream_LG	downstream_LG	32	84.375	88	119	201	232	0.004	GCCGGGGGGGCGGGGGGCCCGGGCGGGGGGGG	GCCGGGGGGGGGCGGCGCCGGGGGGGGGGGGG	136848058	136848357	136848358	136848146	136848177	180	136862186	136862485	136862187	136862387	136862418	67	113
LigP_4769262_4792524	upstream_LG	downstream_LG	32	84.375	165	196	238	269	0.004	GCGCCCCCGGCGCCCCCCGGCCGGCCCGGGCG	GCGCCCCCGCCGGCCCCCGCCGGGGCCGGGCG	4768963	4769262	4769263	4769128	4769159	103	4792524	4792823	4792525	4792762	4792793	30	73
LigP_4697198_4984596	upstream_LG	downstream_LG	41	85.366	169	209	47	87	4.34e-06	CGCCCGCGGCCCGGCCCCCCCCCCCGCGGGCGCGCCGGGCC	CGCCCCCGGCCCCCCCCCCCGCCCCCCGGGCGCGGCGGGCC	4696899	4697198	4697199	4697068	4697108	90	4984596	4984895	4984597	4984643	4984683	212	122
LigP_35754324_35756850	upstream_LG	downstream_LG	39	84.615	144	182	124	162	6.78e-05	GCCCGGCCGCCCCGGCCCCGGCCCCCCGGCCCCGCCCCG	GCCCGGCGGGCCCGGCCCCCGCCGCCCGCCCCCCCCCCG	35754025	35754324	35754325	35754169	35754207	117	35756850	35757149	35756851	35756974	35757012	137	20
LigP_134068503_134135795	upstream_LG	downstream_LG	40	85.0	29	68	239	278	1.72e-05	GCGCGCGGGGGCGGGGCCCGGCGCCCGCCCGGCGGGGCGG	GCGCGCGGGGGGGGGGGGCGGCGCCCGGGGGGCGGGGCGG	134068204	134068503	134068504	134068233	134068272	231	134135795	134136094	134135796	134136034	134136073	21	210
LigP_137437210_137437977	upstream_LG	downstream_LG	33	84.848	191	223	75	107	0.001	CCGGGGCCGCGGCCCCCGCGGCCGCCCCCCGCG	CCGGGGCCGCGCCCGGCGCGGGCCCCCCCCGCG	137436911	137437210	137437211	137437102	137437134	76	137437977	137438276	137437978	137438052	137438084	192	116
LigP_137314593_137315597	upstream_LG	downstream_LG	47	85.106	83	129	189	235	2.78e-07	CGGGGGCGGCGCCGGGGCGGGCGGGGGGCCGGGCCCCCGGCCCCCGG	CGGGGGCGGCCCGGGCCCGGGCGGGGGGCGGGGCCCGGGGCCCCCGG	137314294	137314593	137314594	137314377	137314423	170	137315597	137315896	137315598	137315786	137315832	64	106
LigP_61651185_65581891	upstream_LG	downstream_LG	31	83.871	66	96	22	52	0.017	GGCGGCCCCGCCGCGGCGCCCCCGCCCCCCC	GGCGGCCGCCCCGGGGCCCCCCCCCCCCCCC	61650886	61651185	61651186	61650952	61650982	203	65581891	65582190	65581892	65581913	65581943	247	44
LigP_128063376_128103458	upstream_LG	downstream_LG	34	82.353	156	189	180	213	0.065	GGGCGGGGGGGGCGCGGGCCCGGGCCCCGGGGGC	GGGCGGCGCGGGCCCGGCCCGGGGCCCCCGGGGC	128063077	128063376	128063377	128063233	128063266	110	128103458	128103757	128103459	128103638	128103671	86	24
LigP_137314598_137315053	upstream_LG	downstream_LG	37	83.784	115	151	120	156	0.001	CGGCCCCCGGGGGGGCGCGCGCGGCCGGGGGCGGCGG	CGGCCCGCGCGGGGGGGCGCCGGGCCGGGGGGGGCGG	137314299	137314598	137314599	137314414	137314450	148	137315053	137315352	137315054	137315173	137315209	143	5
LigP_68705578_68998414	upstream_LG	downstream_LG	36	88.889	151	186	50	85	7.04e-08	GGGGGGCCGGCGGGGGGGGGGGGGGGGGGCGGGGGC	GGGGGGCCCGGGGGGGCGGGGGGGGGGGGGGGGGGC	68705279	68705578	68705579	68705430	68705465	113	68998414	68998713	68998415	68998464	68998499	214	101
LigP_136947553_137169100	upstream_LG	downstream_LG	44	81.818	197	240	40	83	0.004	CCGGGGCGGCCCCCGGGCCGGGGCCGGGGGGCCGGGGGCCCGGC	CCGGGGCGGCGCCCCGCGCGCGGCCGGGGCGCCCGGCGCCCGGC	136947254	136947553	136947554	136947451	136947494	59	137169100	137169399	137169101	137169140	137169183	216	157
LigP_4792900_4985107	upstream_LG	downstream_LG	30	86.667	59	88	142	171	0.000268	CCCCCCGGCCGCCCCCCCGCGCCCCCCCCG	CCCCCCGCCCCCCCCCCCCCCCCCCCCCCG	4792601	4792900	4792901	4792660	4792689	211	4985107	4985406	4985108	4985249	4985278	128	83
LigP_113907754_113909376	upstream_LG	downstream_LG	31	90.323	53	83	5	35	2.78e-07	CGGGGCCCCCCGGGCCCCGCCCCCCCCCGCC	CGGGGCCGCCCGGCCCCCCCCCCCCCCCGCC	113907455	113907754	113907755	113907508	113907538	216	113909376	113909675	113909377	113909381	113909411	264	48
LigP_133163663_133163683	upstream_LG	downstream_LG	39	87.179	145	183	199	237	2.78e-07	CCCCCCCCCCCCCCCCCGGGGCCCCGGCCCCCCCGCCCG	CCCCCCCCCCCCCCGCCCGGCCCGCGGCCCCGCCGCCCG	133163364	133163663	133163664	133163509	133163547	116	133163683	133163982	133163684	133163882	133163920	62	54
LigP_133147948_133163686	upstream_LG	downstream_LG	31	83.871	264	294	203	233	0.017	CCCCCCCGCCCCGGCCGGGGCGGCGGCCCCG	CCCCCCCCCCCCCGCCCGGCCCGCGGCCCCG	133147649	133147948	133147949	133147913	133147943	5	133163686	133163985	133163687	133163889	133163919	66	61
LigP_4877663_4984486	upstream_LG	downstream_LG	29	86.207	99	127	260	288	0.001	CGGCCCGCGCGGGCCGCCCGCCCGGCGCG	CGGCCCGCCCCGGCCGGCCCCCCGGCGCG	4877364	4877663	4877664	4877463	4877491	172	4984486	4984785	4984487	4984746	4984774	11	161
LigP_97985100_97985438	upstream_LG	downstream_LG	29	82.759	208	236	169	197	0.26	GCCCGCGGGGGCCGCCCCGCCCGCCCCCC	GCCCCCGGGGGCCCGCGCGCGCGCCCCCC	97984801	97985100	97985101	97985009	97985037	63	97985438	97985737	97985439	97985607	97985635	102	39
LigP_134034914_134035774	upstream_LG	downstream_LG	36	88.889	252	287	54	89	7.04e-08	GGGCCGGCGGGGCGGGGGCCGGGGCCGCGCCCGGGC	GGGCCGGCGGGCCCGGGGCCGGGCCCGGGCCCGGGC	134034615	134034914	134034915	134034867	134034902	12	134035774	134036073	134035775	134035828	134035863	210	198
LigP_4792867_4793127	upstream_LG	downstream_LG	30	86.667	13	42	209	238	0.000268	CGGCCCGCCGCCCCCCCCCGCCGCCGCGCC	CGGCGCGCCGCCCGCCCCCCCCGGCGCGCC	4792568	4792867	4792868	4792581	4792610	257	4793127	4793426	4793128	4793336	4793365	61	196
LigP_4792204_4792587	upstream_LG	downstream_LG	30	90.0	186	215	1	30	1.1e-06	GCCCCCCCGCGCGGGGCCGGGGGGGGGCGG	GCCCCCCGGCGCGGCGGCGGGGGGGGGCGG	4791905	4792204	4792205	4792091	4792120	84	4792587	4792886	4792588	4792588	4792617	269	185
LigP_83817815_83903985	upstream_LG	downstream_LG	36	86.111	77	112	57	92	1.72e-05	CGGCCGCGCCGGGCGCCGGGGCCGGCCCGGGCCGGG	CGGCCGCGCCGGGCCCCGGCGGGGGCCCGGCCCGGG	83817516	83817815	83817816	83817593	83817628	187	83903985	83904284	83903986	83904042	83904077	207	20
LigP_4792960_4793451	upstream_LG	downstream_LG	39	84.615	237	275	117	155	6.78e-05	CCCGCCCCCCCCCGGCCCGGCGCCCGGCCCCCCCGCCCC	CCCGCCGCGCCCCGGCCCGGCGGGCCGCCCCCCCCCCCC	4792661	4792960	4792961	4792898	4792936	24	4793451	4793750	4793452	4793568	4793606	144	120
LigP_4984857_4984927	upstream_LG	downstream_LG	34	91.176	221	254	15	48	4.51e-09	CGGCCGCCCCCCCGGGGGGCGGCGGCCGCGCGCG	CGGCCGCCCCCCGGGGGGCCGGCGGGCGCGCGCG	4984558	4984857	4984858	4984779	4984812	45	4984927	4985226	4984928	4984942	4984975	251	206
LigP_4792660_4794286	upstream_LG	downstream_LG	37	86.486	104	140	110	146	4.34e-06	CCGGCCCCCGCCGCCCCCCCCGGCGGGGGGGGGGGGG	CCGGCCCCCCCGGCGCCCCCGGGCGGCGGGGGGGGGG	4792361	4792660	4792661	4792465	4792501	159	4794286	4794585	4794287	4794396	4794432	153	6
