LigP_ID	query_ID	subject_ID	length	perc_id	q_start	q_end	s_start	s_end	evalue	q_seq	s_seq	start_harbor	end_harbor	end_LG1	start_homolog1	end_homolog1	LG1_distance	start_harbor2	end_harbor2	end_LG2	start_homolog2	end_homolog2	LG2_distance	Ligshift
LigP_18353914_18354419	upstream_LG	downstream_LG	37	83.784	42	78	256	292	0.001	CGGGGGGCGGGCGGCCCCGGGCGGGGGCCCGCGGGCG	CGGGGCGCGCGCGGCCCCGCGCGCGGCCCCCCGGGCG	18353615	18353914	18353915	18353657	18353693	221	18354419	18354718	18354420	18354675	18354711	7	214
LigP_18353791_18354419	upstream_LG	downstream_LG	33	81.818	251	283	198	230	0.26	GCCGGCCCGGGGGGCCGCCCGCGCGCGGCCCCG	GCCGGCCCGCGCGGCCGGCGGGGCGGGGCCCCG	18353492	18353791	18353792	18353743	18353775	16	18354419	18354718	18354420	18354617	18354649	69	53
LigP_129932694_129934676	upstream_LG	downstream_LG	33	93.939	41	73	198	230	7.31e-11	CCCCCCCCCGCGGCCCCGCCCCCGCCCCCCGCG	CCCCCCCGCGCGGCCCCGGCCCCGCCCCCCGCG	129932395	129932694	129932695	129932436	129932468	226	129934676	129934975	129934677	129934874	129934906	69	157
LigP_46836726_48508716	upstream_LG	downstream_LG	50	88.0	27	76	170	219	1.85e-11	CCGGCCGGGCGGCGGGGGGGCGGCGGGGGGGGCGGCGGGGGGGGGGGGGG	CCGGCGGGGGGGCGGGGGGGGGGCGGGGGCGGGGGCGCGGGGGGGGGGGG	46836427	46836726	46836727	46836454	46836503	223	48508716	48509015	48508717	48508886	48508935	80	143
LigP_130171757_130173060	upstream_LG	downstream_LG	30	83.333	163	192	127	156	0.065	CGCCCCCCCCCCCCCGGGGCCCCCCCCCCC	CGCCCCCGCCGCGCCGGGCCCCCGCCCCCC	130171458	130171757	130171758	130171621	130171650	107	130173060	130173359	130173061	130173187	130173216	143	36
LigP_72143975_72146345	upstream_LG	downstream_LG	34	82.353	83	116	155	188	0.065	CCCGGGCGCCCCCGCGCCCCCGCGCCCGCGGGCC	CCCGGGCCCCCCCCCCGCCCCGCCCCCGGGGGCC	72143676	72143975	72143976	72143759	72143792	183	72146345	72146644	72146346	72146500	72146533	111	72
LigP_1454313_49862419	upstream_LG	downstream_LG	31	93.548	76	106	42	72	1.14e-09	GGGGGGGCGGGGGGGCGGGCGGGGGGGGGGC	GGGGGGGCGGGGGGGCGGGGGCGGGGGGGGC	1454014	1454313	1454314	1454090	1454120	193	49862419	49862718	49862420	49862461	49862491	227	34
LigP_40096247_40153338	upstream_LG	downstream_LG	29	89.655	225	253	19	47	4.34e-06	CCCGCCGCGCGCCCCCCGGGCGGGGCCGG	CCCGCCGGGCGGCCGCCGGGCGGGGCCGG	40095948	40096247	40096248	40096173	40096201	46	40153338	40153637	40153339	40153357	40153385	252	206
LigP_153588190_153588272	upstream_LG	downstream_LG	40	82.5	251	290	125	164	0.004	CCGGCCCGCCCGCCGGGGGCGCGGCCCCCGCCGCCGCCCG	CCGGGCCGGCCGCCGGCGGCGCCGCGCCCGGCCCCGCCCG	153587891	153588190	153588191	153588142	153588181	9	153588272	153588571	153588273	153588397	153588436	135	126
LigP_37678418_37679765	upstream_LG	downstream_LG	33	81.818	196	228	5	37	0.26	CCCGCCCGGCCGCCCGGCCCGCCCCCCCCCCCC	CCCGCCCCCCCGCCCGCCCCCCCGCCCGCCCCC	37678119	37678418	37678419	37678315	37678347	71	37679765	37680064	37679766	37679770	37679802	262	191
LigP_72129895_72152814	upstream_LG	downstream_LG	32	84.375	89	120	219	250	0.004	CCCGGGGCCCCGCGGGCCCCCCCCGGGCCCCG	CCCGGGGCGCCGGGGGCGCGCCCCCGGCCCCG	72129596	72129895	72129896	72129685	72129716	179	72152814	72153113	72152815	72153033	72153064	49	130
LigP_110002870_110065179	upstream_LG	downstream_LG	38	81.579	208	245	174	211	0.065	CGGGGCCCCGGGGGGCGCGGCGGCCGGCCCCCGGGGCC	CGGGGCCGCCGGGGCCGCGCCGGCGGCCCCCCCGGGCC	110002571	110002870	110002871	110002779	110002816	54	110065179	110065478	110065180	110065353	110065390	88	34
LigP_49164230_49166166	upstream_LG	downstream_LG	36	83.333	74	109	231	266	0.004	GGCCGGCGGCCGCCGCCCCGCCCCGGGCGGGGCCGG	GGCCGGCGGGCCCCGCGCCGCCGGGGGCGGGCCCGG	49163931	49164230	49164231	49164005	49164040	190	49166166	49166465	49166167	49166397	49166432	33	157
LigP_48892104_48905054	upstream_LG	downstream_LG	34	85.294	160	193	27	60	0.000268	GGGCGCGCGCCCGGCGCCGCCGCCGCGGCGCCCG	GGGCGCGCGCCCGCCGCCCGGGGCGCGGCGCCCG	48891805	48892104	48892105	48891965	48891998	106	48905054	48905353	48905055	48905081	48905114	239	133
LigP_19545153_41334294	upstream_LG	downstream_LG	37	86.486	203	239	37	73	4.34e-06	CCGCCCGCCGCGCCGGGCCCCCGGGGGGGCCCGCGCG	CCGCCGGCCGGGCCGGGCCGGGGGGGGGGCCCGCGCG	19544854	19545153	19545154	19545057	19545093	60	41334294	41334593	41334295	41334331	41334367	226	166
LigP_7148273_16619998	upstream_LG	downstream_LG	33	87.879	140	172	153	185	4.34e-06	CGGCGGCGCCCCCCGGGCCCGGGCGGGGGCGGG	CGGCGGCGCCCGCGGGGCCCGGGGGGGGCCGGG	7147974	7148273	7148274	7148114	7148146	127	16619998	16620297	16619999	16620151	16620183	114	13
LigP_387169_20495968	upstream_LG	downstream_LG	31	83.871	189	219	225	255	0.017	GGCCGGGCGGCCGCGGCGGGGGCGGGGGGGG	GGCCGCGCGGCCGGGCCGGGGGGGGGCGGGG	386870	387169	387170	387059	387089	80	20495968	20496267	20495969	20496193	20496223	44	36
